1
2
5
4
3235
4,3236
3
7
356,1210
1211
1192
9
1601
2584,1869
2583
12
4461,11
14
15
17
18
19
3584,3591,3587,3589,3588,2998
25,26
2304,4225
30
34
34,984
35
36
37
41,39
1466
41
1268
2542,38
40
47
48
49
4486
51
52
53
55
56
58
59
60
61
62
63
64
3829
3861,64
64,3869
2039,2153
63,2153
2158,63,2039
66
67
2158,1338,1679,2153
68
69
70
71
76
499
77
78
81
82
85,83
86
1251
87
88
90,93,91
92
2207,94
3951,94
94
89,94
96,98
99
100,107
101
103
106
354
108
2017,109
114,111,115
110
116,119,120
117
1529
121
125
127,125
4504,123
121
125
110
1366
127
127
129
133
134
135
134,135
136
136
1615,139
142
142
143
144
3281,144
141
145,3282
147
148
152
153
155
156,158
157
161,162,160
3571
159
163
164,165
171,170,167
1540
4381
172
173
1132,1653
177
180
181
695,432,181
187
372
189
190
191
192
193
194
195
196
197
198
3006
200
368,201
204
3788,4438,3804,3906,3670,4490,3738,3756
205
206
207
832,206
209
215
217
217
220,221
2072
2673
222
223
226
1380,228
230
231
232
232
1692
240,235,237,238,239,80,79,236
242,243
243
244
245
248
249
249
251
3067
252,253,254
255
258
4453,3696
262
260
259,261
265,260
266,260
3642,263
258
266
258
266
271
269
270
271
272
152,269,1375,1666,694
268
268
274
278
279
281
284
297,295,296
1113
1154
287
3020
3966
289,293
287
290
289
288
4296
335,2414
291
3949
288
288
287
294
1081,3969
1487,1731
1487,1084,3970
307,310
298
298
3020
3966
305
298
301
300
4296
303
1352,302
4284
3949,298
299
299
299
298
306
308,309
311,312
322,323
1154
1155,313
313
313
315,320
313
316,2414
315
4296
318
1352
317
3949
314
314
314
4129,313
321
1487,3957
1100,3958
325,326
1708,3948
1487,1103,3948
324
324
3020
3966
333
3959
329
1352
327
331
328
332
331
324
2587,327
4296
4129
334
291
1193
2874
3950
337
776,337
3010,776
3650,3950
4234,3650
338,2404
3016,337
337
2585,1870
339
339
1601
1649
2401,339
3108
4129
3959
339
4315
339
340
341,770
1214
431
1954
342
2347,3620
2355,2353
2326,755
2852
379,337
2851
233,337
337
2440
2614
337
3944
3959
337,3959
345,2704
2762
1583,1581,1582
84,348
84,3935
348
348
1583
82,349
4153,84
350
861,2243,860,2244
351
1341,1342,1358
353
354
2207,103
354,3951
355
357
358
151,150
359
3907,3730,211
370
3700,3757,2398,3674,3150,154,421,3004,3765,4416,4439,3768,1888
186,185,183,184
906,2172,2187
3602
382
383
384
387
388
389
3387
390
391
392
393
395
398
407,2205
1154,400
400
2415,400
2440
3020,400
400
4229
401
2587
400,4230
400,4271
402
399
403
3947,404
405
4313
406
593
407,1968
408
408
4255
1965
4257
409
412,410
979,929,391,1472
414
416
419
3940,415
3940,418,3595
3040,416
3940,415,418,3916,3595
1539
3404
3405
417
422,2541
425
3602,425
380
428
1726
431
432
2727,3036,432
575
1753,589,497,798
376,1016,758,777,448,3697,785,1517,1819,369,787,140,373,2605,781,786,277,366,2232,374,1017,765,769,367,377,1391,772,362,378,3687,1177,3163,2652,365,3391,2608,2606,3389,2651,3171,2629,3593,3161
1372,2082
2083,1373
442
445
397,396
445,446
2006
2992,450
449
453
453
455
456
457
461
459
462
460,459
461
3739,3761,3758
466
465
468
468
3740
3763
471
471
755
473
474
476
476,473
1720
479
480
3232
482
486
3434
487
488
3742,3744,3686
489,488
755
491
491
494
494,438
494,1345
495
1390
3104
496
698
525,507,515,529,526,518,511,524
500
501
502
501
505
506
508
544,508
510
512
520,517
512
516
520
521,523
528
531
532
2236,1136,1246
929,2467,533,1005,1006
2236,1421,532
532
4035,532
531
2096,535
536
543,538,554
539
541
522
513
543
549,548,545
528,546
550
550
552
514
554
554
556
556
558
559
559
560
561
562
562
563
566,564
568
569
570
220,221,491
2442,2314,2307,581,582,2321,2313,2312,384,2302,1835,1596,1595,1119,1120,1121,2310,587,585,584,1125,1124,583,3541
1727
570
579
570
574,571
1380,570
575
2664,577,578
2306
2309
572,575
575,573
575
575
2402,3527
2402,3527,3539,575
2402,4265,3539,3009,575
585,584
588
588
591,698
590,1595,1879
592
592,1964
592,1963
594
594
2009,595
530,596
598,599
599
599
601
602
603
608
609
610
611
612
613
467
2696,470
618,617
620
621
622
623
624
624
625
626
628
632,643,640
4489,4371,3643,3608,4417,4398,3705,3908,3787,3656,4406,4450,4452,4428,1972,3767,3719,3629,3690,3819
279
634
636
3716,3643,3714,3777
636
638
637
641
3910,4460
642,641
644
645
645,1574
3012,3013
649
650
599
651
929,982
655
656
657
658
659
660
3723,3893
663,662
661,664
767,664
666
2102
666
667
668
669
672
673
673
675
3424
675,3425,3426
678
678
679,683
676,681
684
677
685
685
685,927,833
687,3496
3977
688
2704
691
692
693
694
695
695
698
273
698
3115
3976
699
699
703,704
701
979
3085,1874,929,3437,702,2035
705
1710,2727,707
709
710
710
715
716
717
718
725
1579
726
728
2481,720,719,712,723,722,721,1579
728,729
731
714,713,724
732
734,741
735
737
737,717
739
718
742
743
744
744
748
656,3315
749
3892,4382,4497
751
750,749
749
753
1801
755
475
756
477,478
757
2718,2717
794,755,759
2496,2497
760,2495
35,131
773
179,775
2363,2364
2366,2367
778
3054,3121,2682,3122,3053
788
790
791
793
794
3375
795,755,4005
795
796
796
2491,4017,4036,4210,4018,4212,4208
4189,4017,4184,4036,4018,4182,4183
4189,4187,4186,4184,4188,4185,4183
2373
800
801
805
810
808
809
811
813
814
815
816
817
821,1639,825
1640,1645,822,826
823,827,1641,1646
1647,1642,824,828
821
821
821
821
825
2101
2104
2112
2118
829,1643
830
831
2102
832
833
835
837
849,840
790
843
4368,3821,4410,4420,4396,4432,4362,3657,4361,4456,4370,4442,3636,3752,3648,3718,4400,3772,3904,3628,3753,4498,3805,3694,3683,3677,3635
843
844
848,845
846
852
1607
857
855
855,1426
856
793
854
708
854
859
862
3258
3276
3247,868
867
870
871
979,871
872
873
875
876
877
878
881
879
3903,879
878
4418
874,872
883
884
885
886,1592
888
928
644,889
3944,892
430,974,1402,888,3257,932,208
910
3955,4283,3447,890
3955,4284,3447
2587,891
3955
4286
892
892
494
892
893,3465
4294
1351
892
1355
2415
2587,894
1357,892
2440
892
895
3955,4283
946,945,933,896
897
4283,1345,890
3955,4283,1345,890
2402,946,945,933
2402,899,933,3993
3955,4283,945,933,3450,890
909
903
2077,904
438,898
438
908
1350
907,2414
1346
2620
909
909
909
911
912
911
911,912,2008
4035,912
912,916,919
918,915
917,915
911
207
911,2548
915
920
921
923
925
926
929
929,2032
931
933
934
934,942
934,943
3967
689
1227
935,2406
2433
3129
3981
3017
4243,936
1346
937,1347
1349
935
4231
938
4239
934,3968
939
3734,3736,3735,4358,3823,3737,3704
941
940,1648,1808
944,3123
946
901,2170,2184
972,947,1489
569,972,948
569,972,949
569,1489,950
951
951,2871
953,954
955
957,963
952,967,968
3569
952
2179,900
2169
964,958
960
1924
961
959,965
966
968
198
979
969
969,955
2396
1967
3087
968
3179
1255
970
3567
3580
4302
971
972
979,996,986
3743,3715,4447
4436,3760,3647,4401,3691
983
866,976
2030
980
976
2397
977
978,989
979,2274
929,2189,1136,985,1246
2564,3344,1490,976
270
990
2034
3232
980
800,992
481,991
3773,994
929,981
995,2564,3344
997,987
1007,1008
999
1000
976
1488,1001
1004,1001
1002
2405,1003
1967
1004
3928
979,1133
989
4251,3017
998
1002
1946
1004,1947
1011
1012,1013
1015
1518,3097,783,3393
1196
1025
3638
1027
1028
1029
1030
1031
1033
1036
1034
1035
1033
486
1037
1038
1039
1042,2727,3036,706
1043
1044
1047
2607,2248,799,2759
1048
1050
452,435,3525,1413,1516
1051
1053
452,435,3525,1413
1053
1056
2248,2315,924,2630,804,146,1943,1266,3133,850,838,16,54,930
1056
1064
1060,1068,1074,1065
1731,1083
1069
1078
1077,1066
1079
1487,1080
1059,1060,1070,1065
1082
1487,1083
1067,1076,1073,1075,1065,1072,1071,1062,1383
1082
999,3284,3775,3676,1477
3676,2540,1474
1085,1088
1086,1089
1087
1059,1068,1074,1070
1093,1090
1091,1094
1092
1059,1067,1076,1073,1075,1065,1072,1063,1071,1062,1061,1383
1095
1487,1097,1096
1067,1076,1075,1063,1062
1098
1487,1099
1059,1067,1076,1075,1065,1072,1071,1062,1061,1383
1101
1487,1103,1102
1059,1067,1076,1064,1075,1065,1063,1071,1062,1061,1383
1487,1708,1101
1104
3101,1105
1060,1068,1070,1075
1105,1106
1109
1109
1110
1111
1112,1114,1115
1116
1117
1118
1119
1120
1121
1128,1126
1129,1127
4451,3801,420,1162,1734,1735,1752
1130
1131
3937,3111,1131
1134,1654
1136
1137
839
1138
1138,1139,1140
1139
1141
1142
1142
1144
1805,2979,176,519,1916,199
1145
1147
1425,176
1148
1150,1152
1151
1153
1154
1155
1157
1182
1159
1161
1163
1164
1166
2878,1169,1173
1171
1172
1178
1040
1638,1627
615,1156
1183
1176,1172,1175,1173
1185,3564
24
340
1205
1187
1252,1187,2738
1188
1188,3107
1252,1216
2737
1252,1284
1380
1190
3107
4287
1252,2745
2745
1252,1282
1191
1380
1192
4287
1216
1220
3609
1197
1380,1217
2273,1198
1199
2645
1201
1521,1522
1380,1280
1204,1208
1205
223,1206
1207
1281
1252
356,1188
1283
1214
1214,1367
1380
1216
1214,2405
1214,3372
1287
1287
1219
1216
1225,1221
1223
1222,2305
1224
570,1224
2407
2435
222,1209
1227
1228
1228
1229
1230,1233
1229,1231
1229,1234
2468,2490
1237
1241,1238,1242
1239
1243
1244
1245
1246
1247
1248
753
1250,413
1252
1253
1254
1255
1256
1258
1259
1259
1261
1262
1263
1264
1263
1267
1268
1273
1267,1272
2222
3154
1270
1271
1271
1270
3154
1273
3154,1269
1189,1200
1276,1200
1277
1247
1279
1285
1286,2339
1288
1289,1291
1292
3728,4405
3796,3664,4459,3769,3774,3895
3707,3681,3604,3762
1296
1290
1290
1293,1292
1294,1292
1295,1292
614,1300
1302
1303
1304
1304
1816
3233
3576,135,446,443,3184,3188,3186,2266,262,505,503,879,2217,1701,2138,1418,2647,1416,2649,633,112,1478,1506,1299,2253,2565,3233,2556,2275,1047,1056,753,1790,1144,749,1316,2278,1781,2288,2293,1779,2276,1775,2539,488,1335,1050,1893,1053,1330,3365,2143,4336,3445,1369,1313,1262,1865,2087,2089
751,1276,266,1860,1950,127,125,121,841,1481,1511,3401,1768,3381,1157,2552,2568,2559,2278,104,618,468,1277,1261,2989,1264,680,168,3516,94,2572,1330,1304,2143,2916,2918,784
1306
1004
1306,1527
1306
1308
1309
1311
1313
1313
1315
1555
1316
1801
3427
1319
1320
1320
2015,1319
1323
19
1325
1325
1326
1326
1328
2535
1330
3602
1335
436
1335
1338
1339,1340
1343
1343
1345
1345
3074
3933
4234
4242
4291
3470
3942
4291
1345
1353
1350
2401
1346,1398
3965
4277
4278
1344
1348
4130
1358
1359
1360
979,2233,1360
2034,2166,3597,1361
1362
1362
979,929,1359
1364
1365
1365,130,1368
1365
1367
1371
1739,1370
1374
1375
269
1380
1381
1382
1383
505
23
1386
1387
1388
1389
3975,1354
1394
1395
1396
1397
1399
1400
1401
1402
1402
1403
4293
1787,1404,1771
1404,1771,4281
1405
1741
1407
45,2019
1408
1410
46
1411,1410
1414
1415
1416
1416,1414
1418
1415
1421
1426
1427
1428
1427
1429
1430
1432,1436
1437,1435
1432
1433
1434
1435
1436
1437
1444,1443
1438,1880
1439
371,1445
1446
648,1447
1448
1449
1462
1462
1227
1450,1451
1227,1462
1346
1453
1454
2578
1462
2699,3074,1462
1462
3127,1462
3337
3339
1456
1457
1462
1458
4286
1459
1455,1452
686,1460
1461
210,1256
2704
1460
1460
1442
1440
1441
1464
1465,2544,423
1467
1468
931
2581,1469
1471
1474
1477
1478
3755,4443,4362,4456,3636,4400,3772,3904,3753,4498,3805,3694,3683,4397,4441,3890,4413,3637,3635,3802,4372,3682,3820,3711,3722,3625,3646,4458,3891,3701,4457,3746,3702,3791,4444,3689,3680,3733,3776,3653,3719,3629
1479,1478
1478
1481
647,4403,3902,3745
1482
1481
1484
1533
4372
1485
1533
1487
1495
1494,1493
1488
1493
249,1492,1110,2397
1491,1489
1493
1495
1496
4360,4442,3636,4400,3904,4498,3635,3662,3729,3665,4499,3631,3896,4492,3668,3751,4494,4411,4433,3759,3800,3750
4369,4368,4500,3821,3755,4373,3790,4443,4496,4410,4420,3781,3772,3683
52
1498
1497,1496
1499,1502,1503,1504,1513
52,1500
1505,1509,1508
1506
1514,1510,1515
1511
2625
1222,1212
1210
1215
1222
1222,1218
43
629
811
1310,1531
1309
1531
3024
1532,424
603,2541
1243,1532,2541
1464
1533
1534
1423,1424
1537
3047,3046
1538
1538
1540
1541
788,1542
1543,1549
1544,1550
929,1807,1545
1551,1546
1552,1547
625,2009,1548,915
1553
1556,1557
3384,1554
1569,1563
1566
4251,1564
1565
1565
1603
1604
1565
3997
1568
1570
1843
1571
2546
1572
646
1575
3914,1575
4144,1575
1576
1577
1600,3353,1578
3407,4296
1579
1589
1590
1537,1591
1014,887
1597,1596
1594
1598
1601
1601
1606,1601
1605
1621
1607
1610
1611
1613
1537,1614
2056,2055
50,42
1586
1617,1618
3963
3017
1621
3786
1632
4218,1608
1608
1623,782
1624,1181
3017
3747,1122,3524
1622,4295
3386
1609,1612
1959
1639
2093
2111
2112
2118,1639
1644
1644
1644
2112
1648
2997
1649
1650
1650
2548
1651
1652
1657
1660
1662
2848
3447
1664
1666
1670
1670
1671
1671,4154
1672
1674
1676
1677
1678
1681,1682,1680
1683
1684
979,1684
2239
979,1683,1686
979,1685
1687
1688
1689
1690
3565
1693
1698
1699
1699,3886
1700
1701
1701,1700
1703
4409
1703
4415
4462,1704
4464,1703
1705
1706
1707
1708
2239
1712,1717
1711,1716
1719
1720
1721
1722
3861
1724
812,1723
1725
1727
1729,1709
567,1821,2698,2486,2449,3579,2470,864,1580,604,3002,3031,606,653,3032,1695,2729,1694,1855,3003,138,605,3192,2299,973,654,3601,2700,1697,2041,2042,1696,652,2220,655,3088,381,498,1718,774,1958,2242,2930,434,2880
808,575
4051,575
1732,1069
1733
1736
1737
1738
1739
1740
1741
1742
1743
1744
1745
1746
1635,1634,1626,1636,1637
1635,1633,1636,1637
1750,1751
4002
1756
1757
1760
1761,1757
4000,1757
1758
3005,1602
4234,3005,1758
2587
1758
1758,3127
3129
4296
4309
1758,4132
1759
1765,1763,1764
1768
1768
1769
1769
1770
1771
1772
3144,1902
3965,3007
1773
1780,1774,1778,1777
1775
1779
1781
1782
1783
1785
1787
1788
1789,1792
1788
1797
1796,1795,1794
3263
3263,1747
1798
3263
1798,1793
1180,1799
1800,1803,1802
2870,3014,2722
1804
1807
1809,72,73,74
631,2092,607,1160,1363
1812
2169,2180,2182
113
1202,1813
1203,1813
1393,1406,3153,1412,1409,3226,1324,551,542,540,547,553,557,711,730,740,727,733,1307,736,2270,188,447,2231,3167,2228,458,2226,1240,137,639,118,847,1486,1501,2562,1317,1146,2262,2554,2282,2284,2286,2291,102,2975,1776,1953,665,1232,490,1143,738,1149,3195,3198,454,2922,2925,1322,1327,1329,555,1321,509,527,1866,2264,2088,2090
1814,1523
1524
1249,1392,3577,447,444,3185,3187,3189,2267,264,504,880,2218,1702,2650,1417,1419,2139,3392,3403,113,635,1480,1507,1298,2557,3234,2567,1049,1058,754,1791,1146,2279,2289,2294,2292,2287,2277,2295,1318,1776,2298,1951,1337,490,1055,1052,1894,3364,1331,2144,2532,4337,3446,1384,1314,352,1866,2088,752,1297,2090
1525
1526,1815
1249,1275,1907,2462,124,842,1483,1512,3402,1158,1766,3382,2569,267,2560,2555,2279,105,469,360,2990,1278,95,682,169,3517,1265,619,1260,2574,1331,2144,2917,1305,2920,784,126,128
1528
1530
110
52,1739,249,108,1394,279,110,1533,2393,2390,3385,1048,1057,1801,1788,3427,1773,2297,2627,1336,1054,1051,3602,755,1738,3619,445,1248,3574,134,442,3180,3181,3182,2265,258,501,882,2214,1700,2648,2136,1415,1414,351,1892,1145,3357,2528,2142,3443,1245,1290,2456,2084,2085
52,249,790,110,1533,2378,2394,2390,2389,440,3602,354,1248,1182,3766,3395,3815,258,1906,2461,1263,617,466,2988,97,1259,1540,89,675,3514,1247,2573,2142,2938,2919,3394
2251,2250,2252,2763
1822
1822
1824
1827,1826,1828
1829
1832,1834,1833
1831
1835
1836
1854,1841
1837
1839
1840
1838,1848
1842
1843
1846
1844
1845
1844
536,1844
1844
1847
1849
1850,1851
1852
1853
1853
1840
1857
1860
1867,1864
1865
1868
147
149
1868
1871
1872
1873
1872
1874
1875,1876
1877
1878
1879
1880
1880
1880,3459
1884,1885
1885,1887
1889
1890
1961
1892
1893
1893
1896
1897,1898
1900
1901
463,464
1903,1904
2460,2463,2466
1906
1911,1912
1909,3943
1910
1909,1915
1913,1914
1918
2762,3812
1922
1923
1924
1925
1926
2856,1926,988
1926
2857,1926,988
1927
1928
2237,1929
1931
1472,1929
1930
979,2238
2234
979,780,1928,1135
2235
979,929,2034,1472
979,2233
1932
1934
1933,148
1934
1935
1936
1939
1940
1941
473
1945
1949
1948
1967,2405,1010
1861,1863,1862,1859
2627
1919,1920
1896,1952
1954
1957
1730
1960
234,1019,286
1019,3532
234,1019
2485,2487
1963
1963
1965
1966
1967
1971
1996,1997,1998,1999,2000,2001,2002,2003,2004
1973,1974
1974
630
1983
1985
2878,1985
1985,4346
1784,1167
1994
1784,4472,1983
1784,4472,3599
1172
2928,3467
1969,1820
2007
2009
2010
2010,914
2011
2012
2013
2014
2015
2016
2018
2512
2020,2021,2023
2026
2030
2030,65
2033
2034
2034
2038,2036
2037,3230,1424
2037,1420
2043
2044
1226,451
2045
2046
2047
2048
2049
2077
2050
2051
3353,2055
2052
2053
761,4068
2054,2731
1599
2064
1824,3816
3816
2058,3354
2061
3353,3816,4010
2059
1573,2060
3353,2615,3816,4010
2518
4011,3106,3816,1668
1937,4010
2062
2063
3816
3816
2065,2506
3816
2065
2066
2067
2068
2069
2910
2070
2908,2071
2073
2074
2074
2074
2018
2726,3067
2076
2077
2077
2078
2078,3183
4097
2080
2081
3883
2084
2085
2086,2089
2085
2089
2084
2091
2104,2118,2112
2098,29
2075,673,1825,2327
597
2094
2094
2094,1431
1928
2094
2096
2096
2097
2097
2097,3846
3874
3879
2099
2094,2105,2119
2100
2094
2093
2093,817
2093
851
2102
2221,1607
2109,28
2076,1825,2726
1043
1428
2105
4035,2105,1382
818,2108,3447
2106
2107
2107
2110
2104,1184
2116,22
2077,2726
2113,816
1428
1437
2325
2546
3566
1428,4306
2114
2115
3832,2115
3852
2117
2122,20
2078,1825,2726
2119
2120
2121
3837
3868
2123
2124,2130,2131
2663
4166,4151,3749,3954
2663
2126
2127,2967
745,2128,2022
2663
2136
2137,2140
2138
2141
1749
2142
2143
2143,2142
2600,2498,2147
2154
2158,2153
2158,71
2153,173
2153,190
2158,2153
2158,194
2158,2153
2158,198
2153,231
2158,2153
2158,885
2158,1028
2158,2153
2158,2153
2152
62,2152,2926
2155
2156
2158,2156
2157
3882
34,33,31,32
2160
2161,779
2162
2163
2165
2166
2175,2167
2168,951
2621
2621,1358
2621
2174
2178,2177
1235,2176
2224,890
2182,2181,2183
1346,2622
2623
2189
2158,1039,2189
2158,2189,2153
2158,2189,2153
2158,2329,2159
2190
3509
2191
3507
2193
2194
2208
2196
2195
2198
3952,2197
3953
2198
2199,10
2415
2440
3020,2198
3944,2198
13
2200
2201
2202
2208,2203
3952,2204
2206
2208
2208
2209
2210
2211
2211
2212
2213
2214
2215
2216,2219
2214
2221
2221
4487,2222
2151,2499,2149,2150
2225,2148
2133,2132,2145,2146
2227,2229
2134,2135
2005
2230
2256
2356
2719,2721,1422,1858,8,1917,1955
1534,1473,1535,280
2245
2246
2253
2256
2257
2258,975
2260
2261
51
2263
2263
2265
2266
2266
2465,2464,2382,865,2383,2386,2385,2384
2465,2377
2271,2268
2254,2255,2257
2269
1194
2272,1195
1519
1818
2275
2276
1773
2278
249
2280
4448,4449,3693,2653,3671
2280
2281
2283
2283
2285
3428
2275
2288
250
2290
3441,2290
1773
2293
2293
1773
2296
2297
2539
2300
2301
2301
2301,2306
2307,2302
576
2301
2302
2306
2306
2309
2309
2316
2317
2318
2318
3923,2319,3924
3984
4377
3060,2322
2323
2324
2325
2326
1673
2328
2329
1168
1975
1165,1588
762,763,764
2332
3784,3731,3888,3630,3685,3780
2333
2334
2335
3780,3699,4412,4367,4359,3633
2336,2335
2337
2343,2341,2340
2342
2342
2359,2365
2344,1018
2361,2360
363,343
364
3621,437
2346,2350,2356,2349
4395,4393,4394,2354
2352,343
343
686
389,2358
1346
2357
2357
1967,2613,343
2404
2357
2587
2357,2025
2357
2357,3125
4463,2351
4465,2369
2368
2370
3905
2401,141
2374
2374
2374
2520
2375
2375,4338
4323,2376
4324
2378
2379
2380
2381
2387
2388
2389
2390
2393
2394
2395
2396
2399
2400
2401
2402
2409,2408
2410
2416,2417,2419
2418,2403
1356,4232
3989
2405
2411
2412
2413
2414
2420
2420
2421
2023,2421,4086
2021,2023,2421,3954
2401,1222
1222,431
2401
3471
2422
2510,2511
2425
2423
2426
2515
2513,2514,2520
2429
2431
2434
2440,2441
2436,2439,2438
2437,2438
794,2432
2432
2440
2446
2447
2447,2153
2451
2450
2453
2454
2455
2456
2457
2458
2459
2461
1860
2467
2476,2477
2492,2472
4024
3105
4297
2476
2476,2477,2493
4142,2475
1179,2494
4023
1345,2474
2471
1817,2479
2480
2483
2484
2489
3602,2494,473
2500
2502
2503
2504
2505
2506
1536
2507
2550,2507
2508
2509
2512
2513
2518
2520
2521
3667,2521
2524,2523
2525
2522
2526
2527,2529
2533,2530
2531
2534
2536,2537
2539
2540
2541
2542
2542
2541
2543
3060,2541
2545
2546
2547
2548
2549
3864,2549
2547
3369
2547
2551
2552
2553
2553
2389
2556
2556
2563,2558
2390
2561
2390
2564
2565
3794,4435,3793,3654,3754
2565
2566,2565
2568
2568
2576,2571
2577,2570,2575
2572
2578
2579
2580
2581
2381,931,2164,2581
2582
1868
2582
2582
2586
2587
2588
2589
2590
2590
2591
2591
2592
4142
4146
2593
2594
2594
2595
1966
2597,2598
2599
2601
492,2602
3148,1009
2603
2604
1810
1531
2616,343
2617,2348
2618
4317
4204,4200
3939,3936,3938
2611
2469,797
2619
905
2589
2173
2623,2624
2188
2627
2628
1655,1665,1669,1659,1658,1656,1661
2631
2632
2633
2633,2632
1662
2634
2635
2636,2637,2638
2636
2637
2638
2639
3261
2641
484,483
2387
1889
2510,2511
2513
2645
2516,2517,2519
794,2646
1022,1021,1023,1024
2648
2649
2648
2654
2405,2442,3528,2307,581,2321,2313,2312,2311,384,2302,2126,491,2429,2427,1597,1596,1595,1119,2125,2129,2310,649,650,746,1691,2079
1727
1595
1956,655,2660
2661
1593
1257
2662,218
1257
472
2301
2820,2674
2665
2663
2643,2666
2658,2663
2659
2669
2670
2126
2405,2443,2311,1595,1691
1252
1380,2668
2672
2669
2674
2671
2676
2307,2125,2129,3530,3529
2678
1252
2679
2675
2677,2680
2678,2680
2657
1806,3191,3190
4077
2688,2685
2689,2686
2695,2733,2734,2735
2691,2693
2692,2694
2695
2697
2699
2703
1380,2703
2703,427
2701,4100
1854,2702
1854,2702
4144,2702
2704
2707,2706,2708
2705
2710,3159,2711,2712,2715,2716,2713,3099,2714,792
2710
3089,4324
2720
869,2724
2726
2726,2037,3230,1420
3067
4083,433
2730
2732
2748,2753,2750,2736,2756,2743,2739,2755,2747
2752,2748,2749,2747
2750,2746
2744,2742,2754,2752,2748,2753,2736,2751,2746,2749
2744,2742,2754,2752,2758,2748,2753,2750,2757,2736,2751,2756,2746,2743,2741,2740,2755,2747
2744,2750,2746
2760
1380
2764
2777
1727
2442,2873,791,2875,2430,2429,2427,1595,810,2906,2844,2842,649,650,3038,175,3135
2776
2767
2768
2768
814,2770
1693,2769
2428
2375,2771
1380,2772
2773,1727
2774,1728
1380,2775
1252,2764
217
2065
2779
2778
1380
805,2780
2643,1015,2781
1954,2764
2782,336
2780,2765
2842
2843
2783
2874
2906,2780
1770,2906
2784
2766
221
2873,791,2875,2429,2427,2906,649,650
805,810,2844
1252
2789,2786
2785
806,2790
2788
2844
2787
2791
2873,2338,2875
1380
2792,2793
2794
1908,707
1380
2795,2796
2797
537,1463,3513,2655,2656,2448,1515,707,1786
108
2797
2799,2798
2873,791,2875,2429,2427,1595,1120,805,2906,649,650
2802
2800
217,2803
2800
1120
1121
2805
2801,2804
2804,2802
1108,3536
809,174
1470
2453,2313,805
1252
1380,2806
2811
2812
2807
2808
2809
2810
805,807,1032,385,386
1252
2813
2815,2814
2819,219
1727
835,836,834,833,1835,1596,2444
2816
2816
2820,2817
2818
2821
1754,3594,691,2313,2312,2311,2302
1380
2823
2822
2302,1121,2310,3540
2824
2824
2826,2825
214,1595,585,3373,586
2827
1380
1301
2829,2828
3355,3356
2830
2830
2832,2831
3356,1942,1882,1881
2833
1380
2834,2835
213,212,2026,2321,2311,2302,2579,1345,2420,1616
2836
1380,2836
2837,2838
2307,2302
1252
2839
2841,2840
2844
2844
2845
3320
2846
3316,3332
2849
2850
2858
1155,2445,216,1358,2452,3134,3143,3421
1380
2860,2859
2861
1155,216,2454,1123,3421,3319,2501,1675
1380
2862,2863
2864
2445,216,2873,3421,3319
2864
2865,2866
2867
2868
2869
2871
2873
2876,2874
4408,3899
2877
2878
2882
2886
2887
2888
2890
2891
2893,2892
915
2009,2891,915
2896,2895
2899,2898
2901,2903,2902,2904
2900
2905,3599
1762,4484
2906
1823,2249,2907
2909
2911
493,2911
2912
270
1302,2913
1677
2120
2914,3242
2915
2916
2916
2918
2937,1619
2919
2921
2939
2923
1620
2924
2478
2927
2927,1026
2928
1982,1975,1983
2928,2929
2894,2897
1745,1746,1743,1744
2932,2931
2933
1252
1380
344
2935,426
2935,4009
2402,180
2695
2939,2937
2853,2854
27
1252
3334,2940
2941
2942
2883,2884,2885
2956,2950
2956,2950
2953
473
2954
229,2955
2957,2958
2951,2952,2956,2953,2950
1380
2959,2960
2690,2961
2945,2948,2949,2944,2943
2963,2964,2965,2947,2946
58,755,2966
2968
2969
425
2970
2976
2971
4423,3748,3911
2970,2971
2972,2971
2977,2973,2978
2970,2974
2976
2981
2982
2548
2984
2985
2986
2987
2988
2989
2988
2991
2993,803,3160,3474
2993
2994
4154,4049
2995
2996
3971
3170
2999
3005
3007
3008
2024,2029
3010
3011
3015
3022,3023,3017
3018,3019
3019
3021,3019
3986
3988
3022
2587
3025
1577,283
3025,2505,282
3026
3028,3027
3030,3029
3033
3035
3037
3045,3039,3051
3041
3043
350,3919
3042
3063
3043
3149
3044
3047
3048
2044
2867
2996
3061
3062
3050
3047
3052
3055
3055
3056,1698
694
3057
3059
3062
3062,2044
3062
3063
3066,3064
3065
3067
3068
3069
3069,3965
3070
3071
3072
3965
3074
3075
3075
3077,3076
3085
3086
3087
3089
3090
3091
3093
3094
2727,3095
3100
2052
3098,4476
3102
3103
3105
3106
3107
3108
3109
3110
3111
1889,3111
3112
2984
3113
2667
3084,3082,3078,3080,3077,3079,3114,3083
3124
3130,3127,3126,3131
3127
3128
3130,3128,3127,3126
3136
3138
3137,2983
3140
3139
3141
3142
3145,3146
3147
3148
3149
3151
3152
3152
3154
3155
2705,3157
3155
3156
3156
3158
3164,1938,3165
3168,3169
3118,3116,3119,3120,3117
3166,670
1754,1166,1808,3582
3172,1944,1186,789,2980,246,1385,4426
3175,1836,3178
3177
3180
3181
3182
3183
3184
3180
3186
3186
3188
3182
3193
3194
3196,3199
3173,3197
3202,3217,3224,3215,3210,3213,3211,3218,3200,3222,3212,3219,3204,3216,3221,3203,3220,3223,3207,3214,3201,3206,3205,3208,3209
441,3225
3227
3229
3231
3254,993
3233
3385
3241,1755
698
695,432,181,698
272
394,2596,698
1719,245,2720,3235,394,2596,698,1879
674,3236
588,3236
1674,3378,3236
3052,3236
3081
3300
3237
285
3238,2233
3239,698
3240
3241
696,3243
3245
3246
3246
3248
3249
1136,3249,1246
3249
3250
3251
3252
3252,1246
929,3253
1377,1378,1379
3259
1748
3255
3256
3266,387,3047
3266
3267
863,3260
863,3273
3262
3265,3423
863,3276
3049
3447
3596,1236
3266,3147
863,3276,3596
863,4222,3042,3596
863,3276,3918,3596
3269,3270
3263,3271,3268
3272
3275
3275
3278,3279
3280
3368
3283,3285
3286
3287
3288
3291,3293,3298,3297
3294,3292,3296,3299
1421
3295
3289
3290
3301
3302
3303
3304
3306
3307
3308
3309
4429,3312
3305,3327
3311,802
2193
1288,3313
3058,3314
3311,3350,3345,1667
3228
3317,411
2845,3311,3350,3345
1804
3176
3323,3325
3321,3324
3326
383
3328
3322,3328
3329
1031,3330
482
3331,486
3318
2845,3311,3347,3350,3345
3335,3333
3337
3338
3340
1883
3341
3342
3343
911
2482
3345
3346
612,486
485,3352
3351
3346,611
3347
3348
3349
3350
2845,3345
2847,1031,3345
3353
3353
3358,3360,3363,3362,3359,3361
3357
3365
3366
3367
911
3369
3370
3371,1671,225
3376,3377,3374
3378
4125
3380,3379
4037
3380
3381
3381,3396
3384
3385
2936
3388
3386,1627,1629
1638,1630,1627
1638,3386,1631
3961
4286
1638,1627,1628
3388,3158
4246
3619
3395
2320,616,224,1020,2780
3264,3397
3266,3400
3398
3399
3274
3174
2378
1045,627,1046,3244
3406
3422,3438
3427
3428
3429
3430
3431
3432
3433
2153,3433
2153,3433
2030,2153,3433
2158,2037,2153
3434
3435
3154
3436
3437
3439
3440
3441
3444,3442
3445
3445,3443
3420,3419,3417,3412,3416,3414,3408,2881,3411,3409,3410,3415,3418,3413
3448,3449
3447,4297
292
304,3447
319
330
227,3447,575
819,3447
2095
820,3447
3457,3453,3451,3455
3456,3452,3458,3454
3447,1607
972,947,1489,3447
569,972,1489,3447
3447
956,3447
962
3460
2103
3461,1607
3447
4220,3462
2869,3463
3447
3447
3447
3464
3440
3447
4003
4138
3447,4297
1613
3106,1663
3447
257,256
3466
3467
2987
3468
3469
3470
3472,3470,3473
697,3475,439,700
3502,1107,3500,3476,2391
2392,3503,3477,3501
3476
3962
3478
3479
4053
3480
4290
3478,2404
2440
3478
3481
3478
3944
4342
3652,4357,4402,3623,3661
3503,3477
2392,3501
3486
3483,3487
3487
1634
3488
2579,3488
2308
3480,3929
3932,3480
4288
274,3489
3489,4312
3490,2404
3478
2578
3108,3491
3492
3108,3493
3494
3494
4253
3497,3495
685,3496
3494
3482
3108,3498
3108,3499
3505
3506
3485
3508
3484,3509
3504,3510
3511
3512
3512
3512
4034,929,3237,3512,4112
3514
3515,3518
3514,3516
3520,3519,3521
853,3523
1970,3526
429,75,2027,3533,747,2028
4227,4248,580
1196,3531
3534,1743
1854,1830,3535,3613
4144,3914,3535
3537
1984,1992,1985
3538
3542,3543,3544
3545
4354
3522,3068,3545
1169,1171,1174,1172,1173
1376,491,1173,1983,4001
4414
1173
3546
1222,3553,1213
3553,1520
3554
3552
1995
3984
3688,3555
3556
1170
2331,2330
3673,1784
3562
3563
4320,3673,3672,1376
3672,1376,4331,4375
3983,3561
1988,1977,1993,1982,1976,1984,1978,1986,1991,1979,1975,1992,1989,1981,1987,1980,1985,1983
2401,3528,2663
3565
3566
3567
1607,3568
3570
3571
3571
3288
3571
3572,2996
3572
3575,3573
3576
3576
3578
3579
3579,698,3590
494
3580
3288
3581
2112,3581
3583
3583
3585
3590
3590
4345
3592
3595
3596
3597
3598,2872
3600
1666
3602
3607
2401,2440
287
2401,2440
3944,298
2440,313
313
2401,2440,324
3944
3610,3611,3612
794,755,4350
3614
1854,2684,4327
3724,3616
4421,3617
1854,2684,4327
3725
4144,2684,4327
4422,3618
4445,4446
339
2401,3944
347
2642
2644
771
3622,4493
1559,1562,1560,1561,1698
3638
3638
3639
3640
3642
3817
3649
3666
2424
3667
1169
1991,1990,1983
3675,2855,768
2247,1891,2879
178,44
4111,4098,4109
3584,3710
4098,4109
3712
4454
3725
922
921
4355,472
4177,3726
4355
3727
3727,1493,472
3740
2538,182,2040,2640
4437,4407,4488
3764
1767
1674,1673,651,2031
2723,1475,1476
3778
3779
4069,4056,4088
3783
1585,1584
1586,1587
1625,4352
1811,3898,361,766,3390,275,671,3162,132
2371,3799,2372
1921,1895,2889
3809
143
3810
346,4168
2761
3808,2934
3811
1274,375
3817
2057
2959,2960,2962,2953
3825
3826
2549
3826
3827,3828
3830,3831
3833
660
3834
3834
3835,3836
3838
660
3839
3469,3839
3840
3841
2549,3841
2551
3842
3843
2549,3843
2551
3469
3844,3845
3848,3847
3849
3851,3850
1905,3336,3853
2549,3854
1905,3336,3855
2549,3856
3857
3858
3859
2549,3860
3864,3865
3863,3862
3867,3866
3870,3871
3872,3873
3875,3876
3877,3878
3881,3880
3807,3806
3884
3885
3626
3813,3658
3905
4070
2645,3912
1356,4232
3913
4064,4061,3915
4065
4007
4063
4106,4103,4104
3044
3917
4105
3925,3926,3927
3919
1879
2323
3919
2725
3920,1928
3034,2037
3921
3919
3922
3918
3918
1421,3277
4097
6
668,4081
4062,4170
3930
3931
3931,565
4260,4262,4279
4262,4279
3934,913
3937
3941
3591,3941
3944
3945
3946
2173,905,2186
3960,1586
3964
3972,166
3973
3974
152,2470,1375,4318,694
152,2470,4203,1666,694
3387,4228
3980,3979,3978
473,3982
3985,4015
3956
1857,3986
3986
3987
2580
3990
3991
3992
3994,3995,3996
4249
3132,2997
4131,2997
4133,2997,4249
4154,3998
4119
3999,4002
4202
4259,4149
4094,4093
4147,4148
4003
1041
4004
2609
2610,2612
4193,4197,4199
4194,4198,4196,4201
4048
4006
4155,4006
4012
1837
4158
4040
4041,4045
2021,2023
4014
2401,4013
4016
4019
4020
4021
4022
4025
4026
4027,1493,473
4028
4029
4030
4031
4032
4033
4034
4034
4035,1877,3111
4038,4072
4039
4041
4041
4043
4044
4046
4343
4047
4049
4050
4055
4057
4057,2687
4058
1886
4059
4060
21
4063
4066
4052,4067
4008,4071
4073
4074
4075
4076
3584
1856,4078
4079
4080
4081
152,2470,4203,1375,4318,694
3976,4082
4085
4087
4089
4084,4090
4091
4092
4095
4096
4097
4099
3976,4101
4156,4102
4107
4108
4110
4205
4113
4114
697,439,700,4115
4116
2114,4116
4118
4120
4121
1011
1899,4122
4123
4054,4124
4125
4126
4127
2997
3919,3370
4133
4117
4132
4303
4128,4135
4134
4137
4136,4128
4139,4140,4141
4162,4157
4144
4143,2379
4158
4063
4145
4177
4138
3063
4178
4150,4152
4154
4154
4042
4156
4158
4158
4159
3164,2626
1938,4160
4161
4163
4164
4165
4167,4180
4169
4171
4171
4172
4173
4174
4175
4177
4179
4181
4190
4191
4192
4195
4202
4205
4205,2548
2485,4206
2485,2488,4207
4187,4186,4210,4188,4209,4185,4208
4211
4213
4219
202
1713
4215
1714
4214,1715,2241
1715,2240
4217
4216,1678
2033,203
4213
4220
4221,698
2401,4223
4224
2663
2303,4225
4254
856,4123
3586,4123
4226,384,2663
4233,4235
4234,2404
4234
4236
4237
4238
1962,4240
4241
4244,4245
2401,4247,2663
4250
2710
4250
1567,4252
4256
4258
4158
4261
4264
2477,2473,4266
4267
687
4269
4272
4274
4275
142
204
215
4275
600,4275
837
1688
4275
2595
4275
4275
4263,4275
3127,4276
4268
3986
4280
4282
4283
4285
4287
4289
4291
4292
4298
4299
4300
4301
4304
4305
1433
561
4308
4307
4307
4309
4309
4310
4311
2171,902,2185
534,4314
3946
4316
4366,2371,3799,3603
3154,4319
3154,4321
4322
1252
1380,3818
0
4324
2404
2709
4324
3615,4326
4329
4325,3709
4469
4324,3584,3615
4324,3584,4085
4324,1,4273
2683,4328
4324,4111,1
4330
4347
129,694
4332
3154,4333
3073,2065
3154,4335
1333,1334,1312,1332
1394
4339
241,4340
110,1366
4341
4343
4344
4349
4348
4176
4351
4270
4353
1988,1984,1986,1975,1989,1987,1985,1983
4363
4365
4372
4376,4377,4378
2681
791
4379
4379
2422,4375
4381
4385
4388
4392,4391,4390,4386,4387
4389,4334
2063
2345
2362
2362
858,1558,3383
4409
3000,3001
1707
3627,4425
4419
3695,3655
4422
4424
3310
4455
3700,3659,3679,2223,3624,3803,3732,276,247
3720,3887
4356,3644,3698
3795,3814,4430,4404,3900,4374,3669,3645,4434,3706
3795,3814,3901,4430,4404,3782,3900,4374,3645,4434,3706
4475
3096,4467
4468
2259,4466
1426,4471
4470
4473
4474
4477
4478
4478
4481,4482,4483,4480
3578,4479
3154,4485
3154
2728,3447
3547,3548,3549,3550,3551,3557,3558,3559,3560
690,3092
3822,3909,4364,3703,2192,57
4501
4440,4383,3721
4502
3713,3632,3770,3660,3692,3771
117,4503
3678,4399,3824,3894,3797,4431,3897,3606,3641,3798,3651,3741,3663,3792,4369,3684,4380
3717,3785,3634,3789,3605
122,4505
4495,3708,4384
121,4506
3889,4427,4491
4507