2044
2452
6
2456,2454
9
10
349,972
973
11
2072
2463,12
13
1226
14
16
18
1010
19
20
21
24
25
28
29
30
30
32
32
802,33
34
673,284,1607
35
36
1450,1451
38
852,42
1043,1579,2313
45,46
44
47
47
48
1808,2439,1875,1939
37
50,51
53
59,58,56,55
140,60,62
1861
61
64
63
1392
1393
1765,358
66
67
68
75,70,72,73,74,27,26,71
76
650,77,79
1859,78
80
1239
81
1365
85
86
89,88
736,1406,1001,1117
1270,34,1071
2155,2156
135,91,96,1326
2113
1877
1293,93
92
2153
95
690
792,2159
107,100
137,101,103,106,108,2232
97,98,99
647
1271,1293
102
2153
105
690
2160,564
573,2161
128,110,118,119
129,121,123,126
111,112,117,116,114,127,115
1271,122
647
2113
2153
125
124
120,111,112,113,109
792,2152
2268
1807,1806
130,131
132
1271,132
132
2153
134
133
2157
2158
136,2151
405,984
141
803
1063,142
145
146
147
148
150
149
152
151,156,359,153,155,997,1504,1328,728,978,1581,727,1576,730,1586,806,861,1764,1321,1062
2050,68
2050,772,1357,1762,1753,1580,669,1299,2402,2045
2452
2455
157
158
159
160
161
162
1313
163
164
167
1880,2447,1902,2370
198
41,43,494,904,1246,1458,1546
954,199
200
1914
202
717,7,8,801,844
212
1537
219
220
1538
221
221
222
224
339
224
225
226
227
228
232
230
231
232
233
234
235
235
237
239
241
243,332
246
247
248
249
250
2050,61
1214,61
252
255,244
960
2050
259,80
252
260
261
265
80,264
266
267
268
269
269
270
271
271
272,1769
1272,1769,1776,1441
272,2252,1776,1441
274,318
276
276
277
240,278
280
281
282
281,283
783,1534,2215,1378,1379
285
286
286
287
288
295
1442,1443
299
300
305
2085,1903,2414
306
307
309
1197
310
310
311,753
312
838
313
314
315,418,383
317
319
321
2407
322,350
329
329
331
335
2046,2364,2462
338
336
339
342,344
343,340
341
1101,1100
348
348
229
324,323
351
352
297,298
865,1001,1117
354
807,808
883,884
673,1341
325,420,419,1355
360
361
363
364
887,375,891,379
380,376,888,892
377,381,893,889
374
374
374
374
378
378
1157
1168
382
384
2050,417,384
1491
1365
1112,1365
388,390
387
389
386,266
391
392
1295,362
1535
369,368,370,367
401
402
357,403
411
402
408
406,407
410
351
412
413
793,270
414
415
416
417
421
422
423,1469
1935,1044
426,425
3,2035,1078,2036,4
1439,1231,452,1377,365
404
793,270,429
1809,430
2417
793,448,432
270,448,434
793,448,433
793,448,431
793,270,438
793,270,439
793,448,440
793,270,442
270,448,443
270,448,444
793,270,445
793,270,441
981
428
793,270,448
793,448,446
793,270,447
448
456,457,288,1759
1756,1558,1758,1049
294,289,291,290,293
1112,1365
472,471
772,1388,1221,1301,1058,1067,839,2270,1762,1753,1754,1299,2402
474
799,751,1924,1923,1927,749
799,751,1919,1924,1927,1627,1361,1362,749
659
480,476
483,479
481,477
478,482
484
485
490,489,492,491,488
1490,1468
495
496
251
500
501
1587,1876
516,518
515,517
94
527
527
529
792,535,533
531,532,530
529
501,508,511,513,507,510,509,505,715
537
550,552,554,556
555,553,549,551
572,545
544,571
543,539,541
538,542,540
104
546,547,563,575
1588,548
537,565,502
792,562
514,507,566
646
561,560
567,557
503,512,576
792,574
569,570,568
597,587,583,579,601
578,582,586,600,584
620,581,599,601
619,580,596,598
605,607,609,611,613,615
606,608,614,610,612,616
623,602,604,577
1589,603
124
589,585,595,591,583,618,593
582,586,588,590,592,594,617
621
792,624,622
501,508,513,507,510,506,509,505,504,715
629
629
628,626
625,627
1254,630
133
639
2392
2403
1962,1956,642
1963,1957,641
465,462,1465,682
464,461,1464,681
643,644,645
644
646
647
648
2323,1042,1857
649
651
652
653
654
2050
677
658
1805
660
656
143,661
664,662
665
667
668
669
670
671
673
674,675
676
678
684
686
687
1463,687
666
1284
667
693
694
695
695
696
697
1959,979
698
699
703
711
712
2397,713
714
655,726
1943
1934,821
729
731
731
733
733
740
734
731
993
736
737
738
739
742
743
1545,1650,1612,1038,2294,2293
1664,330,1650,744
745,1110
1545,812,1650,1436,1612,2442,2443
1545,1650,1436,1612,1038,2443
746,330,1650
747
746
2363,804,1615
1574
850
751,1919,1923,1927
751,1919,1924,1927,1627,1362
751,1919,1924,1923
1665,363,804
1064,398
330,1661,1653,846,1554,1699,1698,1650,1684,1655,1359,1646,1683,1652,1659,1675,1665,1615,1645,1611,1658,1673,1674,1666,1644,1672,1677,1670,1669,1681,1643
746,330,1661,1653,846,1554,1699,1698,1650,1684,1655,1359,1646,1683,1652,1659,1675,1615,1645,1611,1658,1673,1674,1666,1686,1644,1672,1677,1670,1669,1681,1643
1927,288,1759
752
1506,355,173,1218
756,755
2460,1820,2380,2310
882,1106,685,1527,1526,757
758
759
760
761
762
764,766,768
769,767,765
770
770,1907
1854
777,1531,1530,1532,1534,1368
773
468,1533,1369,493,385,473,317,1569,416,1529
1203,493,385,473,1112,317,1370,1569,416,1529
468,493,385,473,317,1370,1569,416,1529
1203,468,493,473,1112,317,1370,1569,416,1529
468,1533,1369,493,385,1236,1112,317,416,1529
1203,493,385,473,1236,1112,317,1370,416,1529
771
1534,776
787,385,1236,317,1370
1534,493,473,774,1529
1534,493,1568,416,1529
779,1530,1532,703,1367
778,1531,1530,1532,1534,703
775
1531,1530,1532,1534,703,1368
1203,468,493,385,473,1236,317,1370,416,1529
777
780
785
780,1531,1530,1532,1534,1368
781,1368
782,1531,1530,1534,703,1368
784,1531,1530,1532,1534
785,1532,1368
786,1368
1534,1368
783,1368
1534,1373
788
790
791
792
796
1311,795,640,1188
1189,794
203
796
797
798
799
2050
435,437,436
657,663
1668,758,1610
809
810
811
812
813
814,1565
1566,815
894,816,1472
817
818,820
895,819
821
822
829
1954,1812
830,829
831
832
833
833
2048,2411,2374
836,837
834,835
1814,1966,2324,1946,2410
839
1058,840,1357,2270,1755,1762,1753,160,1308
1931
843
845
846
847
848
849
851
855,853
854
497
1288
316
1271,2178,860
2231
1292
996
857,856
499
858,498
859
2154
1357,1755,1762,1753,1580,669,2049,1299,2402,2045
863
1400
1342
1004,732,1327
865,1001,1117
1001,867,1117
1406,1001,866
868,1406,1117
869
871
1849
15,1766
2440,870
872
275,872
238,873
874
319,2243,2259
875
875
876
877,2242
296,878
424,879
880
236
881
1970
842
826,823
827,825
828,824
2050,57,252
2050,80,57
721,725,1001,1117,735,2309,734,1185,1248,1251,1241,724,723,718,719,722
885
287
886
886,1155
1157
1168
890
890
890
1168
2386,1819
896
897
2386,1819,1947,1803
898
899
900
2289
1509,2289
950
1477,951
952
953
839,1791
958
959
960
961
962
964
965
966
967
968
968,337
969
970
304
304,971
976
1535
1676,363,1682,1672
812,1302,356,239,393
2050
992
981,980,982
1191
987,985
989
986,988
395,397
235
990
991,1283
990
990
1444
2253
2254
990
993
994
995
996
998
1081
1899,1000
1001
1002
1003
1003
1005
1008,1007,1009
1010
1013,1018,1016
1012
1014
1015
1017
1019
1020
1021
1022
1023
1024
1025
1026
1027
1028
1029
1030
1031
1032
1033
1034
1035
1036
1035
1038
2295
1039
1041
1045
1046
1047
1048
1050
1051
1053
1056
1057
772,1388,1221,1301,1067,1068,1357,839,2270,1762,1753,1580,2049,1299,2402
1059
1060
1061
1034
1035
1065
69,475,90
1772
475
347
1069
654
1052,1055
1066,1070
1054
1072
1073
1074
1075
1076
1079
1080
1081
1082
1083,1086
1084,1087
1085,1088
1089
1090
1091
1093
1094
1095
1096
1097
1106,1525
1108
1109
1110
1111
1113,1114,1115,1116
1117
1118
1120,1121,1119,1122
1123
1124
1127,1128,1126
1125,1129
1220,1356
1130
1133,1137,1132,1136
1134,1354
1138
1505,800,154
1139
1140
1141
228,1142
1143
1486
1144
1145
1146
1147
1148
1149
1150
1151
1154,1717
1171,1163,1152,1165,1172,1164,1153,1158,1159,1160,1173,1161
1718
1719,1156
1162
1720
1006,1135,1253,422
279
1167
1167
763
1051
1166,1170,1169
1177,1175
1176
1178
1179,333,1183,1184
1180,1782
1181
1182
2212
1185
993
1247
1187
2365,1847,1886,1889,1862,1870,1916,2420,2419
1190
1193
1194
2408,1898
1196
1196
414
1196
862
1199
1243
1198
1200
1201
2374
1202
1712,76,320
1212
2320
250
2050,1245,249
1863
2050,1244,54
1244,54,1863
1216
1404,1405
1110
1207,1544,1204,1211,1344,1223,1337,1206,22,1208,1437,1205,1209,1210,1222,1296,1107,1224
1099,1098
1225
1225
1227
1228
1229
1230,451
534,528
1590,1233
536,558
559,1234
684
1591,1235
11
242
280
469,1203,493,385,473,1112,317,1370,416,1529
1240,1238
1241
1243
1244
1245
1248
1249
1250
1250
1251
903
1254
1255
2063,1860,1853
1256
1257
1961,1955,2415
1964,1958,2416
1258,1260
1262
1263,2200
1264
1265
1267
1268
1269
1270
1271
1272
1769
1278,1277
1275,1276
1279
974,170,176,172,672,2461,1315,1786,1785
138
1274
1280
1058,1357,839,1970,2270,1762,1753,1754,160,1308
841
1282
1282
1284
1286
1287
1742
1305,1306
1289
1291
1294
1293
1297
1297
1298
1951
1298
1299
1300
1301
1492,400,467,1353
1303
1304
1308
1309
1310
1312
2213
1314
1316
1319,1318
1317
1320
2143,2142,2141
1444
1323
1324
1325
454,520
455,2117
805,1881
1329
1306,1307
1330
1045
1331
1331
1549
1714
1040
1316,1332
673
1333
1334
1335
1335
1335
2193
2202,2203
711
1343
1345
1347
0
1338
2179
1346
1037,1339,2047
1037,1011,2047
1339,2105,2047
1350,2043,2
1350,2043,2322
1037,1339,1351
1037,2105,1351
1339,2105,1351
1352
1354,1106,1525,754,1459
1354
1357
1358
2325
1359
1360
1361
1362
1363
1364
385,1366
1854,1371,346
783,1534,1373,1378
783,1534,1378
1855
1372
2381,2384,2382
2381,2383,2385
1376
1378
1379
952
721,725,1001,1185,1248,1251,1241
1380
1381,1383
1384,1382
2376,2057
1385
1387
1403,2267
2079,2067,2070
773,1388,1058,1357,839,2270,1753,1754,1299,2402
2373,1131
2042,2037,2459,1388,1058,1357,839,2270,1762,1753,1754
2450,1388,1058,1357,2270,1762,1753,1754,1299,2041
2037,1388,1058,1357,839,2270,1762,1753,1754,2458,1299
2042,2451,1388,1058,1357,839,2270,1762,1753,1754,1299
2042,2451,2457,1388,1058,839,2270,1762,1753,1754,1299,2038
2449,2453,1388,1058,1357,839,2270,1762,1753,1754,1299
1058,1357,839,1970,2270,1762,1753,1754,1299
1391,160,790
2450,1058,1357,839,2270,1762,1753,1754,1299,2039
1388,1058,839,2270,1762,1753,1754,1299,2040
2453,1388,1058,1357,839,2270,1762,1754,1299,2039
1388,1058,1357,839,2270,1762,1753,1754,1299,2058
1058,1357,839,2270,1762,1753,1754,1299,1375
2042,2459,1388,1058,1357,839,2270,1762,1753,1754,2038
1195,1394
1341
1341
1398
748,750,285,791
394,396
1395
1399,1400
1396
1397
1219
1357
1357
864
864
1401
721,725,1185,1248,1251,1241,724,723,720,719,722
1407
1407
1408
1408
1409
1409
1410
1410
1411
1412
1413
1866,1716,1867,999
1414
1900,1414
17,1901
1415
2391,1915
1416
1936
1900,1417
1418
17,1417
1417
17,1417
1419
1420
1996
1424
1421
1422
1975
1423
1389
1428
1390,1425
1426
1427
2019,2017,2027,2025,2015,2011,2013
2018,2024,2012,2026,2008,2014,2010
1977
1429
1389
1374
1431
1430,1435
1432
1433
1434
2009,2017,2027,2025,2015,2021,2013,2023
2024,2012,2026,2020,2008,2016,2014,2022
1436
1439,366,1502,1746
1440
1102,1105
1444
1438,1445
1446
1447
1448
1448
1917
1449
1452
1453
1454
1455
1456
1457
1460
1461
1462
1463
1470
1474
1475
1476,1473,1470
1481,1478
1479,1482
1480,1483
1485
797
1488
1978
1488
1488
1487,1606
1496
1497,1493
1498
1499
1501
2388
1001,1117,1185,1251,1241,718
1001,1117,1248,1251,1241,719
1001,1117,1185,1248,1251,720
1001,1117,1185,1248,1251,1241
1001,1117,1185,1248,1241,722
1001,1117,1185,1248,1251,1241
1117,1185,1248,1251,1241,724
725,1001,1117,1185,1251,1241
1217,139
1420,353
1507
1508
960,1467,975,1793
1897
1529
700,701,702
1524,1516,1517,1523,1510,1518,1520,1521,1511,1512,1513,1514,1519,1528,1522,1515
704,705
710,706,707,708,709,450,449,223
716,977,1215,144,1575,1232,83,40
1536
1539
2051,1852
1540
1543,1541
1542
1556,1555
1549
1550
1551
1554
1557
1561
1864
1562
1563
1138
1564
2413,2386
1567
787,385,317,1370,1569
787,317,1569,2318,2319
787,385,317,1370,1569
470,1203,493,385,473,1112,317,1370,1569,416,1529
1237
1552,1553
1562
1577
1578
87
474
1937,1938
1582
1583
1584
1585
1254,2031,1484
399,1967,84,1254,171,1484
1894,399,1967,84,1254,2031,171,1484,2028
1894,82,217,218,84,1254,171,1484
82,84,1254,2311
1605
1607
1608
1609
1610
1611
1612
1613
1614
1615
1616
1617
1618
1619
1620
1621
1622
1623
1624
1625
1626
1627
1628
1629
1630
1631
1632
1633
1634
1635
1636
1637
1638
1639
1640
1641
1642
1643
1644
1645
1646
1647
1648
1649
1650
1651
1652
1653
1654
1655
1656
1657
1658
1659
1660
1662
1663
1664
1665
1666
1667
1669
1670
1671
1672
1673
1674
1675
1677
1678
1679
1680
1681
1682
1683
1684
1685
1686
1687
1688
1689
1690
1691
1692
1693
1694
1695
1696
1697
1698
1699
1700
1701
1702
1703
1704
1705
1706
1707
1708
1709
1710
1711
169,1285,1281,1713
1604,1603,1601,1596,1600,1598,1592,1386,1595,1593,1594,1599,1602,1597
1715
1715
371
372
373
1174
1721
1724
1722,194,195,196
1725
1726
1727
1728
1729
1730
1731
1732
1733
1734
1735
1736
1737
1738
1739
1740
1743,1741,1744
1745
1822,2312,2369,1810,1846
1748
1747,1749
1752
1753
1754
1757
1759
1761
63
1753
1248,1241
1196,1001,1117,1003,1248,1251,1241
2050,772,1388,1221,1301,1067,1068,1357,839,2270,1753,1754,1299,2402
456,458,1767,1111
772,1221,1301,1067,1068,1357,839,2270,1755,1762,1753,2049,263,1299,2402
772,1388,1221,1301,1067,1068,1357,839,2270,1755,1762,1753,2049,258,1299
772,1221,1301,1067,1068,1357,839,2270,1755,1762,1753,2049,253,1299,2402
772,1388,1221,1067,1068,1357,839,2270,1755,1762,1753,2049,254,1299,2402
772,1388,1221,1067,1068,1357,839,2270,1755,1762,1753,2049,245,1299,2402
772,1388,1221,1301,1067,1068,1357,839,2270,1755,1762,2049,256,1299,2402
772,1388,1221,1301,1068,1357,839,2270,1755,1762,1753,2049,257,1299,2402
952
292,1760,1763
1761,202
1077,1768
201,23,1103,1773,334,1104
2241,2247,273
659,1771
1777,1778,1779
652
2165
2329,1780
1781
1271,1770,159
1784
1787
963,1788
1792,1790
1796
1797
1426
1979
1801
1802
1037,1339,2265
1037,1339,2105
2216,2105,2265
1215,144
1811
1813
1821
1823
1827,1824
1202,1940,1941,1825
699,1495
1826
1828
1829,1832
1202,1940,1941,1830
699,1500
699,1830,1500
1831
1833
1834,205
1835
204
1836
1837,207
1801,1838
670,206,1495
1839
1840,209
1841
1842
699,208,1494
1843
1844,211
1845
210,1495
213,216
215
699,214,1499
1848
1290
1185
1856,1368,346
1858
1804,1885,1891,1890,2087
1348,1930
1861
789,157
1864
1865
1874
1965,2301
1874,2303
166,302,522,1799,327,525,1547
165,301,521,1798,524,326
1775,638,632,634,636
631,633,635,637,1774
168,303,328,523,526,1548,1800
2104,2091,2088,2089,2090
1879
1884
1887
1888
1892
1893
1896,2183
1978
1489,1996
1213
1904
157
1904
1904
1904
1905
1906
1906
1259,1261
906,908,910,933,935,918
905,907,909,932,934,917
486
1908
1909
1910,486
1910,487
1912
1911
5,1913
1914
1917
1918
1920,1921
1922,1925,1626
1922,1929
1926,1928
1960,1783
1936
1936
1940
1941
1942
177,182,193,1723,185,186,183,184,187,191,192
1037,1011,1339
1037,2105,1944
2216,1339,2105
1945
953
953
1952
1795,1953
920,922,925,931,938,940,943,945,948
930,919,924,921,937,939,942,944,947
923,913,949
977,1215,144,345,83,308,1503,39
1965
1972
1972
1973
1989,1994,1991,1995,1988,1990,1993,1992
1989,1991,1995,1988,1990,1993,1992
1974
1975
1976
1977
1978
1984,1981,1986,1985,1980,1987,1982
1979
1984,1981,1986,1985,1980,1987,1982
1980
1981
1982
1983
1987
2005,2000,2003,2007,2001,2002,2006
2004,2005,2000,2003,2007,2002,2006
1996
1997
1998
1999
1751,680,175,460,902
174,679,901,1750,459
2096,2100,2102,2101,2103
179,180,181,189,197,188,178,190
1714
65
1714,262
1037,1011,1349
1037,1339,2105
2216,1339,1349
1348,2204
1348,2194
2050
2052
2053
2054
2055
2056
2062
2331,2346
2347
2348
2064
364
2352
2066
2353
2064
2335,2354
2336,2355
2337,2356
2071,2068
2069,2073
2338,2357
2358
2340
2360
2074
2075,2080
2076,2065
2077
2078
2343
2080
2344
2081
1402
2082
2083
2084
2086
1273
2098,2097,2099
688
1471
2093,2094
2095
2095
2092
2191,2189,2106
2113
1322
2114
2115
2114
2114
2114
2114
2116
2261
686,2245
1282,2128
686,2245,2122
2123
2213
2130,2129,2124
686,2125
2126
1463,686
2126
2127
2127
2132
689
2134
2133
1293
2133
2133
2135
2137
2136
2139
2140
688
2138
409,2144
2145
2147
2148
2147
2149
983,2146
2253
2150
2162,2163,2172,2177,2210,2170,2230
1037,1011,1339
1037,1339,2105
1339,2105,2164
2166
1192,2244
2167
2131
2168
2253
2169
1878,1284
2171
2211,2248
2214,950
2289
2174,2173,2175,2176
2260
1801,31
2180
822
2180
2181
2182
2184
2185
2186
2187
2190
2192
2195
2196
2197
2198
2199
2201
2205,1794
2206
2188,2207
2208
2209
2214
2255,2256
2212,282
2256
2215
2221,2220
2217
2218,2219
2222
2226,2223,2225
2224
2227
2228
2229
2118,2119,2120,2121
2107,2108,2109,2110,2111,2112
2233
2234
647,2233
2235
690
2239
683,466,1466,463
2237
667
1463
2238
2236
2213
1271,2240,1336
2246,159,1336
2249
2298
2251
2257,2258
673
2030
2262,1
2263,1340
2266,1266
2264,2321
1350
2291,2292,2290
2272,2274,2273,2284,2283,2276
2277,2278,2280,2282,2285,2286,2287,2288,2269
2279,2275,2281,2271
2293
2294
2294
2296
2250
692
2297,691
2304
2300
52
2302
2305
2306,49
52
339,2299
2307
2308
2314
2317
2320
453,519
2325
2330
2330
2332
2333
2334
2339
2340
2341
2342
2343
2344
2345
2347
2348
2349
2350
2351
2352
2353
2358
2359
2360
2361
2362
1675
2374
2375
2377
914,926,923,912,916,913,929,911,915,928,927,936,941,946
2379
2387
2387
2388
2392
2397
2402
2403
2409
1573,1570
1572
676,671,1571
2412
2417
2418
2421
2422
2422
2423
2031,1871,1932,1968,955,2389,1971,2404,1559
1894,1815
2311,1815
1969,2033,1872,956,1933,2390,1560
2034,1873,1817
2424,2427
2425,2435
2426,2428
2393,2398,2366,2315,2325,2405
1967,2393,2370,1948,2060,1850,1818,2398,1882,2325
1967,2028,2061,2393,2370,1948,2060,2398,1882,2377,2325
2395,1851,2367,2401,2406,2316,2327
1883,1949,2029,2059,2326,2371,2394,2399
1950,2396,2400,2368,2328,2372,2378
2429,2432
2430,2433
2431,2434
2032,1895,1816
2437
1714,427
2438
2436
772,1388,1221,1301,1058,1357,839,2270,1762,1754,1299,2402
2441
721,725,724,718,720,719,722
1059,2440
2442
2443
2446
1248,1251,1241
2444
2445
1001,1117,1185,1248,1241,2441
1058,1357,2270,1762,1753,2448,1754,790,1308
957,1789
1058,2270,1755,1762,1753,160,790,1308
1005,1092,1199,1249,1242,1186,741,1002,1252
1868,1869
2464