0,1
2
3
4
5
977
1172
1172
10
214
11
12
13
14
15
16
17
18
2577,2573,574,2564,1186
445
500
2575,129,1062,2579,1433
2590,2569,2366,801
2570,676
701
2571,2339,701,2406
2571,701
2574
1062
2575,2579,1433
2570,2574,2593,676,2396,1042,2312
2566,2570,676
2571,701,500
2568,2572,2576,2595,2410,754,2349
2590
19
21
2420
22
23
24
26
27
28
29
30
31
32
33
34
35
36
37
38
224
41
42
44
45
46
47
48
49
50
51
52
53
54
55
56
57
58
59
60
61
62
63
65,64
67
68,69
71
72
73
74
76
77
78
79
80
81
82
83
84
86,85
87
88,90
89,90
91
92,103,118
93
94
95
96
40,6
98
99
100,383
101
102
104
105
106
107
108
109
110
111
112,111
112
113
114
110
115
115,117
116
117
119
120
121
122
123
124
125
126
127
1603,2075,128
129
132
133
134
135
136
138
139
141
142
143
144
145
146
147
148
149
150
151
152
153
154
155
156
157
158
159
160
161
162
163
164
165
166
167
168
169
170
171
172
173
174
175
176
177
178
179
180
181
182
183
184
185
186
1031,1034
188
189
190
191
192
193
194
195
196
197
198
199
201
202
203
2056,485
206,204
205
2215
1661
207
208
209
210
211
212
213
215
216
217
218
219
220
221
222
225
226
227
228
229
230
231
232
1808,1669,1473
1631,1674,2336,707
235
236
237
238
239
240
241
242
243
244
245
246
247
248
249
250
251
252
253
254
255
256
257
258
259
260
261
262
263
264
265
266
267
268
269
270
271
272
273
274
275
276
277
278
279
280
281
282
283
284
285
286
288
289
290
291
292
293
294
295
296
297
298
299
631
1942
302
303
304
305
306
307
308
310
311
312
313
314
315
316
317
318
320
321
322
323
324
233,234
326
327
328
329
330
331
332
333
334
335
336
337
338
339
340
341
342
343
344
345
346
347
348
349
350
351
352
353
354
355
356
357
358
359
360,361
1627,630
632
1943
780,1471
1626
364
365
366
367
368
369
370
373
374
375
376
377
378
379
380
381
43,382
384
385
386
387
388
389
390
391
1728,2687,392
2199,393
2284,393
1673,325
490
2089,490
984,394
396
397
398
399
400
401
406
402
403
1786,1867
404
405
1727,1481
2264
410
411
412
413
414
415
414
416
417
416
419
420
421
424
1630,426
425
427
427
416
429,428
431
430
432
433
434
435
436
437
579
438
440,439
442,441,443
444
445
445,1432,2396,1042
445,676,2396
445,1432,676,2396,2312
446
447
448
449
449
451,453
450,452
454
455
456
457
458
459
460
461
463
468
469
463
464,470
465,471
472,466
473,467
889
474
475
477
478
1467,479
1323,2056,480
2307
481
535,482
483
483
484
486
488
489
491
492
1870,2024,492
493
2517
493
494
2689,2835,2798,2711,2510
496,497
1596,2729,498
780,495
500
129,500,1433
701,1062,500
701,2406,1062,500,1433
501
2044,2049
2045,502
503
504
505
506
507
508
509
510
513
514
515
516
518
519
521
522
525
526
2782
527
528
529
530
533,532
531
1989,1999
534,536
545,546,542,544,547,540,2261,539,537,543,541
548
549
551
2486
2486,2488,552,2489,2490
2487
553
554
555
1464,1090,2410,754
1464,1090,2410,754,2349
445,935
555
561
562
563
2649,1885,2057
1886,2060
564
565
566
567
568
569
2735,502
572
573
574
574
574,2564,1469
575
576
577
576
579
580
581
582
583
585
586
2014,2147,919,613
2480,2482,2811,2666,2622,2620
590
591
592
593
594
594
192,1455
597
598
599
600
601
602
603
605
606
607
608
609
493
1089
610
611
611
612
625,371,2512,372
615
616
617
618
619
620
621
622
623
626
627
628
629
633
634
635
636
642,639,646,643,641,644,640
638
647
656,651,652,653,654,649,650
657
658
659
662
663
665
666
795
667
667
669
669
670
671
672
675
1432,676,2396
676,1042
677
678
679
680
681
681
683
684
685
687
688
689
690
691
692
828
819,2600
693
696,698
697
699
700
701
2339,701
701
701,2406,1433
702
703
704
705
1670,706
708
709
710
711,712
713
714
715
716
2190,2295,2274,2189,1590
720,719,717,718,722
721
723
724
728,726,727,725
729
730
731
732
733
688,689,517,524,520,587,523,525,519
734
1325,735
736
738
595,749,604,2418,1779,846
739
740
741,746,748,745,744,743,742
747,655,645
751
752
753
754
1090,2410
755
165
499
756,668
755,1027
757
999,758
2646
761
760
762,965
969,966
763
589
764
765
767
2832,2703,2664,2828,2784,2561
766
2784,769
768
770
770
771
772
773
774
775
776
778
1466,1447,1449
1446,1448,1450
780
782
783
784
1653
785
786
787
788
781,788,648
789
790
791
792
737,1639,1781,1783,664,2210,686,2318,1780,1216
1831,985,395
2204,2203,1214,1785,1784
1927,715,45
796
797
798
799
2358
137,319,140
2412,801
2412
2569
2628,759
2629
802
803
804
805
806
807
808
809
810
811
812
815,813,821,817,816,814,818
824,822,825,826,827,823,829
835,834,832,831,830,833,837
838
839
840
841
842
843
844
674,1574
844
847
848
849
850
851
852
853
854
855
856
857
858
859
860
861
862
863
864
865
866
309,7,9,8
867
868
870,869
2693,2607,2763,2743,2827
871
871
873
875
2665,2810
876
877,878
879
2461,596,1952,880
881
882
883
884
885
886
887
888
889
890
891
892
893
894
895
896
897
1708
2154,2156
898
97,39
836
2555
820,836
899
901
902
903
904
905
906
907
908
909
1042
911
43,312,382
912
913
915
916
917
1729,2033,1093,2642
1729,2033,918,2643
1729,2761,2033,918
2762,2033,918,1094
920
921
922
923
924
925
500,926,927
950,926,927
928
929
930
931
624,675
932
933
872
934
556,557,559,558
992
2395
936
937
938
1613,937
942
944
944,942,940,946,939,941,943,945
947
2260,1580,1935,1899
948
949
950
951
952
953
955
956
956
957
2259,1898,1579
958
959
960
961
967,963
968,964
949
950
970
2091,847,2140,1930
971
970
972
973
974
975
976,978
979
981
982
981
983
1832,1841,1830,1826,1793,1838,1840
986
987
988,1461,1603
187,988,1461,1603
989
990
991
992
993
994
995
996
997
998
1000
1001
1002
1063
578
2573
1007
1003
1008
1006
1009
1011,1010
1005
1187,1188
1017,1016
1014,1015
1013
1018
1019
1020
1021
1022
1023
1024
1025
1026
1326,2301
740,777
595,750,749,604,2418,846,2192,1071,1073,2195,1068,1072,2194,476,1069,1324,1070,2193
1027
165
2419
1028
1030
779
1032
1033
1035
1035
1036
1037
874
2174,1037
1038
1039
1040
1041,1061
1042
1043
1044
1045
1046
1047
1048
1049
1050
1005,1052
1052,1012
2682,2621,2680,2792,2612
1054,1055
1004,1053
1056
1057
187
1058
1059
1060
1059
1061
1062
1433
1064
1065
1066
1067
1074,1077
1075
1076
1078
1079
1080
1081
1082
1083
1084
1085
1086
1087
1088
1090
1091
1091,1093
1091,2720
1092
1729,1092
1092,2721
1095
1096
1099,1109,1098,1105,1112,1104,1115,1110,1106,1097,1113,1107,1100,1102,1114,1108,1103,1101,1111
1116
1117
1134,1125,1122,1119,1131,1127,1124,1123,1136,1121,1120,1129,1118,1133,1128,1132,1126,1130,1135
1138,1141,1137,1139,1140,1142,1143
1144
1145
1146
1147
1148
1149
1150
1151
1156,1170,1153,1157,1154,1165
1167,1160,1164,1159,1169,1166,1162,1168,1152,1161,1163
1167,1160,1164,1156,1159,1169,1166,1162,1168,1170,1153,1157,1158,1155,1152,1161,1165,1163
1171
1172
1173
1174
1175
1176
1177
1178
1179
1180
1181
1182
2301
1183
1184
2577,1186,1469
1185
1185
1189
1190
1191
1192
1193
1194
1195
1196
1197
1171
1171
1198,1203
1199,2209
1202
673,2251,1231,1604
1204
1205
1206
1207
1208
1209
1210
1211
1212
1213
1215
1217
1218
1219
2672
1220
1221
1222
1223
1407
2796,1224
1225
1226
1227
1228
1229
1230
1232
1233
1792,1803,1814,1821,1823,1815,1818,1791,1799,1824,1816,1798,1817,1794,1820,1822,1795,1796,1813,1790,1812,1797,1800
1235
1236
1237
1238
1239
2192,1071,1073,2195,1068,1072,2194,476,1069,1324,1070
1249,1242,1240,1247,1251,1244,1246,1241,1252,1243,1245,1250
1254,1262,1259,1257,1255,1264,1265,1256,1260,1258,1253,1263
1268,1277,1267,1273,1278,1270,1276,1275,1266,1269,1272,1271
1279,1289,1283,1291,1290,1286,1280,1284,1282,1281,1285,1288
1293,1301,1298,1302,1299,1295,1297,1296,1303,1304,1294,1292
1310,1316,1307,1313,1306,1311,1309,1312,1308,1305,1314,1315
1318
1319
1320
2672
1321
1322
1261,1317,1248,1287,1300,1274
1326
1327
1328
1329
1330
1332
1331
1333
1334
1335
1336
1337
1338
1339
1340
1341
1342
1343
1344
1345
1349,1346,1354,1352,1357,1347,1356,1355,1350,1351,1353,1348
1358,1365,1367,1361,1364,1369,1360,1363,1368,1359,1362,1366
1373,1378,1377,1379,1375,1380,1381,1372,1376,1371,1370,1374
1382,1384,1390,1385,1389,1392,1386,1388,1387,1391,1383,1393
1396,1401,1405,1404,1399,1398,1397,1394,1400,1402,1395,1403
1406
1406,1764
2652,2650,2654,2653
1408
1409
1410
1411
1412
1413
1414
1415
1416
1417
1418
1419
1420
1421
1422
1423
1424,1426
1425
1427
1428
1429
1430
1431
1432
1433
2700,2813,2130
1436,1437
1434,1435
1438
1439
1441,1442
2715
1829,1811,1802,1836
1445
1451
1452
1453
1455
1458,1456
1457
1459
1460
1463
1464
1465
1468
2122
2016,2017
2577
1470
301,200
1806,1444,2329
1234,1472
1474
1475
1476
1480,408
1482,407
1485,1486
1487,1486
1488
1600,1896,1902,2041,422,980,1484
1492,1495,1490,1493,1494,1489,1491
1498,1496,1501,1500,1497,1499,1502
1503
1509,1504,1505,1506,1508,1510,1507
1515,1516,1517,1514,1512,1513,1511
1524,1521,1518,1522,1523,1520,1519
1529,1530,1525,1528,1526,1527,1531
1532
1533
1534
1535
1536
1537
1538
1539
1540
1541
1542
1543
1544
1546
1547
1549
1550
1551
1552
1553
1554
1555
1556
1557
1558
1559
1560
1561
1562
1563
1564
1565
1566
1567
1568
1569
1570
1571
1572
1573
1575
1578
1579
1581
1582
1583
1584
1585
1586
1587
1576,1588
2310,1589
1591
1592
1593
1594
1595
1597
1598
1599
1601
1602
1605
1606
1607
1608
1609
1610
1560,1545
1611
1610,1609,1607,2788,2611,2789,2276
1612
1614
1615
1616
1617
839
1618
2754,2699,2826,2818,2662,2516
1619
1620,1621
2791,2774,2699,2790
1622
1623,1624
1625
1628
1570
1629
1629
2334,910,418,1804
1632
1633
1634
1635
1636
1637
1638
1640
1641
1642
1643
1643
1644,1646,1645
1647
1648
1649
1650
1651
1652
1653
1654
1655
1656
2559
1655
1657
1658
1659
1660
1661
800
1663
1662
1664
1665
1666
1667
1668
1669
1672
1673
1674
1675
1225,1676
1677
1679
1678
1679
1680
1680
1678
1679
2179
1681,2181
1682
1685
1683
1683
1684
1684
1685
1689
1690
1686
1687
1688,1691
1692
1693
1694
1695
1696
1697
1698
1699
1700
1701
1702
1703
1704
1705
1706
1707,1710
1709
1711
1712
1713
1714
1715
1704,66,70
376,1709
1716
1717
1718
1718,1660
1719
1720
1721
1722
1723
1724
1725
2776,2702,2698
1729
1729
1730
1731
1732
567
1733
1734
1735
1736
1737
1738
1739
1740
1741
1742
1880
1743
2299,1881
1746,1750,1744,1748,1745,1749,1747
1751
1755
1756
1757
1758
1759
1762
1761
1760
1761
1762
1763
1764
1765
1766
1767
1768
1769
1770
1752,1775,1754,1774
2173,409,550
1771
462,1773
1462,1850
1772
1776
2741,2473,2783,2836,2660,2697
1778
1780
1781,1780,1869
1781
694,1787
695
1788
1789
1827,1833,1835
1834,1836,1828
1793
949,1801
1803
1805
1806
1807
1808
1809
1810
1828
1819
1825
1829
1830
1831
1832
286
286
1837
286,979
1839
286
1841
1842
1846,1845,1847
1844
1848
1849
1850
1851
1852
1853
1854
1855
1856
1857
1858
1859
1860
1862
1863
1864
1865
1866
1868
845
1871
1872
1873
1874
1876
287,1875
1877
286
1878
1879
1882
1883
1884
899,2094,1850,2249
512,1753,2095,900,2175
1887
1888
1889
1890
1894,1892,1893
1895
1864
1891
1897
1900
1901
1903
1904
1905
1906,1908,1907
1909
1910
1911
1912
1913
1925
1926
1927
1928
1929
1930
1931
1932
1933
1934
1930
1936
1937
1938
1939
1940
1941
1942
1991
1944
1942
1945
1946
1947
1948
1949,1950
1951
1955
1956
1957
1958
1959
1960
1961
1962
1963
1964
1965
1966
1967
1968
1969
1970
1972,1970
1971
1972
1973
1974
1975
1976
1977
1978
1979
1980
1981
1982
1983
1984
1985
1986
1983,1986
1984
1987
1988
1989
1990
1985,1990
1982
2046,2047,2048
1993
487,1454
1994
1995
1996
1997
1997
2002,1998
2000
2001
2003
2004
2005
2006
2007,2008
2009
2010
2011
2012
2013
2015
29,223,316
2017,2034
2018
2019
2020
2021
2302,793,570
2150,2020
2302,2022,794
2630,2303,2302
737,571,1781,914,2023,1782,1780,1726,2325,954
2162,997,2025
2026
2027
2028
2029
2416,2030
2032
2033
1729,2033,1093
1729,2643,1094
1729,2761,2033
1729,2762,2033
2035
2036
2037
2038
2039
2040
2042
2043
2050
2051
2052
2053
2054
2055
2704,511,2691,2661,2627,2519
2649
2058,2059
2649
2062,2061
2831,2785,2525,2618,2524,2684,2619,2513
2063
2066,2064
2065
2067
2068
2069
2070
2071
2072
2073
2074
2076
2083
500
2080
2077
2081
2078
500
2082
2079
2084
2085
2086
2087
2088
2089
2090
2092
2093
2094
2096
2097
2098
2099
2100
2101
2102
2103
1479,1483,1477
1479,1483,1478
2104
2105
2106
551,1956,10
2050
555,445,1042
2107
2108
2109
2110
2111
2112
2113
2586
2114
2115
2117
2119
2121
2123
2123
2124
2520
2125
2125
2126
2499
2127
2127
2499
2128
2128
2131
2132
2133
2134
2135
2136
2137
2138
2139
2141
2142
2143
2144,731
914,2144
2145
2148
2149
2150
2151
2152
2153
2155
2155,2153,2778,2780,2779
2154
2777
2157
2161,2159,2158,2160
2162
2164
2165
2166
2167
2168
2169
2170
2171
2172
2176,2198
2178
2179
2180
2182
2183
2184
2187
2188
2191
2291,2289,2197
2199
2200
2201
2202
2205
2206
2207
2208,2718
2211
2212
780,2212,2275,2262
2213
2214
2215
2216
2217
2218
2219
2220
2712
2221
2222
2223
2224
2225
2226
2227
2228
2229
2230
2231
2631,2500,2613
2232
2235,2236,2243
2242,2234
2233,2241
2240
2238
2245
1488
2245,1843
2245,1228
2216,2245,1843
2245,2331
2237
2177,2246
2185,1443
2186,1440
2244
2216,2244
2244,1066
2244,957,1843
2244
2239
1592
1699
2247,1843
2247,2183
2216,2247,1843
2247,863,1843
2247,1046,1843
2247,1431,1843
2216,2247,1843
2216,2010,1843
2227,1843
2248
2250
2252
2531
2253
1587,1942
1942
2254
2255
2256
1569,2256
2257
1942
2258
2259
2263
2263
2817,2638,2816,2529,2636,2637,2639
2265
2266
2267
2268
2269
2270
2271
2272
2272
2273,2391
2275
2276
2277
2278
2279
2280
2281
2282
2283
1090,2283
2285
2286
2287
2288
2290,2289,2196
2292
2293
2294
2296
2298
2300
2301
2302
2303
2304
2307
2308
2308
2562
2309
2135
671,2309
2311
2313
2314
2315
2316
2317
2319
2320
2321
2322
2323
2324
2326
2327
2328
2329
2330
2331
2332
2333
1671,2335
2337
2338
2339
2594,2591,2375,2376,2406
2339,2592,2830,2376
2340
2341
2342
2343
2344
2345
2346
2348
2350
2350
2351
2129,2352
2353
2354
2355
2356
2357
2358
2359
2360
2361
2362
2363
2364
2365
2365
2590,2366
2590
2366
2590,2366
2347
2367
2368
2369
1200,1201
2370
2371
2372
2373
2374
2390
2392
2393
2394
2396
2587,676,1042
2397
2398
2399
2400
2401
2401
2402
2403
2404
2405
2406
701,1062,2588
2407
2408
2409
2410
2589,1090,2410
2389,2388,2386,2381,2385,2383,2377,2146,2380,2378,2379,2384,2387,2382
2411
2413
2414
2415
2417
2419
2420
2610,2617,2623,2522,2688,2742
2421
2422
2833,2745,2744,2605,2464
2423,2424
2425
2426
2427
2428
2429
2431
2432
2433
2434
2454
2455
2456
2457
2458
2459
2462
2463
2465
2466
1919,1918,1920,1916,1922,1915,1924,1917,2467,1921,1923
538,1914
2468
2469
2470
2471
2472
2474
2475
2476
2477
2478
2479
2481
2483
2484
2485
2491
2494
2496
2497
2492,2495,2493
2499
2501
2502
2503
2504
2505
2506
2507
2508
2509
2511
2514
2306,2305,1029
2306,2305,1028,669,674
2517
2520
1992
2521,1454
2523
2526
2805,2640
2528
2530
2641,2806
2532
2533
2528
2539,2535,2537,2536,2540,2534,2538
2546,2544,2547,2545,2541,2543,2542
2552,2548,2550,2549,2551,2554,2553
2557
43,75,382
2560
2562
2563
2573
2577,2573
2565
2567
2575
131,2580
2568
2590,2569
2571
2592,130
2575
2576
2578
2579
2581
2582
2583
2584
2585
2586
2593
2594
2594
2595
2596
2597
2598
2599
20,25
2601
2602
2603,2604
2606
2606
2608
2609
2611
2614
2740,660
2615
2740
2616
1322,660
1861
2740,1861,666
2430,2740,1861,890
2740
932,1759
2163,423,584
2624
2625
2635,2626,2515,2556,2558
2633
2634
682,1577
2642
1729,1093
2720,2642
1729,1094
1730
2643
2644
2645
300,362,363
2646
2647
2648
962
1777,2651
2655
2656
2657
2658
2659
2663
1551,1554,1559,1548,1544,1560,1545
2670,2668
2667
2669
2671
688,1995
2460,2518
1953,2674,1954
2679
2675,2678,2673,2677
2681
2685
2686
2297,688,2498,516,524,520,587,523,525,519
1051,588
2692
2694
2695
2696
685,1565,637,616,1778
949,2457,608,979,1733
688,689,2296,517,520,587
2701
2706
2705
2707
2708
1729,2709
1729,2709
1729,2710
1729,2721
2713
2714
104,377
105,63
2716
2751,2676
2717,2021
2725
2719
2031
2722,1322,661
606,2736,1322,661
2723
2724
2726
780,2728
2730
2732
2733
2734
2727
2736
2737
2738
1987
2120,2118,2116
2752,1953,2674,1954
2739
949,2457,979,2646
410
2746
2747
2748
614
2749
2731
2733
2750,942
2753
2759,2757
2756
2758
2756,1093
2756,2720
1729,1094
2760
2765
2766
2767
2768
2769
2770
2771
2772
2773
2775
2779
2780
2781
2496,396
2784
2786
2788
2789
2793
2297,688,689,1995
524,523,2795
2690,2683,2764,2755,2787,2527,2632,560,2794
2797
2134,1945,1946,1632,1634,2133,1947,2132
2799
2800
2801
2802
2803
2804
2807
2808
2809
2812
2814
2815
2819
2820
2821
2822
2823
2824
2825
2829
2834
2438,2447,2437,2443,2441,2446,2451,2440,2450,2436,2449,2439,2453,2445,2444,2448,2452,2435,2442
2837