0,1
2
3
4
5
976,2295
1172
1172
10
24,214
11
12
13
14
15
16
17
18
574,1186,1469,2563,2572,2576
445,2565
129,500
129,500,1062,1433,2574,2578
800,2365,2411,2568,2589
677,2395,2569
702,2570
702,2338,2405,2570,2593
702,2405,2570
1042,2573
1062,2574
1062,1433,2574,2578
677,1042,2311,2395,2565,2569,2573,2592
445,677,2565,2569
129,500,702,2570
755,1090,2348,2409,2567,2571,2575,2594
2411,2589
19
21
21,2419
22
23
24
26
27
28
29
30
31
32
33
34
35
36
37
38
30,224
41
42
44
45
46
47
48
49
50
51
52
53
54
55
56
57
58
59
60
61
62
63
64,65
67
68,69
71
72
73
74
76
77
78
79
80
81
82
83
84
85,86
87
88,89,90
89,90
91
92,103,118
93
94
95
96
6,40
98
99
100,383
101
102
104
105
106
107
108
109
110
111
2,111,112
112
113
114
110,114
115
115,116,117
116
117
119
120
121
122
123
124
125
126
127
128,1461,1603,2074
129
132
133
134
135
136
138
139
141
142
143
144
145
146
147
148
149
150
151
152
153
154
155
156
157
158
159
160
161
162
163
164
165
166
167
168
169
170
171
172
173
174
175
176
177
178
179
180
181
182
183
184
185
186
1031,1034
188
189
190
191
192
193
194
195
196
197
198
199
201
202
203
485,1324,2055
204,206
205,580
1661,2214
1661,1661
207
208
209
210
211
212
213
215
216
217
218
219
220
221
222
225
226
227
228
229
230
231
232
1473,1669,1808,1809
708,1631,1674,1819,2335
235
236
237
238
239
240
241
242
243
244
245
246
247
248
249
250
251
252
253
254
255
256
257
258
259
260
261
262
263
264
265
266
267
268
269
270
271
272
273
274
275
276
277
278
279
280
281
282
283
284
285
286
288
289
290
291
292
293
294
295
296
297
298
299
631,1730
1730,1941
302
303
304
305
306
307
308
310
311
312
313
314
315
316
317
318
320
321
322
323
324
233,234
326
327
328
329
330
331
332
333
334
335
336
337
338
339
340
341
342
343
344
345
346
347
348
349
350
351
352
353
354
355
356
357
358
359
360,361
630,1627
632
1942
779,1471,2456
1626,1627
364
365
366
367
368
369
370
373
374
375
376
377
378
379
380
381
43,75,382
384
385
386
387
388
389
390
391
392,1728,2686
393,2198,2281
393,2198,2283
325,1672,1673
490,2456
490,2088,2456
394,983,1831
396
397
398
399
400
401
406
402
403
403,1786,1867
404
405
1481,1727
1481,2263
410
411
412
413
414
415
414,1730
416
417
416,1730
419
420
421
424
426,1630
425
427
427,1572
416,627
428,429
431
430
432
433
434
435
436
437
579,1004
438
439,440
441,442,443
444
445
445,677,1042,1432,2395
445,677,1042,2395
445,677,1042,1432,2311,2395
446
447
448
449
449,1776
451,453
450,452
454
455
456
457
458
459
460
461
463
468
469
463,469
464,470
465,471
466,472
467,473
469,888
474
475
477
478
479,1467
480,485,1324,2055
480,2306
481,2306
482,535
483
483,535
484
486
488
489
491
492
492,1870,2023
493
493,2516
493,2645
494
2509,2688,2710,2798,2835
496,497
498,1596,2729
495,779,996
500
129,500,1062,1433
500,702,1062,2405
500,702,1062,1433,2338,2405
501
2043,2044,2048
502,2043,2044
503
504
505
506
507
508
509
510
513
514
515
516
518
519
521
522
525
526
526,2782
527
528
529
530
532,533
531,1987
530,1988,1998
534,536
537,539,540,541,542,543,544,545,546,547,2260
548
549
551
552,2485
552,2485,2486,2487,2488,2489
2486,2487
553
554
555
555,755,1090,1464,2409
555,755,1090,1464,2348,2409
445,934,2100
555,934
561
562,2075
563
1885,2056,2648
1886,2059,2648
564
565
566
567
568
569
502,2044,2735
572
573
574
574,2563
574,1186,1469,2563
575
576
577,1729
576,1011
579
580
581
582
583
585
586
613,918,2013,2146
2479,2481,2619,2621,2665,2811
590
591
592
593
594
594,1566
192,1455,1463
597
598
599
600
601
602
603
605
606
607
608
609
493,609
609,1089
610
611
598,611
612
371,372,625,2511
615
616
617
618
619
620
621
622
623
626
627,1730
628,1730
629
633
634
635
636
637
640,641,642,643,644,645,647
639,649
648
650,651,652,653,654,655,657
658
659
660,779
663
664
666
667
794,2200
668
668,2134
670
670,675
671
672
673
676
677,1042,1432,2395
677,1042,2395
678
679
680
681
682
682,2030
684
685
686
688
689
690
691
692
693
827,835
818,2599
694
697,699
698,2671
700
701
702
702,2338,2405
702,2405
702,1062,1433,2405
703
704
705
706
707,1670
709
710
711
712,713
714
715
716
717
1590,2188,2189,2273,2294
718,719,720,721,723
722
724
725
726,727,728,729
730,1994
731
732
733
734
517,519,520,523,524,525,587,689,690,2296
735,2497
525,736,1326
737
739
595,604,750,751,845,1779,2417
740
741
742,743,744,745,746,747,749
646,656,748
752
753
754
755
755,1090,2409
756
165,756
499,756
669,757
165,756,1026
758
759,998
759,2645
762
761,1887
763,964,968
763,965,968
764
589,764
765
766
768
2560,2663,2702,2784,2828,2832
767,768
770,2784
768,769
771,996
771,997
772
773
774
775
776
777
1447,1449,1466
1446,1448,1450
779
781
782
783
1653,1654
784
785
786
787
639,649,780,787
788
789
790
791
609,665,687,738,1216,1639,1780,1781,1783,2209,2317
395,984,1831
1214,1784,1785,2202,2203
45,494,716,1926
795
796
797
798
798,2357
137,140,319
800,2365,2411
800,2411
800,2568
760,2627
760,2628
705,801
802
803
804
805
806
807
808
809
810
811
812,813,814,815,816,817,820
821,822,823,824,825,826,828
829,830,831,832,833,834,836
837
838
839
840
841
842,1630
843
675,843,1574
843,1954
846
847
848
849
850
851
852
853
854
855
856
857
858
859
860
861
862
863
864
865
7,8,9,309
866
867
868,869
2606,2692,2743,2763,2827
870
870,872
872
874
2664,2810
875,978
876,877
878
596,879,1951,2460
880
881
882
883
884
885
886
887
888
889
890
891
892
893
894
895
896
1708,1711
2153,2155,2156
897
39,72,97
835,2599
646,2554
819,827,835
898
900
901
902
903
904
905
906
907
908
910,1042
910,1090
43,75,312,382
911
912
914
915
916
917,1093,1729,2032,2641
917,1094,1729,2032,2642
917,1093,1729,2032,2761
917,1094,1729,2032,2762
919
920
921
922
923
924
500,925,926,948
500,925,926,949
927
928
929
930
624,676,1759
931
932
871
933
556,557,558,559
991,2394
990,2394
935
936
937
936,1613
941
943
936,938,939,940,941,942,943,944,945
946,1571
1580,1898,1934,2259
947
948
949
950
951
952
954
955
955
956
1579,1897,1929,2258
957
958
959
960
962,966
963,967
948,968
949,968
969
846,1897,1929,2090,2139
969,970
969,2786
971
972
973
974
975,977
978
980
981
980,981
982
1793,1805,1826,1830,1832,1838,1840,1841
985
986
987,1461,1603,2074
187,987,1461,1603,2074
988
989
990
991
992
993
994
995
996
997
999
1000
1001
1063,1090
578,1004
1186,2572
1006,1011
1002,1090
1007,1011
1005,1090
1008,1010
1009,1010
1004,1011
1187,1188
1015,1016
1013,1014
1003,1012
1017
1018
1019
1020
1021
1022
1023
1024
1025
1327,2300,2500
741,778,1535
476,595,604,750,751,845,1068,1069,1070,1071,1072,1073,1325,1779,2191,2192,2193,2194,2417
1026
165,1026
1026,2418
1027,2304
1029
1030
1029,1030
1032
1033
1035
1035,1036
1036
1037
873,1037
1037,2173
1038
1039
1040,1059
1041,1061
1042
1043
1044
1045
1046
1047
1048
1049
1050
1004,1011,1052
1003,1011,1052
2611,2620,2679,2681,2792
1054,1055
1003,1011,1053
1056
1057
187,1057
1058
1059
1060
1059,1060
1061
1062
1062,1433
1064
1065
1066
1067
1074,1077
1075
1076
1078
1079
1080
1081
1082
1083
1084
1085
1086
1087
936,1088
1090
1091,1730
1091,1093,1729
1091,1729,2720
1092,1730
1092,1094,1729
1092,1729,2721
1095
1096
1097,1098,1099,1100,1101,1102,1103,1104,1105,1106,1107,1108,1109,1110,1111,1112,1113,1114,1115
1116
1117
1118,1119,1120,1121,1122,1123,1124,1125,1126,1127,1128,1129,1130,1131,1132,1133,1134,1135,1136
1137,1138,1139,1140,1141,1142,1143
1144
1145
1146
1147
1148
1149
1150
1151
1153,1154,1155,1156,1157,1165,1170
1152,1158,1159,1160,1161,1162,1163,1164,1166,1167,1168,1169
1152,1153,1154,1155,1156,1157,1158,1159,1160,1161,1162,1163,1164,1165,1166,1167,1168,1169,1170
1171
1172
1173
1174
1175
1176
1177
1178
1179
1180
1181
1182
1182,2300
1183
1184
1186,1469,2572,2576
1185
1185,1408
1189
1190
1191
1192
1193
1194
1195
1196
1197
1171
1171
1198,1203,1336
1199,2208
1202
674,1231,1604,2250
1204
1205
1206
1207
1208
1209
1210
1211
1212
1213
1215
1217
1218
1219
1219,2671
1220
1221
1222
1223
1407
1224,2796
1225
1226
1227
1228
1229
1230
1232
1233
1790,1791,1792,1794,1795,1796,1797,1798,1799,1800,1803,1812,1813,1814,1815,1816,1817,1818,1820,1821,1822,1823,1824
1235
1236
1237
1238
1239
1239,1318
1240
476,1068,1069,1070,1071,1072,1073,1325,2191,2192,2193,2194
1241,1242,1243,1244,1245,1246,1247,1248,1250,1251,1252,1253
1254,1255,1256,1257,1258,1259,1260,1261,1263,1264,1265,1266
1267,1268,1269,1270,1271,1272,1273,1274,1276,1277,1278,1279
1280,1281,1282,1283,1284,1285,1286,1287,1289,1290,1291,1292
1293,1294,1295,1296,1297,1298,1299,1300,1302,1303,1304,1305
1306,1307,1308,1309,1310,1311,1312,1313,1314,1315,1316,1317
1319
1320
1321
1321,2671
1322
1323
1249,1262,1275,1288,1301,1318
1327
1328
1329
1330
1331
1331,1333
1332
1334
1335
1336
1337
1338
1339
1340
1341
1342
1343
1344
1345
1346,1347,1348,1349,1350,1351,1352,1353,1354,1355,1356,1357
1358,1359,1360,1361,1362,1363,1364,1365,1366,1367,1368,1369
1370,1371,1372,1373,1374,1375,1376,1377,1378,1379,1380,1381
1382,1383,1384,1385,1386,1387,1388,1389,1390,1391,1392,1393
1394,1395,1396,1397,1398,1399,1400,1401,1402,1403,1404,1405
1406
1182,1406,1764
2649,2651,2652,2653
1408
1409
1410
1411
1412
1413
1414
1415
1416
1417
1418
1419
1420
1421
1422
1423
1424,1426
1425
1427
1428
1429
1430
1431
1432
1433
2129,2699,2813
1436,1437
1434,1435
1438
1439
1441,1442
1440,2715
1802,1811,1829,1834,1836
1445
1451
1452
1453
1455
1456,1458
287,1457
1459
1460
1463
1464
1416,1465
1468
1488,2121
2015,2016,2033
1469,2576
1470
200,301
1444,1806,1807,2328
1234,1472
1474
1475
1476
408,1480
407,1482
1485,1486,1487
1485,1486,1487
1488
422,979,1484,1600,1895,1901,2040
1489,1490,1491,1492,1493,1494,1495
1496,1497,1498,1499,1500,1501,1502
1503
1504,1505,1506,1507,1508,1509,1510
1511,1512,1513,1514,1515,1516,1517
1518,1519,1520,1521,1522,1523,1524
1525,1526,1527,1528,1529,1530,1531
1532
1533
1534
1535
1536
1537
1538
1539
1540
1541
1542
1543
1544
1546
1547
1549
1550
1551
1552
1553
1554
1555
1556
1557
1558
1559
1560
1561
1562
1563
1564
1565
1566
1567
1568
1569
1570
1571
1572
1573
1575
1578
1579
1581
1582,1928
1583
1584
1585
1586
1587
1576,1588
1589,2309
1591
1592
1593
1594
1595
1597
1598
1599
1601
1601,1602
1605
1606
1607
1608
1609
1610
1545,1548,1560
1611
1607,1608,1609,1610,2275,2610,2788,2789
1612
1614
1615
1616
1617
838,1617
1618
2515,2661,2698,2754,2791,2818,2826
948,1619
1620,1621
2698,2774,2790,2791,2826
948,1622
1623,1624
1625
1628
1570,1628
1629
1572,1629
418,909,1804,2333
1632
1633
1634
1635
1636
1637
1638
1640
1641
1642
1643
1643,2325
1644,1645,1646
1647
1648
1649
1650
1651
1652
1653
1654
1655
1656,1657
1655,2558
1655,2559
1657
1658
1659
1660
1661
799,2456
1663,2456
1662,2456
1664
1665
1666
1667
1668
1669
1672
1673
1674
1675
1225,1676
1677
1677,1679
1678
1679
1680
1680
1678,1680
1679,1680
1680,2178
1681,2180
1682
1682,1685
1683
1683,1685
1684
1684,1685
1685
1689
1690
1686,1691
1687,1691
1688,1691
1692,2559
1693
1694
1695
1696
1697
1698
1699
1700
1701
1702
1703
1704
1705
1706
1707,1710
1709
1711
1712
1713
1714
1715
66,70,1704,1705
376,1706,1709
1716
1717
1718
1660,1718,2177
1719
1720
1721
1722
1723
1724
1725
2697,2701,2776
1729
445,1729
1730
1731
1732
567,693
1733
1734
1735
1736
1737
1738
1739
1740
1741
1742
1880,2297
1743
1881,2298
1744,1745,1746,1747,1748,1749,1750
1751
1755
1756
1757
1758
1759
1760,1762
1761,1763
1760
1761
1762
1763
1764
1765
1766
1767
1768
1769
1770
1752,1754,1774,1775
409,550,1850,2172
1771
462,1752,1773
1462,1850,2087
1772
1776
2472,2659,2696,2741,2783,2836
1778
1780
1780,1781,1869,2149
1781
695,1787
696,1787
1788
1789
1825,1827,1833,1835
1826,1828,1834,1836
1793
948,1801
1803
1805
1806
1807
1808
1809
1810
1810,1828
1819
286,1825
1829
1830
1831
1832
286,1833
286,1835
1837
286,978,1837
1839
286,1839
1841
1842
1845,1846,1847
1844
1848
1849
1850
1851
1852
1853
1854
1855
1856
1857
1858
1859
1860
1862
1863
1864
1865
1863,1866
1868
844,1868
1871
1872
1873
287,1874
1876
287,1875,1876
1877
286,1877
1878
1879
1882
1883
1884
568,898,1850,2093,2248
512,899,1753,2094,2174
1887
1888
1889
1891,1892,1893
1894
1864,2075
1890,2075
1896
1899
1900
1902
1903
1904
1905,1906,1907
1908
1909
1910
1911
1912
1924
1925
1926
1927
1928
1929
1930
1931
1932
1933
1929,2770
1935
1936
1937
1938
1939
1940
1941
1941,1990
1943
1941,1943
1944
1945
1946
1947
1948,1949
1950
1954
1955
1956
1957
1958
1959
1960
1961
1962
1963
1964
1965
1966
1967
1968
1969
1969,1970,1971
1970
1971
1972
1973
1974
1975
1976
1977
1978
1979
1980
1981
1982
1983
1984
1985
1982,1983,1985
1983,1985
1986
1987
1988
1989
1984,1986,1989
1981,1990
2045,2046,2047
1992,2519
487,1454,1992
1993
1994
1995
1996
1008,1996
1997,2001
1999
1986,2000
2002
2003
2004
2005
2006,2007
2008
2009
2010
2011
2012
2014
29,223,316
2015,2016,2033
2017
2018
2019
2020
570,792,2301,2302
2019,2091,2149
793,2021,2301,2302
2021,2301,2302,2629
571,738,913,953,1216,1726,1780,1781,1782,2022,2324
996,2024,2161
2025
2026
2027
2028
2029,2415
2031
2032
1093,1729,2032,2641
1094,1729,2032,2642
1093,1729,2032,2761
1094,1729,2032,2762
2034
2035
2036
2037
2038
2039
2041
2042
2049
2050
2051
2052
2053
2054
511,2518,2626,2660,2690,2703
2056,2648
2057,2058
2059,2648
2060,2061
2512,2523,2524,2617,2618,2683,2785,2831
2062
2063,2065
1982,2064
2066
2067
2068
2069
2070
2071
2072
2073
2075
2082
500,2076
2079
2076
2080
2077
500,2078
2081
2078
2083
2084
2085
2086
2087
2088
2089
2091
2092
2093
2095
2096
2097
2098
2099
2100
2101
2102
1477,1478,1479,1483
1477,1478,1479,1483
2103
2104
2105
10,161,551,1955
838,2049
445,555,1042,1090
2106
2107
2108
2109
2110
2111
2112
2112,2585
2113
1090,2114
1090,2116
1090,2118
1090,2120
1042,2122
1090,2122
2123
2123,2519
2124
2124,2519
2125
2125,2498
2126
2126,2496
2126,2498
2127
2127,2498
2130
2131
2132
2133
2134
2135
2136
2137
2138
2140
2141
2142
732,913,2143
913,1863,2143
2144
2147
2148
2149
2150,2495
2151
2152
2152,2154
2152,2154,2777,2778,2779,2780
2153,2155
2777,2778
2156
2157,2158,2159,2160
2161
2163
2164
2165
2166
2167
2168
2169
2170
2171
2175,2197
2177
2178
2179
2181
2182
2183
2186
2187
2190
2195,2196,2288,2290
2198
2199
2200
2201
2204
2205
2206
2207,2718
2210
2211
779,2211,2261,2274,2414
2212
2213
2214
2215
2216
2217
2218
2219
2711
2219,2220
2221
2222
2223
2224
2225
2226
2227
2228
2229
2230
2499,2612,2630
2230,2231
2234,2235,2242
2233,2235,2241
2232,2240
2239
2237
912,2244
1488,2244
960,1843,2244
1228,1843,2244
958,1843,2215,2244
1843,2244,2330
2184,2236
2176,2245
1443,2184,2236
1440,2185,2236
415,2243
417,2215,2243
1066,1843,2243
956,1843,2215,2243
2187,2243
2238
1592,2246
1699,2246
1225,1843,2246
1843,2182,2246
775,1843,2215,2246
862,1843,2215,2246
1046,1843,2215,2246
1431,1843,2215,2246
1701,1843,2215,2246
1843,2009,2215,2246
1843,2226,2246
2247
2249
2251
2251,2530
2252
1587,1941,2252
1941,2252
2253
690,2254
2255
843,1569,2255
2256
1941,2256
2257
2258
2261,2262
2262
2528,2635,2636,2637,2638,2816,2817
2264
2265
2266
2267
2268
2269
2270
2270,2271
2271
2272,2390
2274
2275
2276
2277
2278
2279
2280
2281
2282
910,1090,2282
2284
2285
2286
2287
2195,2196,2288,2289
2291
2292
2293
2295
2297
2299
2300
2301
2302
2303
2306
2307
2134,2307
2307,2561
2308
2134,2308
672,2134,2308
2310
2312
2313
2314
2315
2316
2318
2319
2320
2321
2322
2323
2325
2326
2327
2328
2329
2330
2331
2332
1671,2334
2336
2337
2338
2338,2374,2375,2405,2590,2593
2338,2374,2375,2591,2830
2339
2340
2341
2342
2343
2344
2345
2347
2349
2349,2478
2350
2128,2351
2352
2353
2354
2355
2356
2357
2358
2359
2360
2361
2362
2363
2364
2364,2410
2365,2411,2589
2365,2589
2365
2365,2411,2589
683,2346
2366
2366,2367
2368
1200,1201
2369
2370
2371
2372
2373
2389
2391
2392
2393
2395
677,1042,2395,2586
2396
2397
2398
2399
2400
2401
2402
2403
2404
2405
702,1062,2405,2587
2406
2407
2408
2409
755,1090,2409,2588
2145,2376,2377,2378,2379,2380,2381,2382,2383,2384,2385,2386,2387,2388
2410
2412
2413
2414
2416
2418
2419
2521,2609,2616,2622,2687,2742
2419,2420
2421
2463,2604,2744,2745,2833
2422,2423
2424
2425
2426
2427
2428
2430
2431
2432
2433
2453
2454
2455
2456
2457
2458
2461
2462
2464
2465
1914,1915,1916,1917,1918,1919,1920,1921,1922,1923,2466
538,779,1913
2467
2468
2469
2470
2471
2473
2474
2475
2476
2477
2478
2480
2482
2483
2484
2490
2493
2495
2496
2491,2492,2493,2494
2498
2500
2501
2502
2503
2504
2505
2506
2507
2508
2510
2513
1027,1028,2304,2305
670,675,1027,1028,2304,2305
943,2516
2519
1991,2519
487,1454,2520
2522
2030,2525
2639,2805
2527
2529
2640,2806
2531
2532
2527,2532
2533,2534,2535,2536,2537,2538,2539
2540,2541,2542,2543,2544,2545,2546
2547,2548,2549,2550,2551,2552,2553
2556
43,75,312,382
2559
2561
2562
2563,2572
2563,2572,2576
2564
2566
129,2574
129,131,2579
2567
2365,2568,2589
2570
130,2338,2591
2574
2575
2577
2578
2580
2581
2582
2583
2584
2585
2311,2592
2593
2338,2593
2594
2595
2596
2597
2598
20,25
2600
2601
2602,2603
2605
2134,2605
2607
2608
2610
2613
661,1323,2740
2614,2736
667,2740
661,2615
661,1323,2615
1861,2615
667,889,1861,2740
667,889,1861,2429,2740
1859,2740
469,931,1759
423,584,2162
2623
2624
2514,2555,2557,2625,2634
2632
2633
683,1577
1730,2641
1093,1729,2641
1729,2641,2720
1094,1729,2642
1730,2641
1730,2642
2643
2644
300,362,363
2645
2646
2647
961
1777,2650
2654
2655
2656
2657
2658
2662
1544,1545,1548,1551,1554,1558,1559,1560
2667,2669
1730,2666
1730,2668
2670
689,1994,2295
2459,2517,2675
1952,1953,2459,2673
2678
2672,2674,2676,2677
2680
2684
2685
516,519,520,523,524,525,587,689,690,2296,2497
588,1051
2691
2693
2694
2695
616,638,686,1565,1778,2083
608,948,978,1733,2456,2645
517,519,520,587,689,690,2295
2497,2700
2705
1803,2704
2706
2707
1093,1729,2708
1729,2708,2720
1094,1729,2709
1729,2709,2721
2712
2713
2714
62,104,377
63,105,378
2716
2459,2675,2751
2020,2717
2456,2725
2719
2030,2719
662,1323,2722,2736
606,662,1323,2722,2736
608,2723
2724
2726
779,996,2728
2730
2732
2733
2734
2727
2736
2737
2738
1986,2738
2115,2117,2119,2738
1952,1953,2459,2673,2752
2739
207,948,978,2456,2645
410,2002
2746
2747
2748
614
2749
2731
2733
941,2750
2753
2757,2759
1730,2756
1730,2758
1093,1729,2756
1729,2720,2756
1094,1729,2758
2760
2765
2766
2767
2768
2769
2770
2771
2772
2773
2775
2779
2780
2781
396,2495,2498
2784
2786
2788
2789
2793
516,689,690,1994,2296
523,524,525,2795
560,2526,2631,2682,2689,2755,2764,2787,2794
2797
1632,1633,1634,1944,1945,1946,2131,2132,2133
2799
2800
2801
2802
2803
2804
2807
2808
2809
2812
2814
2815
2819
2820
2821
2822
2823
2824
2825
2829
2834
2434,2435,2436,2437,2438,2439,2440,2441,2442,2443,2444,2445,2446,2447,2448,2449,2450,2451,2452
2837