253,658
1024,1936
2
2,3273
3,2614
4
2920,2921
3199
3207
135
7
135,733,734
232,3209
10
1324
1453
1871,2941
1871,2942
3184
3207
1323,3306
135,734,1678,2408
2724,3373
17,2959
2723,3378
19,2959
1796,1797
21,2959
2083,2084
2355,2721
23,2959
25,2748,3178
25
26
28
30,31
29,1361
32,257
35
36
36,2037
38
38,2400
38,2401
40
52
54
55
57,2304
58,62
59
58,106,107,1144,2441,2450,2455
59,60
61,1845
729,1761,2218
65,1627
67
68
69
71
70,2137
73,2663
82
55,82
83,2667
83,3239
83,3239
84,1689
84,2759
84,2759
85,1677,1833,2628,2633
85,1677,2628,2633,3217
86
87
93
94
96,696,805,2048
97,98,100,101
96,192,697,805,2048
109
110
45,46
48,49,117,118,119,120,121,122
129
130
131,1848
134
134,712
135
135,575,1171,2699
135,2087
144
145,2105
147
149
54,1935,1939,2136
151,2489
152,2489
2116,3186
675,714,2212,2232
2138,3101
157
2681,2686,2687,2695
2677,2690
263,264
184,3286
1032,2223
1031,2224
166,167
161,2591
161,3210
194,907
162,988
162,931
163,946
163,2559
165,2157
163,3249
164,2160
164,2265
162,1046
162,2265
533,1301,3159
3147
170
172,2465
170,3158
171,3115
171,3340
716,3336
692,3071
811,2871,2947
174
174,3135
792,793,794,795,796,797
176,179
177
738,739,743,747,750,753
179
179,1932
181
182
182,695
201,2305
448,1752,1869,2624
448,1869,2624,3295
448,1869,2624,3291
448,1869,2626,3291
448,1869,2627,3291
181,1628,1629
185,1809
181,216
181,1632
186,269
186,270
187,2489
9,186,267
186,271
181,3117
188,2614
188,3114
189,3118
190,238,1960,2183,2884
190,1960,2183,2884,3280
190,1960,2183,2884,3298
182,1877
1171
109,959
109,1002
42,44,47,56,93,111,123,124,125,146,223,275,276,326,345,405,406,505,594,606,648,649,651,653,669,738,739,773,780,783,788,831,851,853,922,927,928,929,957,958,961,968,969,974,977,990,1004,1053,1057,1058,1145,1161,1556,1608,1801,1819,1835,1898,1900,1901,1957,2010,2040,2072,2085,2089,2090,2176,2209,2214,2215,2229,2231,2245,2260,2301,2303,2382,2395,2396,2403,2442,2468,2481,2487,2604,2749,2765,2794,2796,2797,2803,2845,2883,2892
37,43,114,137,140,142,197,229,234,279,467,468,502,541,571,592,593,729,772,774,919,945,970,980,1143,1742,1743,1744,1782,1788,1813,1820,1867,1970,1973,1994,2155,2207,2233,2234,2235,2236,2335,2337,2338,2341,2359,2529,2539,2605,2612,2615,2708,2709,2750,2879,2881,2897
220,3310
196
477,480
432,2111
200
204
2159,3100
205
205,1814
208,210
211
212
473,474,1633
220
190,1960,2884,3280,3327
220,988,2499,2559
221
222
223
223,1783
225,226,227,228
224,1932
231
232
148,231
149,231
231,2534
234
236
2932,3047,3383,3389,3412
191,237
239
239,2725
240
240,2915
241
241,427
242
157,242
246,247
244,3354
240,243
245,2201
248
157,248
249
249,2434
250
250,1635
251,657,2371,2517
252,2002
254
207,209
255,2020
205,353
353,3116
757,2678
755,757,759
757,759
259,400
755,757,759
258,404
179,260
261,267
2697
262,1048
262,2698
262,3048
265,1048
265,2872
2704
268
272
273
274
278,306,684,685,687
276,3005
277,511
277,510
279
279,280
280
280,317
281,318
276,283
282,685
276,284,286
181,289
287,291,3045
291
292
305,687
4,305
304,305
296,300
294,298
3006,3007
302,303
293,521
683,687
684,687
297,301
292,307
295,299
308,3045
310,311
3020,3365,3413
309,312
314
314,317
315
317,318
315,316
317
319
311,321
320,325
320,325,327
322,328,332
320,325,327,328
311,313
325
327
329,330,331
332
333
334
336
336,675
338
338,2470,2608,2641,2644
339
339,1932
340
343
343,812
344,1319
344,1450
347
348
351
352
351,2116
351
2116,3186
354
355
357,359
357
358
359
361
362
363
360,363
365
366
367
369
14,605
377,385
378,386
400
404
407
409
409,3078
410
988,2159,2884,3113
413,479
413,2884
417,419,421,422
415,2624
418,420,423
416,2624
424
424,425
425
427
427,1222
427,675,1223
427,1930
428
429
429,2300
429,2299
188,428
431
431,470
433
434,477
198,434
434,480
985,3353
988,3353
2143,3353
440
441
445
448
450
449,453
451,2959
454
2294,2295
456
456,595
458,459,596,598
456,683
456,686
448,1350
462
463,464
282,462
462,686
466
324,332,466
469
472
476
480
483,1141
485
485,2299
487
489
490
489,959
489,1002
491,2347
491,2138,2902
491,2138,2497,2902,2907
491,2138,2497,2907,3285
494
498
499
507,2120,2232
509
510
511
513
513
282,513
513,1217
517,518,519,520
522,523
522
523
457,521
521,688
521,688
515,521
524
525
528,529
180,527
533
533,1297,1299
533,1299,1301
534,1674
534,1682
534,2849
533,1299,1790
533,1299,2019
535
538,2544,2547,2549
539,2545,2548
540,3209
538,2544,2547
542,1846,1847
254,543,675
544
545
545,2808
547
549
550,1717
551
551,1065
552,864
553,1065
554,864
555,2657
556,864
557,2658
561
562,864
563,2943
566
2,566
441,717
569,570
323,568
572
572,1968
573
574
575
576
576,580
577,581
578,1538
579,1653
580
580,614
582
583
2461,2617
2616,2617
595
282,595
597,599
595,686
595,3045
600
290,600
414,601
2069,2599
603
604,841
609,612
609,777,834
611,2999
613
544,613
613,1450
615,1546
617
617,2300
618
620
620,1481
621
623
624
625
630,635
631,636
632,637
627,3125,3134,3242,3263
633,3099
629,2578
629,987,3259,3296,3303
629,3316
628,3125,3134,3242,3263
626,635
626,636
635
635,1646,1942
638
642
642,1653
644
645,2193
647
659
660
86,660
675
2204,2205
677,2203
678,3138
356
682
282,682
282,511,682
282,511,682,2324
510,683
516,683
304,682
273,686
514,684
514,683
343
690
691
196,693,2115
1069,1070,1071,1072,1073,1074,1075,1076,1077,1078,1079,1080,1081,1082,1083,1084,1085,1086,1087,1088,1089,1090,1091,1092,1093,1094,1095,1096,1097,1098,1099,1100,1101,1102,1103,1104,1105,1106,1131,1143,2964,2965,2966,2967,2968,2969,2970,2971,2972,2973,2974,2975,2976,2977,2978,2979,2980,2981,2982,2983,2984,2985,2986,2987,2988,2989,2990,2991,2992,2993,2994,2995,2996,2997
196,693
567,698
699,1875
99,696
173,696
175,2614
701
704
706,2492
702,703
709,710
275,276
413,479,1249,2962
288,711
638,3287
712
2198,3001
714
3112,3122
370,3112
371,3112
372,3112
373,3112
715,2630
715,2630
3112,3185
3112,3121
716
716,2940
716,3233
719,3114
719,2142,3114
2807
561,717
717,2767
717,2768
717,718
719,2614
718,932,3338
717,1705
717,2013
717,1966
720
444,2944
723
727,728
725
726
727
728
180,728
180,724
731
1178,2874
731,732
731,2954
733
27,1639,2431
733,1239
738
749
750
757
763
763,2872
764,1923
766
767
764,768
765,769
767,2872
768,1923
1043,2874
771,1729,2219
786
739,743,744
448,798
739,743
738,757
799,1803
3165,3167,3168
934,1934,2931
803
776
806
804,807,1933
494,1722
2850,2870
2831
2835,2837
2834
657,785,856,1054,1055,1056,1188,1780,1878,1927,1975,2369,2370,2393,2404,2405,2409,2410,2411,2412,2413,2464,2503,2504,2535,2565,2772,2780,2787,2789,2841,2847,2912,2929,2930
811,1669
811,2869
812
813
815
816
817
817,818
818
816,820
819,821
820
821
822
825
828
827,830,3019
653,831,2231
832,1932
833
835
836
842,1932
568,1798,3029,3030
838,2882
846
847
943
349,350
849,2450
852
854
855
858,864,1906
862,1630
174,863
867
865,866
446,865
447,869
877,1846,1847
1945,1946,2619
675,878,879
881,1846,1847
2,1807,1945,1946
675,882,883
713,1945
675,885,888
887,1846,1847
890,892,895
898
898,3386
2696
2702
903
904
905
905,3394
906
905,907
905,908
908,3393
909
913
917
930
931
931,1752
931
369,933,988,3343
933,988,1694,3310
933,988,3310,3343
934
935
938
34,42,44,46,47,63,74,76,77,80,88,104,105,122,125,126,127,133,217,335,337,341,342,346,368,406,488,495,512,587,588,591,608,639,640,641,650,652,654,655,656,721,730,761,791,823,824,876,896,926,969,975,977,979,991,995,1001,1004,1005,1042,1066,1144,1167,1170,1172,1173,1174,1175,1188,1228,1555,1556,1557,1658,1695,1725,1726,1787,1795,1835,1838,1882,1894,1897,1898,1917,2030,2082,2091,2108,2125,2126,2133,2134,2172,2185,2188,2198,2200,2208,2210,2237,2238,2239,2240,2243,2244,2246,2247,2248,2249,2250,2251,2252,2253,2302,2327,2480,2570,2670,2720,2891,2892,2917,2919
51,103,114,128,138,139,140,266,439,462,465,482,552,554,589,595,770,779,781,782,784,789,790,837,839,857,859,919,921,945,1616,1620,1742,1743,1744,1761,1773,1775,1866,1958,1962,1995,2173,2207,2296,2346,2383,2483,2484,2488,2507,2511,2515,2523,2526,2597,2648,2653,2708,2791,2842
942
135,2933
944
946
985,1759
985,3105
950,3200
951
952
954,955
955
959
960
965,1028
965,966
965
966
967
621,623
972,1507
976
180,976
982
985
986
987
988
988,2559
946,988
988,3119
992
993,2151
994
996
997
998
999
1000
1002
1027
962,963
1030
966,1649
154,1028
153,1028
1031,2577
1031,3313
1028,1029
1034,2286
1034,2264
1028,2812
537,1035
1035,2286
1035,2264
1035,2542
1033,1800
1035,2593
1035,3210
1036,2264
1037
1038
1039
1041
1041,1762
1045
1045,1783
1045,1807
1045,2685
1046
1048
1051
1061
1061,1541
840,1050
1132,1712
1108,1109,1109,1111
1107,1109,1110,1112,1113,1114,1115,1116,1117,1118,1119,1120,1121,1122,1123,1124,1125,1126,1127
196,1077
1128,1713
196,2971
717,1715
196,1098
196,1099
717,1710
1136,1137
1134,1707
1134,1698
1136,1703
1699,1700
717,1708
1138,1140
196,1104
1141,1718,1719
484,717
196,1106
1142,1701
1144
1146
1147
1150
798,3028
1151
1152
1153
1154
1155
1156
1157
1157,3066
1162
1163,1164
1165,1582,2650
1167,1170
1170
1171
79,1176
78,1175
1177
1181,1182,1184,1185
180,1183
1186,2572
1185
1040,1149
1192,1208,1503
1194,1202,1500
1195,1200,1203
1196,1200,1204
1209,2921
1210,3343
1197,1205,1498
1198,1206,1501
1199,1207,1502
1211,2288
1215,2288
1193,1201,1499
973,1505,1520
682,1191,2619
1218
1220,1222,1223,1224,1225
1222
1223
1226
1226,1227
2143,3277
1227
1229
1178,1735,2874,3396
1231
1233
1235
1237
1639,1916
1239,2673
1241
1243
1245
1247
1249
1251
1253
1257,1267
455,1220,1959,2889
1255,1265
1259,1262
1260,1262
1260,1263
1260,3126
1255,1266,2586
1255,1266,3204
1255,1266,3203
1255,1266,3206
1261,2805
1262,2806
1264
1264,1646,2585
1265,1648
1265,3392
1264,2849
1267
1268
1269
1269
1270,1273
1271
1881,2186,2772,2773,2774,2775,2776,2779,2781,2783,2785,2786,2788
3021,3026
3192
195,536,694,872,953,1234,1256,1272,1579,1874,1911,2053,2187,2259,2564
1270,1280
1270,1278
1275,2543
1270,1277
1270,3128
1279,1281
1280,1648
1282
1282,1288,1313
1282,1289,1314
1282,1314,3289
1283,2576
1283,3202
1284,1286
1285,1288,1313
1287
1287,1646
1297
1298
1299
1301
1301,1950
1301,3157,3159
533
1484,1538
1484,1535,3133,3134
1302,2574
1302,3199
1321,3199,3207
1303
1303
1304,1311
1305,1313
1306,1315
1307,1315
1308,2587
1308,3323
1309
379,381,384,387,389,391,393,395,621,625,662,664,666,1319,1324,1365,1378,1522,1549,1763,1940,2715
380,382,383,385,388,390,392,394,622,634,661,663,665,1320,1325,1366,1377,1379,1523,1550,1764,2712
476,480,618,861,1220,1389,1398
478,481,619,860,1221,1390,1399
399,401,403,920,1407,2259,2732
398,400,402,919,1406,2258,2733
1310,1646
1312
1312,2805
1316
1317
1316,1317
1319
1320
812,1319
1319,1324
1322,1330,1333
1322,1330,3333
1323,2590
1322,1329
1324
1324,1434
1327
1327,2805
1328,1332
1331
1331,1649
1334
1335,2581
1335,3315
1338,1646
1320,1325,1377,1379,2712
1322,1384,2715
860,1614,1617,1619,1621,2890
861,1613,1616,1618,1620,2889
1334,1341
1334,1340
1336,1516
1337,1646
1339
1339,2805
1341
1342
1342,1347
1343,1468,1471
1343,3251,3252,3256,3257
1344,2500
1344,2588
1344,3259
987,1345
946,1346
1346,2560
1346,3249
1344,3262
1342,1467,1470
1347
1343,1467,1470
1348
1349
1350
1352,1355,1359
1356
1357,1361,1364
1361
1353,1361,1363
1362
1363
1364
1365
81,1366
80,1367
1369
1365,1372
1370,1374
1371
1365,1371
1371,1497
1372
1372,1497
1373,2505
1374
1375
1375,1414
1375,1415,1418
1376,2587
1376,3323
1379
1380
1381
1382
1383
1378,1940
1384,1389
1384,1398
1386
1387
1388
1388,1401
1386,1401
1386,1405
1389
2946,3050
1385,1400
1394,1574
1393,2749
1392,1924
1392,1924,2749,3232
1395,1570
1395,3088
1396,2759
1395,3176
1389,1391
1389,1398
1397,1406
1398
1400
1401
1402
1402,1479
1405
1406
1408
1409
1409,1414
1410,1650
1410,3266
1411,2587
1411,3207
1409,1418,1432
1412
1412,1646
1413,1418
1418
1419
1419,1424
1420,1470
1421,1472
1422,2580
1422,3314
1423,1646
1425
1425,1430
1313,1426
1314,1425,1432
1314,1425,3247
1427,2265
1428,2587
1428,3323
1429
1429,1646
1418,1430
1433
1425,1433
1434
1326,1330,1441
1326,1328,3250
1436,2587
1437,2590
1436,3306,3323
1326,1328,1440
1438
1438,1649
1442
1414,1442
1443,2577
1417,1442
1443,3201
1431,1442
1418,1432,1442
1444,2587
1444,3207
1445
1361,1362,1446
1447
1314,1416,1447
1448,2577
1448,3201
1413,1447
1313,1449
1450
812,1450
1451,1454,1538
1451,1455,1537
1451,3253,3299
1452,2574,2587
1453
1453,1646
1408,1464,1470,3256,3290
1459,2593
1459,2500
1459,3259
1459,3210
1463,1470
1465,1470
1461,2614
1461,3263
1408,1464
1462,1467
1464
1466
1466,1646
1469
1469,1651
1474
1475,1477
1476,2081
1478
1478,2231
1479
1403,1479
1400,1404
1480
1480
1481,2297
1481,2467
620,1482
618,1480
620,1483
812,1319
1332,1484
1331,1484,3134
1485,2590
1485,3208
1484,1540
1332,1454,1484
1333,1455,1484
1321,2574,2587
1332,1484,1538
1333,1484,1539
2584,2590
1486,3199,3208
1405,1489
1400,1487
1488,1490,1491
1492
1386,1492
1405,1493
1494
1495
356,1495,1496
1496
1496,2531
1496,3183
1494,1496
680,1494
1474,1506
1504,1507
1506
624,1649
1508
1334,1508
381,1378,1522,1549,1940,2715
382,1377,1379,1523,1550,2712
92,385,585,850,910,1741
91,387,584,911,1740,3022
1508,1516
1340,1509
1510,2553
1470,1509
1511,1646
1512,3256
1513,2589
1513,3325
1514
1514,1649
1517
1517
1518,1521
1507,1519
1521
1522
1524
1525
1528,1530
1522,1531
1522,1534
1527,1536
1526,1538
2813,3296
1527,1538
1531
3379,3380,3390
1534
1531,1533
1318,1538
1535
1536
1535,1647
1541
1541,1547
1470,1542
1471,1542
1545,1593
1471,1543
1544,2593
1544,3210
1544,2147
1546
1546,1646
616,2792
1548,2587
1548,3207
1551
1470,1551,1554
1473,1551,1554
1473,1551,3269
1552,2596
1552,3316
1553
1553,1646
1697,2949,3032
1560,1624
1561
1562
942,3362
1564,2018
355,1565
1570
1571,3145
1570,1572
1571,3146
1571,3144
1577,3038
1570,3144
1570,3146
1570,3145
1572
1572,3144
1572,3146
1572,3145
1573
1574
1574,3068
1574,3070
1574,3069
440,717
1580,1581,1582,1585,1587,1588,1589,1590,1591
1582
1582,1589
3098,3184
1589
1589,2762
1591
1592,1594
1595
113,1055
1241,1646,1839,2179,2574,2835
733,1601
1595,1974
1595,2818
1595,2836
1596,1599
810,1055,1595
1602
1591,3205
1604,2810
1605,1725
828,1600
1607,3057
809,1595
904,1595
1582,1595
1595,2045
1595,2202
1595,1598
1609
1610,1618
1611,3063
1623
1623,3268
1625
1218,1626
1628,1631
1630,3074
186,873
186,867
186,874
1999,2007
1635
1636
1638,1725
1610,1622
1640,1812
1612,1620
1613,1620
1212,1457
1216,1460
989,1643
1643,2286
1643,2502
988,1644
1213,1458
1214,1456
1365,1378
1368,1381
1367,1382
471
1646
1646,1649
2948,3008,3370,3391
1649
1650
1651
2932,2948,3047,3370,3391
1651,1652
1651,2263
1651,3258
1647,1767
1647,2080
1655
1659
2851,2852,2853,2854,2855,2857,2858,2859,2860,2861,2862,2863,2864,2865
1661,2381
1662,1999
1660
1663,2772
1664,1665
1666
1667
1669
1670
1679,2762
1692,2759
1692,2759
1689,2665
1683,2665
1685,1688
1685,1687
1677,1689,2628,2633,3217
1671
1678
1681
1682
1684
1686
1686,2665
1686,3407
1692
1693,2838
1698
1701
1702,2807
1136,1704
1706,2807
1134,1706
1135,1709
1711
717,1711
1712
1713
1714,2971
1716
1718
1719
1720
548,1721
1722
1724
1725
804,1728,1933
2916,2917
1730
1731
1732
1733
1734,2479
443,971,1812
1737
1737,1873
1738
705,1738
1739
708,1739
1747
1748
1749
1750
1750,1783
1750,3078
1752
638,1752
8,1754
935,1756
1757
1758
1759
1760
180,1760
1219,1641
1762
1763
1535,1765
643,1766,2079
1653,1763
1767
1653,1654
1772,1774,1775
196,1770
1777
1778
1779
1781
1783
1783,3351
1785,1786
1642,1785
982,1783
409,1783
1792
1790
1793
1794,2730
1796
1796,3056
1798
583,935,1798
1800
1801
1027,1801
2012,2014
1802
1803
1804
1805
1806
1807
363
868,869
1810,2650
1812
1814
1818,2303
1814
256,1816
1814,2939
1821
1822
1824,1826
1825,1827
1826
1827
1828
1826,1828
1829
1830
1831,2568
1832,2759
1833
1834
1836,1840,1841
1842
1837,1842,1843
1835,1839
1848
1848,2029
1848,2751
1166,1849
1850
1846,1847,1851
254,675,1852
880,884,886,1853
939,940,941,1854
1858
1858,2020
135,1859
1858,2037
1860
1862,1863
1829,2759
410,1868
1769,1771
1134
196,2115,3061
1067,1068
472,1872
1872,3053
1872,3054
2115,3062
1067,1068
1067,1068,1645
1876
201,338,1870,2641,2644
1882
1883
1902,3023
682,1903
426,871
847,1904
803,1905
1905
1908
1909
1910
1912
1913
1923
1923
1930
320,325,327,328,332
1931
1932
1934
116,150,848
848,2905
116,848
1936,2304
1919,1920
160,1925
159,1925
1925,2935
1926,1929
54,1935,1938
1928
1941
1947
2703
1948,2872
1949
1950
1951,1952
534,1943
1810,1943,2117
1943,2637
1953
1954
1960
889,1964
1190,1965
1966
889,1967
1969
1968,1969
1972,2753
1971,2752
1974
1977,1982,1986,1990
1978,1983,1987,1991
1981,1985,1989,1999
1979,1984,1988,1992
0,1980
1993
676,801
1997,2380
1996,2380
1996,2380,3173
252,2000
2001
1834,2001,2748
1996,2380,2850,3173
605,2003
1996,3171
605,2004
2001,2748,3179
2001,2748,3178
2007
2049,2380
2007,2008
1998,2009
1049,1723
1723
1879,1880,2348,2843,2844
2015,2016
2017
2018
2019
2020
2021
106,178
2021,2022
193,1187,2618
2021,2023
2024
2025,2303
355,2026
2027
2021,2610
2028
786,2028,2602
786,2028,3015
2029
2031
2032
2033
2034
2034,3046
2035
1808,2035
2037
2043
1637,2044
2046
2047
18,20,22,24,452,2717
1645,1871
590,2048
2050
2051
2052
2054,2057,2059,2061
2054
800,2649,2911
2056
2054,2055
2057
2057,2430
2058
2059
800,1639,2620,2911
2059,2060
2061
733,2061
2062
2070
2075
707,2075
2076
2077
1768,2077
2080
1646,2080
2083
2742
10,2804
2087
2088
2094,2097
2093
2093
2093,2096,2099
2094,2097,2100
492,2095
2096
2098
1861,2036
1301,2102
2103,2637
2103,2637
2101,2391
352,2104
2104,2856
1301,2104
2105
2106
2107
2109
2961,2963,3067
199,2109
2109,2110
2112
2113
2114
2115
2117,2169
2117
2117,2137
2127
1025,2128
2129
1025,2130
1025,2132
2131
2136
2137
2138
2140,2141
1783,2139
2148,2149
2150,2157
2142,3300
2156,2162
2147
2142,2999
560,586,2041,2152
2154
2157
2158,2160
2160
2163
2163,2165
487,2164
2153,2163
2168
2136,2137
2170
2171
2213,2216
716,2217
675,2174
180,2175
2179,2182
2180,2181
2179
2179,3268
2179,3105
2182
2186
2194,2195,2196
198,646
2198
2199
2201
2202
2206
2212
2219
2220
2222
155,2322
2223,2493
156,2322
2228,2322
13,2322
252,2225
2322,3079
2322,3080
2226,2265
2226,3297
2226,3210
2226,2593
1649,2222
2227
2231
2232
2241
2254
2255
2256
2257,2326
2258
2261
2262
2263
2266,2268,2270,2272,2274,2276,2278,2281,2283,2285,2287,2290,2292
2264
2265
2279
638,2279
2282
2286
2265,2286
2288,3279
2286,3330
2265,2267,2269,2271,2273,2275,2277,2280,2282,2284,2286,2289,2291
2297
2299
2300
2303
722,846
2122,2123,2124
2306
2307
2308
2309
2310
2311
2312
2313
2314
2315
2316
3161,3173
3234,3237
3094,3096,3097
2318
353,3116
3355,3356
2319
814,1178,1736
534,1692
735,740,745,748,751,754,756,758
736,741
737,742,746,749,752,755,757,759
737,742
1028,2221,2320
2323
526
2325
1864
2303,2326
2074,2344,2388
959,2346
1002,2346
492,2093
2349
2350,2352
1636,2351
2353
2355,2721
2354,3376
959,2356
1002,2356
2359
2360
5,2360
2363
2364
2367,2368
2372
2373,2377
2374,2378
2375
2375,2379
1025,2376
180,2375
2381
2390,2665
3409
2389
2390
2391
2392
2394
2396,2398,2399
2400
2400
6,2400
903,2400
1784,2397
180,2397
2406
2407,2774,2782
2414
2420
412,1799
2421
2422
2427
2428
2430
2365,2366
2432,2956
2349,2357
2367
675,716,2433
2434
2424,2425,2426
2436
675,2437
2438,2685
675,2443
2444,2931
2445,2448
675,2446
1934,2046,2447
675,2446,2931
2449
2456
2495,2496
959,2459
1002,2459
2460,2471
2462
2462,2665
2462,3407
657,2517,2950
0,3194
2466
2467
2469
2470
2470,2608
2472,2473
2472
2474,2475,2476,2477
2478
2479
2485
2486
2489
2490,2492
2491,2678
2493
2494
988,1960,1963
2498
2500
2501
1558,1559
2288,3119
988,2265
2505
442,2512,2513
2507,2509,2510
717,2508
2506,2619
2514
2516
2516,2807
2518
2519
2520
2520
2458,2521
2522
2522
948,1759
2531
2532
2533
2534
2536
2540
2541
2544,2549
2544,2549
2544
2545
629,2543
659,835,836,2414,2546
629,2543
2547
2549
2550
2551
2552
2554
2555
2556
2557
2558
2559
2560
2491,2685
2563
2567
2571,2573
2582,2583
1276,2582
2574,2585,2587,2590,2591
2574,2587
2574,2587,2593
1943,2579
2574,2587,2590,2591
2574,2587,2595
2582
3312,3322,3324
2585
2587
2587,2591
2587,2595
71,496,924,1167,1585,1856,2038,2160,2386,2549,2574,2895
894,1060,1303,1351,1358,1434,1522,1750,1754,1763,1887,1889,1892,1896,2077,2190,2455,2662,2668,2893
72,497,925,1168,1586,1857,2039,2161,2387,2550,2575,2896
893,1059,1309,1354,1360,1435,1523,1751,1755,1764,1886,1888,1891,1895,2078,2189,2454,2661,2669,2894
203,214,219,397,504,914,916,918,1064,1657,1922,1956,2167,2192,2417,2419,2562,2800,2927
1221,1439,1532,1914,2453,2732
202,213,218,396,503,913,915,917,1063,1656,1921,1955,2166,2191,2416,2418,2561,2799,2926
1220,1438,1531,1915,2452,2731
2590
2591
2592,2594
2595
376,1292,1294,1296
375,1291,1293,1295
860,1515,2066,2068
861,1514,2065,2067
2574,2587,2592,2594
2598
675,2598
2599,2790
2600
2600
1582,2601,2650
2595,2601,2650
2600,2778
2601,2955
2601,2952
1582,2601,3344
2601,3156
1582,2601,3156
2595,2601,3156
2606
2607
2608
2538,2606
2609
1170,2609
2611
2614
183,2460,2471
34,46,63,66,74,76,77,80,88,104,108,112,122,133,217,275,276,335,341,368,406,488,512,588,591,608,639,641,654,672,721,730,761,791,823,824,843,876,897,958,964,975,979,995,1001,1005,1066,1144,1145,1167,1170,1174,1175,1188,1228,1556,1557,1838,1882,1897,1917,2001,2030,2082,2091,2119,2125,2126,2134,2172,2188,2198,2200,2208,2237,2238,2239,2240,2243,2244,2246,2247,2248,2249,2250,2251,2252,2253,2302,2303,2415,2439,2440,2445,2448,2451,2481,2482,2570,2891,2892,2916,2917
37,75,90,103,128,139,197,314,455,462,465,482,486,552,589,595,667,668,770,772,779,789,837,851,867,870,919,923,982,1129,1130,1133,1189,1290,1568,1569,1616,1761,1776,1885,1941,1962,2073,2086,2121,2258,2294,2329,2331,2332,2334,2336,2339,2340,2342,2343,2345,2346,2383,2384,2385,2479,2483,2488,2511,2513,2516,2526,2613,2682,2707,2708,2807,2992
2619
41,95,111,115,196,223,339,342,506,526,530,531,573,602,607,652,656,662,672,747,775,778,831,844,912,922,961,964,991,1158,1159,1160,1555,1658,1725,1754,1787,1791,1798,1801,1893,1976,2001,2011,2063,2071,2072,2075,2119,2127,2211,2286,2298,2327,2328,2333,2382,2530,2566,2654,2670,2749,2891
26,50,51,64,75,89,102,136,141,142,143,233,279,411,442,460,461,466,482,500,501,502,532,541,546,554,561,571,670,671,760,762,774,857,921,981,983,984,1062,1148,1189,1612,1613,1615,1620,1696,1738,1744,1745,1746,1773,1855,1884,1890,1899,1907,2064,2073,2086,2135,2177,2184,2293,2295,2335,2338,2358,2361,2463,2524,2525,2526,2527,2528,2529,2536,2537,2603,2605,2645,2705,2706,2709,2710,2731,2750,2791,2793,2842,2879
931,1752,1800,2569,2918
430,436,437,2623
475,2624
1833,2628,2633
2632,3137
215,2635
1833,2628,2633
2867,3357
2638
2639
2640
1687,2640
1688,2640
2642,2643
2644
2646,2719
2647,2651
2650
1300,2650
2514,2651
2945,3015
2650,3360
2655
2656
183,2625
2657
2657,2943
2659
236,1623,2659
2659,2884
96,696,2048
2664
2664,2764
3407
2666
2671
2138,2671
158,236,2672
158,2672
2673
2675
1802,2676
2674,2682
982,2680
2321,2809
2678,2679
2683
1044,1052,1179,1639,2435
11,12
408,1783,2685
2446,2685
891,2685
12,2691
2688,3076
2689
942,2689
26,982,2694
2682,2691
700,802,1807,3060
2692,2693
1003,1634
2696,2702
2700
2698,2701
2702
2711
2713
2714,2731
2714,2731
2716,2959
17,19,21,23,451,2716
2721
2722
2723
2724
2725
2726
2669,2727
2668,2729
2725,2728,2731
2731
2734
2734,2740
2735
2735,2744
2736
2737
2355,2722
2740
2741
2726,2741
2738,2740,2743
2745
2736,2745
2746
2737,2747
2718,2754,2758
1668,2718,2754
2748
2749
2751
33,2751
1691,2755
2755,2759
2755,2958
2757
1830,2757
2665,2757
2757,3407
2759
1817,2759
534,1672
2665,2759
2759,3088
2759,3033
2759,3034
2761,3142
2759,3092
2759,3093
2759,3129
2759,3131
1941,2686
438,2769
2767
2768
2770
1931,2771,3396
2665
508,2766
2772
1943,2774
2777,2784
2790
2792
2801
2606,2801
2607,2801
2608,2801
2802
2804
2021,2804
2805
2948,3370,3391
2807
76,77,115,126,127,196,339,342,488,526,531,573,607,640,641,652,654,655,662,672,721,902,912,926,961,978,991,1042,1158,1228,1555,1787,1795,1798,1801,1865,1893,1894,2011,2063,2071,2075,2127,2133,2197,2211,2230,2286,2298,2327,2328,2566,2654,2670,2720,2919
50,51,89,136,138,140,143,411,439,442,460,461,466,482,500,502,532,546,552,554,561,589,670,671,674,790,857,859,921,923,945,983,1062,1613,1616,1620,1696,1738,1745,1746,1773,1775,1855,1866,1958,2042,2064,2177,2184,2258,2293,2330,2361,2362,2488,2507,2511,2515,2523,2526,2536,2537,2597,2605,2613,2645,2706,2710,2791,2793,2842,2879
2802,2804
1006,1007,1008,1009,1010,1011,1012,1013,1014,1015,1016,1017,1018,1019,1020,1021,1022,1023
53,235,694,826,956,1232,1236,1238,1242,1244,1246,1248,1250,1252,1254,1563,1579,1597,1603,1918,2053,2242,2402,2429,2457,2914
1258,1268
1529
2265,2813
369,2814
2549,2813
2577,2813
2813,3313
2813,2815
2816
2818
2832,2833
2836
2837,2840
1677,2837,2840
2846
2848
2849
2423,2817,2819,2820,2821,2822,2823,2824,2825,2826,2827,2828,2829,2830
1689,1817
907,2868
2850,2866
2870
808,2850
2872
2873
605,1584
374,2875
2811,2876
2878
2877,2879
2884
2884,2886,2888
435,2137,2884
2886,2888
2889
787,2898
2899
322,2899
328,332,2900
2901
1944,2901
39,230,673,1961,1962,2906
493,3246,3265
116,943,2904
2908,2909,2910
200,2137,2347,2903
2913
2915
3306
2921
184,2922
2922
2923
1047,1180
2928
2931
158,236,3103
1683,3407
1583,2937
1675,2934
852,2390,3407
363,852,2390,3407
1673,1677,2630
1673,1677,2628,2633,3217
1583,2938
1676,2934
852,2390,2665
363,852,2390,2665
2145,3024
40,162
162,369
162,638
162,985
162,986
162,1752
162,2494
162,2518
162,2519
162,2547
162,2554
162,2614
162,3244
162,2157,2160,3244
162,2160,3244
162,3248
681
343,1645,1871
2943
2945
2947
605,2323,3187,3211
2951
2952
2953,2955
2955
2956
1178,1735,1811,3396
1850,2957
2756,2758
186,875
186,3124
2614,2998
2998,3114
2178,2999
2137,2885,2999
2137,2999,3141
2999,3243
3003,3009
3002
3004
67,803
3010
2303,3011
355,3012
1229,1230
1051,1789
647,3013
2924,2925
2390,2392,3014
3014,3344
3014,3156
1582,3015
132,3399
1567,3399
1829,3016
2640,3016
2652,3017
3017,3150
2651,3017
1589,3018
534,3406
829,3057
2702,2872
899,900,901
2622
3031
3035,3145
3035,3146
2759,3035
2761,2763
2839,3037
1689,2838,3042
1689,3042
2759,3089
2839,3041
2637,3040
2637,3039
1575,3036
3088,3145
1576,3037
3043
3044
276,285,286
3046
3048
1611,2889
2683,3025
2846,3049
2739,3055
1,693
689,3061
1947,2850
3063
3064
3065
3066
1937,2935
159,1937
160,1937
3071
3072
3073
3074
3075
26,3077
3078
610,3310
2364,3081
2884,3310
3082
3082,3196
946,2137,3083
2137,3083,3293
2142,3084
1574,3088
2759,3088
3184
3189,3231
3189,3238
3152,3153
3088,3144
3088,3146
3095
3098
3098,3184
3100
3101,3102
3105
3106
2137,2887,3110,3282
3110,3243
2137,2347,3110,3243
2092,3107
236,2137,2887,3110
949,2137,2887,3108,3282
2137,2887,3111,3282
236,2137,3110,3276
3106,3196
947,3108
2178,3109
949,2178,3108
2885,3110
2137,2660,2885,3110
2137,2885,3111,3241
2137,2885,3091,3110
2137,2885,3110,3241
716,3335
3116
2725,3283
3188
1814,3116,3120
1833,3123
534,1833,3123
2884,3113
3144,3222
3146,3222
3145,3222
3129
1689,3129
1677,2637,3130
1677,2628,2633,3130,3217
2759,2763
3129,3144
3129,3146
3129,3145
2168,3132
3104
3166,3169
3136
3214,3219,3278
3213,3216,3223
3177,3182
3085,3086,3087
3101,3326
3139,3140
2761,3142
714,3143
3068,3232
3069,3232
3070,3232
2118,3149
2137,3148
3151
3153
3154
1298,3155
533,1301,3159
533,1680,3159
3160,3162
3162
3163
3164,3166
3166
3169
3171
2381,3171
1999,3173
3173
3178
3179
3180
3180
3181
3183
3184
3185
3186
3187
3189
3190
3191
1834,2748,3193
2748,3178,3193
3195
2880,3195
989,3284
930,3267
845,3197
1960,3267
2901,3198
2095,3198
3199
1274,1276
1604,3318
1605,3320
1606,3321
2154,2611,3200
3192
1276,3318
3199,3207
3199,3207,3208,3261,3304
3199,3208
3199,3305
3207
3208
3210
3308,3309
3304
3098
605,3211
1268,3212
3218,3220
3213
3229
3215
3224
3224
205,3225
206,3225
1814,3226
1815,3226
2759,3227
1690,3227
2631,3228
2629,3228
2630,3228
2760,3227
3230
3231
3232
3233
3235
3236
3238
3240
1260,3127
200,2137,2347,3245
3254,3255
3311
15,3209,3324
2545,3260
2550,3260
3304,3323
200,2137,2347,3264
3267
948,3267
2137,3270
2182,3271
435,2137,3272
2621,3275
3277
199,1753,3281
3284
3287
3288
3292
3300
3301
3304
3306
3306
3306,3311
813,3307
1320,3307
3310
3311
3317
3302,3312,3324
3312,3319,3324
3311,3323
3301,3311,3323
3304,3311,3323
3317
1724,1725,3318
3311,3323
1451,3253,3299,3311,3323
3323
3323
3302,3324
3302,3324
3301,3323
3306,3323
3328
188,3329
907,3331
3332
3334
716,3337
1844,3339
3170,3339
169,3339
2006,2381
959,3058
1002,3058
2349,3341
3174,3341
3175,3341
3342
1823,1844
2005,2381
2143,2144,2146
2265,3274
168,3172
1169,3235
3345
558,564
559,565
2614,3346
3114,3346
2182,3347
3328,3347
1139,1872
1872,1876
936,2304
937,2304
1025,1026
1025,1026
198,932,2317
184,3294
3354
3090,3211
3105,3332
3268,3332
3358
3145,3221
1578,3221
3146,3221
3361
3372
3371,3373
2636,3374
3375
2798,3377
3384
3386
3348,3349,3350,3366,3367,3368,3369
1727,2795,3000,3027,3051,3052,3059,3381,3387
2960,3352,3359,3364,3382,3385,3388
3395
3410,3411
2683,2684
1239,1240
16,3398
2019,3399
1848,3399
1686,3401
3150,3402
2652,3402
1583,3403
2651,3402
2107,3401
1609,2107,3400
852,2390,3401
679,3405
3363,3404
364,3404
2757,3401
1566,3399
2664,3397
534,2936
1689,3407
2390,3407
2759,3407
1677,2628,2634,3217,3408
1677,1833,2628,2634,3408