431,0,-1
927,0,1
1693,0,-1
1,1,1
704,1,1
705,1,-1
2178,1,1
619,2,1
620,2,-1
6,3,1
704,3,1
1702,3,1
1703,3,1
2177,3,-1
7,4,1
8,4,-1
574,4,-1
962,4,1
963,4,-1
1262,5,-1
1263,5,1
17,6,0
575,6,-1
2095,6,1
2096,6,1
2098,6,1
2099,6,-1
2100,6,1
2101,6,1
2102,6,1
17,7,0
575,7,-1
2092,7,-1
2094,7,1
2097,7,1
2099,7,1
17,8,0
575,8,-1
2103,8,-1
2104,8,1
2105,8,1
2106,8,1
2107,8,1
2108,8,1
2109,8,1
2110,8,1
2111,8,1
2112,8,1
2113,8,1
2114,8,1
2115,8,1
15,9,-1
16,9,1
18,9,-1
15,10,-1
17,10,1
15,11,1
1898,11,-1
22,12,1
671,12,-1
1071,12,-1
1070,13,1
1071,13,-1
19,14,-1
19,14,1
27,15,-1
27,15,1
810,16,1
811,16,-1
1345,16,-1
618,17,1
620,17,-1
32,18,-1
32,18,1
34,19,-1
35,19,1
39,20,-1
40,20,1
868,20,-1
42,21,-1
43,21,1
43,22,-1
43,22,1
47,23,-1
47,23,1
47,24,-1
47,24,1
47,25,1
48,25,-1
575,25,-1
1087,25,1
58,26,1
101,26,-1
1699,26,-1
2053,26,1
49,27,-1
295,27,0
941,27,-1
1811,27,1
973,28,1
1641,28,-1
1642,28,1
53,29,-1
54,29,1
1708,29,-1
57,30,1
160,30,-1
533,30,1
557,30,-1
55,31,-1
56,31,1
159,31,-1
56,32,-1
160,32,1
669,32,-1
55,33,1
57,33,-1
159,33,1
518,33,1
524,33,1
65,34,-1
66,34,1
67,34,-1
68,35,-1
69,35,1
1119,35,-1
58,36,1
69,36,-1
101,36,-1
2017,36,1
58,37,1
70,37,-1
101,37,-1
2008,37,1
58,38,1
101,38,-1
179,38,-1
2024,38,1
58,39,1
101,39,-1
281,39,-1
2035,39,1
58,40,1
101,40,-1
302,40,-1
2002,40,1
58,41,1
101,41,-1
549,41,-1
2022,41,1
58,42,1
101,42,-1
900,42,-1
2006,42,1
58,43,1
101,43,-1
1040,43,-1
2013,43,1
58,44,1
101,44,-1
1254,44,-1
2005,44,1
58,45,1
101,45,-1
1492,45,-1
2023,45,1
58,46,1
101,46,-1
223,46,-1
2010,46,1
58,47,1
101,47,-1
505,47,-1
2036,47,1
58,48,1
101,48,-1
270,48,-1
2034,48,1
2037,49,-1
2037,49,1
714,50,-1
715,50,-1
716,50,1
539,51,-1
1118,51,-1
1142,51,1
1144,51,-1
76,52,1
509,52,-1
714,52,-1
71,53,1
538,53,-1
539,53,-1
58,54,1
76,54,-1
78,54,1
101,54,-1
58,55,1
101,55,-1
716,55,-1
2051,55,1
58,56,1
77,56,1
101,56,-1
1142,56,-1
80,57,-1
1125,57,1
1132,57,-1
80,58,1
1126,58,-1
1134,58,-1
79,59,1
1371,59,-1
1373,59,-1
1401,60,-1
1402,60,-1
1403,60,1
2140,61,-1
2141,61,1
2145,61,-1
58,62,1
72,62,1
79,62,-1
101,62,-1
58,63,1
101,63,-1
1403,63,-1
1404,63,1
72,64,-1
73,64,1
538,64,-1
902,65,0
1406,65,1
1407,65,-1
2077,66,-1
2078,66,1
2079,67,-1
2080,67,1
89,68,-1
90,68,1
1758,68,-1
97,69,-1
98,69,1
2016,69,0
101,70,-1
105,70,1
1086,70,-1
101,71,-1
101,71,1
209,71,0
102,72,-1
103,72,1
1755,72,-1
456,73,1
1753,73,-1
617,74,1
618,74,-1
635,75,1
640,75,-1
1238,75,1
1465,75,1
1466,75,1
556,76,1
615,76,-1
633,76,1
1238,76,1
1463,76,1
1464,76,1
1465,76,1
1466,76,1
556,77,1
634,77,1
636,77,-1
1238,77,1
1463,77,1
1464,77,1
1465,77,1
1466,77,1
107,78,1
360,78,-1
621,79,1
622,79,-1
32,80,-1
1071,80,-1
1318,80,1
1319,80,-1
858,81,-1
858,81,1
58,82,1
101,82,-1
1118,82,1
1119,82,-1
116,83,-1
117,83,1
1118,83,-1
1144,83,-1
58,84,1
101,84,-1
115,84,1
117,84,-1
114,85,-1
118,85,1
508,85,-1
58,86,1
101,86,-1
118,86,-1
119,86,1
119,87,-1
448,87,1
541,87,-1
119,88,-1
121,88,1
543,88,-1
120,89,1
121,89,-1
1132,89,-1
533,90,1
557,90,-1
2059,90,-1
2060,90,1
58,91,1
101,91,-1
1118,91,1
1119,91,-1
124,92,-1
126,92,1
508,92,-1
124,93,-1
127,93,1
1118,93,-1
1144,93,-1
58,94,1
101,94,-1
126,94,-1
129,94,1
58,95,1
101,95,-1
127,95,-1
128,95,1
129,96,-1
463,96,1
541,96,-1
129,97,-1
131,97,1
543,97,-1
130,98,1
131,98,-1
1132,98,-1
533,99,1
557,99,-1
2059,99,-1
2060,99,1
136,100,-1
137,100,1
1118,100,-1
1144,100,-1
58,101,1
101,101,-1
137,101,-1
138,101,1
58,102,1
101,102,-1
1118,102,1
1119,102,-1
139,103,-1
140,103,1
508,103,-1
58,104,1
101,104,-1
140,104,-1
141,104,1
141,105,-1
485,105,1
541,105,-1
141,106,-1
143,106,1
543,106,-1
142,107,1
143,107,-1
1132,107,-1
533,108,1
557,108,-1
2059,108,-1
2060,108,1
58,109,1
101,109,-1
1118,109,1
1119,109,-1
148,110,-1
149,110,1
508,110,-1
148,111,-1
150,111,1
1118,111,-1
1144,111,-1
58,112,1
101,112,-1
149,112,-1
152,112,1
58,113,1
101,113,-1
150,113,-1
151,113,1
152,114,-1
494,114,1
541,114,-1
152,115,-1
154,115,1
543,115,-1
153,116,1
154,116,-1
1132,116,-1
533,117,1
557,117,-1
2059,117,-1
2060,117,1
58,118,1
101,118,-1
792,118,-1
2021,118,1
58,119,1
101,119,-1
1819,119,-1
1820,119,1
58,120,1
101,120,-1
1208,120,-1
1210,120,1
58,121,1
101,121,-1
1214,121,-1
1215,121,1
58,122,1
101,122,-1
1870,122,-1
1871,122,1
58,123,1
101,123,-1
282,123,-1
283,123,1
951,123,0
956,123,0
1132,124,-1
1990,124,-1
1991,124,1
796,125,-1
796,125,1
1235,126,-1
1236,126,1
109,127,-1
231,127,1
331,127,1
368,127,1
833,127,-1
1156,127,1
1512,127,1
258,128,-1
259,128,1
1119,128,-1
1690,128,-1
587,129,-1
598,129,1
715,129,-1
968,129,1
1227,129,-1
1491,129,-1
1535,129,-1
1539,129,-1
1567,129,-1
1568,129,-1
1569,129,-1
1570,129,-1
1576,129,-1
1577,129,-1
1579,129,-1
1582,129,-1
1583,129,-1
1584,129,-1
1588,129,-1
1589,129,-1
1591,129,-1
1592,129,-1
1594,129,-1
1595,129,-1
1596,129,-1
1597,129,-1
1598,129,-1
1602,129,-1
1604,129,-1
1605,129,-1
1607,129,-1
1619,129,-1
1620,129,-1
637,130,1
641,130,-1
1058,130,-1
1154,130,1
639,131,-1
641,131,1
1058,131,-1
1154,131,1
1463,131,1
1464,131,1
1465,131,1
637,132,-1
643,132,1
1058,132,-1
1154,132,1
620,133,1
627,133,-1
1058,133,-1
1466,133,1
1805,134,1
2134,134,-1
556,135,1
638,135,-1
639,135,1
1058,135,-1
1154,135,1
636,136,-1
638,136,1
1058,136,-1
1154,136,1
101,137,-1
522,137,0
523,137,0
1154,137,1
1750,137,1
101,138,-1
212,138,0
521,138,0
1154,138,1
1750,138,1
164,139,-1
165,139,1
575,139,1
576,139,-1
164,140,-1
165,140,1
575,140,1
852,140,1
853,140,-1
164,141,1
165,141,-1
166,141,-1
167,141,1
257,142,-1
258,142,1
533,142,1
557,142,-1
1257,143,-1
1271,143,1
2127,143,-1
101,144,-1
213,144,0
1154,144,1
1750,144,1
871,145,-1
872,145,1
873,145,1
874,146,-1
875,146,1
876,146,1
877,147,-1
878,147,1
879,147,1
880,148,-1
881,148,1
882,148,1
883,149,-1
884,149,1
885,149,1
886,150,-1
887,150,1
888,150,1
581,151,1
898,151,-1
1363,151,-1
1485,151,-1
1536,151,-1
1551,151,-1
2070,151,-1
2071,151,-1
860,152,-1
861,152,1
565,153,-1
566,153,1
919,154,-1
1028,154,0
1237,154,0
1676,154,-1
2166,154,-1
2168,154,1
589,155,1
670,155,-1
674,155,-1
1539,155,-1
2116,155,-1
566,156,-1
573,156,1
851,156,-1
812,157,-1
1702,157,-1
2177,157,1
92,158,-1
93,158,1
705,158,-1
1674,158,0
92,159,-1
95,159,1
1268,159,-1
96,160,1
336,160,-1
1674,160,-1
332,161,-1
337,161,1
1467,161,-1
1468,161,0
569,162,-1
570,162,1
851,162,-1
705,163,-1
812,163,1
1703,163,-1
2178,163,1
851,164,-1
1028,164,-1
1029,164,1
1200,165,-1
1288,165,-1
1290,165,1
1201,166,-1
1278,166,1
1284,166,-1
1084,167,-1
1502,167,-1
1507,167,1
92,168,-1
1669,168,-1
1674,168,1
62,169,-1
85,169,1
1670,169,-1
241,170,-1
246,170,1
1673,170,-1
743,171,1
811,171,-1
1287,171,-1
569,172,-1
572,172,-1
776,172,1
858,172,-1
971,172,-1
1028,172,-1
1087,172,-1
1092,172,-1
1096,172,-1
1248,172,-1
2086,172,-1
58,173,1
101,173,-1
113,173,1
446,173,-1
58,174,1
101,174,-1
122,174,1
452,174,-1
58,175,1
101,175,-1
123,175,1
459,175,-1
58,176,1
101,176,-1
125,176,1
461,176,-1
58,177,1
101,177,-1
132,177,1
467,177,-1
58,178,1
101,178,-1
133,178,1
473,178,-1
58,179,1
101,179,-1
134,179,1
477,179,-1
58,180,1
101,180,-1
479,180,-1
2042,180,1
58,181,1
101,181,-1
135,181,1
483,181,-1
58,182,1
101,182,-1
144,182,1
475,182,-1
58,183,1
101,183,-1
145,183,1
487,183,-1
58,184,1
101,184,-1
146,184,1
490,184,-1
58,185,1
101,185,-1
147,185,1
491,185,-1
58,186,1
101,186,-1
157,186,1
1079,186,-1
58,187,1
74,187,-1
101,187,-1
1974,187,1
58,188,1
101,188,-1
1104,188,-1
1919,188,1
58,189,1
101,189,-1
1792,189,-1
1922,189,1
58,190,1
101,190,-1
1767,190,-1
1770,190,1
58,191,1
101,191,-1
1862,191,-1
1864,191,1
58,192,1
81,192,-1
101,192,-1
1975,192,1
312,193,-1
581,193,-1
582,193,1
1574,193,-1
1587,193,-1
1604,193,-1
187,194,1
188,194,-1
2016,194,0
1132,195,-1
2055,195,-1
2074,195,1
58,196,1
101,196,-1
1118,196,1
1119,196,-1
1134,197,-1
2055,197,1
2075,197,-1
58,198,1
101,198,-1
192,198,-1
1979,198,1
194,199,-1
195,199,1
1803,199,-1
173,200,-1
197,200,-1
198,200,1
515,201,-1
516,201,1
574,201,-1
575,201,1
1072,201,-1
515,202,-1
516,202,1
574,202,-1
575,202,1
1072,202,-1
228,203,-1
841,203,-1
842,203,1
376,204,-1
381,204,1
840,204,-1
542,205,-1
841,205,-1
843,205,1
542,206,-1
1930,206,-1
1931,206,1
541,207,-1
1930,207,-1
1933,207,1
541,208,-1
841,208,-1
845,208,1
661,209,0
858,209,-1
2172,209,-1
2173,209,1
971,210,-1
2173,210,-1
2174,210,1
387,211,-1
1047,211,1
1048,211,-1
293,212,-1
294,212,1
1046,212,-1
750,213,-1
1048,213,-1
1053,213,1
1046,214,-1
1052,214,1
1088,214,-1
843,215,-1
844,215,1
1133,215,-1
1133,216,-1
1931,216,-1
1932,216,1
1372,217,-1
1930,217,-1
1935,217,1
841,218,-1
847,218,1
1372,218,-1
241,219,-1
918,219,-1
1680,219,1
256,220,-1
654,220,-1
838,220,-1
840,220,1
2071,221,-1
2072,221,1
330,222,-1
1322,222,-1
1440,222,1
898,223,-1
899,223,1
2072,223,-1
1701,224,-1
2171,224,1
2174,224,-1
520,225,-1
926,225,-1
928,225,1
566,226,-1
566,226,1
568,226,-1
568,226,1
861,226,-1
861,226,1
312,227,-1
584,227,-1
586,227,1
1574,227,-1
1604,227,-1
203,228,-1
204,228,1
600,228,-1
203,229,-1
204,229,0
1348,229,-1
1474,229,1
203,230,-1
204,230,0
205,230,1
1475,230,-1
206,231,1
207,231,-1
600,231,-1
208,232,-1
209,232,1
210,232,-1
224,233,-1
319,233,-1
321,233,1
229,234,-1
766,234,-1
767,234,1
763,235,1
768,235,-1
1636,235,-1
284,236,-1
763,236,-1
764,236,1
230,237,-1
306,237,1
758,237,1
759,237,-1
757,238,1
758,238,-1
1636,238,-1
234,239,1
235,239,-1
563,239,0
233,240,-1
1681,240,1
1682,240,-1
254,241,-1
255,241,1
264,241,0
1704,241,-1
258,242,-1
259,242,1
1120,242,-1
263,243,-1
264,243,1
265,243,-1
58,244,1
101,244,-1
506,244,-1
2016,244,1
58,245,1
101,245,-1
536,245,-1
2014,245,1
58,246,1
101,246,-1
792,246,-1
2021,246,1
58,247,1
101,247,-1
1157,247,-1
2040,247,1
58,248,1
101,248,-1
1158,248,-1
2039,248,1
58,249,1
101,249,-1
830,249,-1
2011,249,1
58,250,1
101,250,-1
822,250,-1
2012,250,1
264,251,-1
264,251,1
58,252,1
101,252,-1
266,252,1
303,252,1
392,252,1
867,252,1
1014,252,-1
1097,252,1
1218,252,1
1997,252,1
275,253,-1
276,253,1
279,253,-1
275,254,-1
277,254,1
397,254,-1
1636,255,1
2161,255,-1
287,256,-1
288,256,1
924,256,0
1347,256,-1
289,257,-1
290,257,-1
291,257,1
296,258,-1
297,258,1
574,258,-1
296,259,-1
296,259,1
300,260,-1
301,260,1
703,260,-1
696,261,-1
2002,261,-1
2004,261,1
687,262,-1
2002,262,-1
2003,262,1
109,263,-1
331,263,1
940,263,-1
1420,263,1
304,264,-1
731,264,1
740,264,-1
58,265,1
101,265,-1
574,265,1
1977,265,1
1978,265,-1
216,266,1
217,266,-1
219,266,1
220,266,1
221,266,1
308,267,-1
309,267,1
326,267,-1
314,268,-1
315,268,-1
317,268,1
211,269,-1
212,269,1
318,269,-1
318,270,-1
319,270,1
320,270,-1
265,271,1
321,271,0
575,271,-1
935,271,-1
936,271,1
38,272,0
172,272,-1
1323,272,-1
1430,272,1
10,273,1
11,273,-1
323,274,1
324,274,-1
930,274,-1
931,274,1
11,275,1
323,275,-1
829,275,-1
323,276,-1
323,276,1
218,277,-1
325,277,1
329,278,0
746,278,1
1322,278,1
1440,278,-1
365,279,-1
365,279,1
2132,280,-1
2132,280,1
434,281,-1
435,281,1
309,282,0
1309,282,1
1317,282,-1
1811,282,1
432,283,-1
433,283,1
434,283,1
1513,284,-1
1514,284,1
747,285,-1
748,285,1
746,286,-1
749,286,1
1680,287,-1
1682,287,1
1681,288,-1
1684,288,1
477,289,1
478,289,-1
489,290,-1
490,290,1
58,291,1
101,291,-1
498,291,-1
1944,291,1
58,292,1
101,292,-1
1830,292,-1
2069,292,1
58,293,1
101,293,-1
1118,293,1
1119,293,-1
58,294,1
101,294,-1
1118,294,1
1119,294,-1
533,295,1
557,295,-1
1200,295,1
1277,295,-1
334,296,-1
1280,296,-1
1281,296,1
334,297,-1
377,297,1
378,297,-1
60,298,1
574,298,1
575,298,-1
960,298,-1
964,298,1
298,299,-1
299,299,1
906,299,0
907,299,-1
1091,299,-1
58,300,1
101,300,-1
1118,300,1
1119,300,-1
1134,301,-1
1769,301,-1
1990,301,1
101,302,-1
342,302,-1
1256,302,0
1349,302,1
1357,302,-1
9,303,-1
13,303,1
799,303,-1
1243,303,-1
1487,303,0
533,304,1
557,304,-1
1196,304,-1
1197,304,1
359,305,-1
1233,305,1
1234,305,-1
251,306,-1
362,306,-1
365,306,1
579,306,-1
61,307,1
375,307,-1
960,307,-1
964,307,1
251,308,1
363,308,1
364,308,1
365,308,-1
574,308,0
579,308,1
659,308,0
660,308,0
1500,308,0
365,309,-1
365,309,1
94,310,1
95,310,-1
575,310,-1
980,310,1
369,311,-1
1239,311,1
1240,311,-1
1771,311,-1
1772,311,-1
1773,311,-1
1775,311,-1
1795,312,1
1797,312,1
1798,312,-1
438,313,1
1796,313,1
1799,313,-1
89,314,1
104,314,1
774,314,-1
1874,314,1
89,315,1
104,315,1
775,315,-1
1874,315,1
88,316,1
1063,316,-1
1089,316,1
1874,316,1
1636,317,1
1689,317,1
1868,317,-1
302,318,0
313,318,1
340,318,1
367,318,1
388,318,0
605,318,1
967,318,1
968,318,1
1227,318,1
1228,318,1
1363,318,1
1512,318,-1
1534,318,1
1536,318,1
1537,318,1
1539,318,1
1540,318,1
1542,318,1
1545,318,0
1547,318,1
1548,318,1
1553,318,1
1561,318,1
1562,318,1
1565,318,1
1570,318,1
1571,318,1
1574,318,1
1575,318,1
1576,318,1
1579,318,1
1580,318,1
1583,318,1
1585,318,1
1586,318,1
1588,318,1
1593,318,1
1597,318,1
1603,318,1
1604,318,1
1605,318,1
1606,318,1
1608,318,1
1609,318,1
1610,318,1
1611,318,1
1612,318,1
1613,318,1
1614,318,1
1615,318,1
1616,318,1
1617,318,1
1618,318,1
1619,318,1
1620,318,1
1621,318,1
1622,318,1
1623,318,1
1624,318,1
1626,318,1
1628,318,1
1629,318,1
1630,318,1
1631,318,1
1632,318,1
926,319,1
927,319,-1
1692,319,1
1421,320,-1
1422,320,1
1645,321,1
1646,321,-1
446,322,1
447,322,-1
459,323,1
460,323,-1
461,324,1
462,324,-1
483,325,1
484,325,-1
475,326,1
476,326,-1
491,327,1
492,327,-1
1994,328,1
1995,328,-1
1765,329,1
1766,329,-1
1078,330,-1
1079,330,1
28,331,0
809,331,0
2089,331,-1
2089,331,1
663,332,1
1307,332,1
1315,332,-1
1783,332,1
1811,332,1
744,333,1
1034,333,1
1287,333,1
1290,333,-1
425,334,-1
929,334,1
2165,334,1
805,335,1
1994,335,-1
2025,335,1
1198,336,1
1926,336,1
1979,336,1
1982,336,-1
2031,336,1
1198,337,1
1712,337,-1
1926,337,1
2031,337,1
2064,337,1
1198,338,1
1817,338,1
1820,338,-1
1926,338,1
2031,338,1
1198,339,1
1212,339,1
1215,339,-1
1926,339,1
2031,339,1
1198,340,1
1206,340,1
1871,340,-1
1926,340,1
2031,340,1
1198,341,1
1210,341,-1
1873,341,1
1926,341,1
2031,341,1
1928,342,1
1930,342,1
1938,342,-1
841,343,1
850,343,-1
1928,343,1
166,344,1
167,344,-1
1778,344,-1
1779,344,1
1068,345,0
1249,345,-1
1249,345,1
856,346,-1
857,346,1
1638,346,-1
1781,346,-1
1638,347,-1
1638,347,1
574,348,1
942,348,1
1875,348,-1
1913,348,1
1914,348,-1
24,349,1
331,349,1
1875,349,-1
2085,349,-1
380,350,1
381,350,-1
256,351,-1
384,351,-1
386,351,1
654,351,-1
393,352,-1
764,352,-1
765,352,1
394,353,-1
395,353,1
396,353,-1
399,354,-1
400,354,1
1715,354,-1
399,355,-1
401,355,1
2133,355,-1
256,356,1
379,356,-1
398,356,1
399,356,-1
419,356,1
654,356,1
402,357,-1
406,357,1
1470,357,-1
403,358,-1
404,358,1
2133,358,-1
256,359,1
405,359,-1
419,359,1
654,359,1
668,359,1
836,359,-1
58,360,1
101,360,-1
404,360,0
406,360,0
668,360,-1
1174,360,1
58,361,1
101,361,-1
414,361,-1
1971,361,1
409,362,-1
410,362,1
1715,362,-1
407,363,-1
408,363,1
2087,363,-1
411,364,-1
412,364,1
2133,364,-1
256,365,1
413,365,-1
414,365,1
419,365,1
654,365,1
837,365,-1
416,366,-1
417,366,1
1831,366,-1
416,367,-1
418,367,1
2133,367,-1
58,368,1
101,368,-1
1987,368,-1
1988,368,1
256,369,1
415,369,1
416,369,-1
419,369,1
654,369,1
108,370,1
109,370,-1
331,370,1
366,370,-1
574,370,1
753,371,-1
1058,371,-1
1676,371,1
2166,371,1
2183,371,1
1419,372,-1
1422,372,-1
1781,372,1
427,373,-1
591,373,1
598,373,1
662,373,1
1806,373,1
1807,373,1
1808,373,1
1809,373,1
1317,374,-1
1317,374,1
663,375,1
1315,375,-1
1321,375,1
1763,376,-1
1763,376,1
1764,377,-1
1764,377,1
1071,378,-1
1071,378,1
39,379,0
42,379,0
422,379,0
868,379,-1
868,379,1
1634,379,0
2099,379,0
862,380,-1
862,380,1
1054,380,-1
1054,380,1
977,381,0
988,381,1
994,381,-1
101,382,-1
112,382,1
928,382,-1
934,382,-1
1117,382,-1
1178,382,1
642,383,1
643,383,-1
440,384,-1
441,384,1
2016,384,0
58,385,1
101,385,-1
1398,385,-1
2057,385,1
452,386,1
453,386,-1
455,386,-1
653,386,-1
58,387,1
101,387,-1
457,387,-1
2041,387,1
457,388,1
458,388,-1
444,389,-1
456,389,-1
466,389,1
471,389,-1
653,389,-1
467,390,1
468,390,-1
470,390,-1
653,390,-1
472,391,-1
473,391,1
474,391,-1
653,391,-1
479,392,1
480,392,-1
481,393,-1
482,393,1
1522,393,-1
486,394,-1
487,394,1
488,394,-1
653,394,-1
491,395,-1
493,395,1
1099,395,-1
495,396,-1
496,396,1
2125,396,-1
495,397,-1
497,397,1
2128,397,-1
2142,398,-1
2146,398,-1
2148,398,1
2151,399,-1
2154,399,-1
2157,399,1
1405,400,-1
1941,400,-1
1942,400,1
58,401,1
101,401,-1
1942,401,-1
1943,401,1
574,402,-1
576,402,1
962,402,1
963,402,-1
1072,402,-1
184,403,1
185,403,-1
186,403,0
268,404,1
269,404,-1
2027,404,0
1025,405,1
1026,405,-1
1027,405,0
58,406,1
101,406,-1
500,406,-1
2044,406,1
1405,407,-1
2044,407,-1
2050,407,1
58,408,1
101,408,-1
2046,408,-1
2048,408,1
1132,409,-1
2043,409,-1
2049,409,1
1134,410,-1
2043,410,1
2048,410,-1
528,411,-1
2045,411,-1
2046,411,1
1395,412,-1
2045,412,-1
2047,412,1
538,413,-1
1944,413,-1
1945,413,1
1395,414,-1
1945,414,-1
1947,414,1
58,415,1
101,415,-1
1946,415,-1
1948,415,1
1132,416,-1
1940,416,1
1949,416,-1
1134,417,-1
1948,417,-1
1949,417,1
528,418,-1
1945,418,-1
1946,418,1
533,419,1
557,419,-1
2059,419,-1
2060,419,1
1166,420,-1
1948,420,-1
1950,420,1
502,421,-1
503,421,1
504,421,-1
468,422,-1
469,422,1
507,422,-1
1305,423,1
1445,423,-1
1447,423,0
578,424,0
663,424,1
1042,424,0
1310,424,1
1315,424,-1
1447,424,0
1811,424,1
510,425,-1
511,425,-1
512,425,1
51,426,-1
52,426,1
53,426,1
624,427,1
631,427,-1
338,428,1
436,428,-1
437,428,1
527,428,-1
1260,429,-1
1267,429,1
426,430,-1
1513,430,1
89,431,-1
104,431,-1
244,431,-1
245,431,1
89,432,-1
104,432,-1
249,432,-1
250,432,1
360,433,1
970,433,-1
1058,433,-1
1058,433,1
1233,433,-1
1062,434,1
1759,434,-1
1874,434,-1
88,435,-1
1062,435,-1
1064,435,1
1089,435,-1
238,436,-1
1060,436,1
1874,436,-1
91,437,-1
240,437,1
1060,437,-1
1130,438,1
1151,438,1
1255,438,1
1266,438,-1
1069,439,1
1155,439,1
1257,439,1
1915,439,1
2165,439,-1
181,440,-1
646,440,-1
1161,440,-1
1265,440,-1
1266,440,1
99,441,-1
174,441,1
241,441,-1
1874,441,-1
232,442,-1
267,442,-1
1084,442,1
512,443,0
2077,443,1
2081,443,1
2082,443,-1
512,444,0
2079,444,1
2081,444,1
2083,444,-1
1308,445,1
1309,445,-1
1664,445,0
1782,445,1
1308,446,1
1310,446,-1
1664,446,0
1783,446,1
428,447,-1
591,447,1
598,447,1
662,447,1
1229,447,1
1230,447,1
1551,447,1
1806,447,1
1808,447,1
1809,447,1
747,448,1
749,448,-1
566,449,-1
566,449,1
568,449,-1
568,449,1
861,449,-1
861,449,1
242,450,1
1678,450,1
1685,450,-1
1683,451,1
1684,451,-1
161,452,-1
518,452,-1
519,452,1
575,453,-1
813,453,1
824,453,-1
826,453,1
537,454,-1
1079,454,-1
1080,454,1
541,455,-1
1951,455,-1
1954,455,1
541,456,-1
1922,456,-1
1923,456,1
541,457,-1
1919,457,-1
1920,457,1
58,458,1
101,458,-1
552,458,0
574,458,1
939,458,-1
2007,458,1
58,459,1
101,459,-1
552,459,0
574,459,1
1978,459,1
2009,459,-1
551,460,-1
552,460,1
553,460,-1
58,461,1
101,461,-1
892,461,-1
2032,461,1
558,462,-1
559,462,1
1112,462,0
2126,462,-1
19,463,-1
560,463,1
574,463,1
1531,463,1
1532,463,-1
704,464,1
769,464,1
770,464,-1
548,465,-1
548,465,1
943,466,-1
943,466,1
214,467,0
215,467,0
567,467,1
577,467,-1
426,468,-1
426,468,1
565,469,1
959,469,-1
576,470,-1
853,470,1
1644,470,-1
582,471,-1
583,471,1
968,471,-1
1067,471,0
427,472,1
591,472,-1
592,472,-1
662,472,-1
428,473,1
591,473,-1
593,473,-1
662,473,-1
586,474,-1
587,474,1
968,474,-1
1067,474,0
280,475,1
420,475,0
594,475,1
599,475,-1
1672,475,1
1806,475,-1
1807,475,-1
1808,475,-1
280,476,-1
420,476,0
598,476,-1
599,476,1
1672,476,-1
1809,476,-1
274,477,1
589,477,1
590,477,1
595,477,1
650,477,1
1279,477,-1
1508,477,-1
371,478,1
588,478,1
596,478,-1
597,478,1
925,478,1
1068,478,-1
904,479,-1
905,479,1
1577,479,-1
592,480,1
594,480,-1
601,481,-1
602,481,1
603,481,-1
58,482,1
101,482,-1
624,482,-1
631,482,1
1178,482,1
175,483,-1
741,483,1
1679,483,0
201,484,-1
654,484,-1
657,484,1
222,485,-1
664,485,1
1227,485,-1
665,486,1
1223,486,-1
1227,486,-1
666,487,1
1225,487,-1
1227,487,-1
577,488,1
58,489,1
101,489,-1
398,489,-1
400,489,0
401,489,0
1951,489,1
1364,490,-1
1374,490,1
1375,490,-1
58,491,1
101,491,-1
575,491,-1
1075,491,1
1364,491,1
2088,491,1
2163,491,-1
2164,491,1
1374,492,-1
1636,492,-1
2163,492,1
1075,493,-1
1375,493,1
1376,493,-1
58,494,1
101,494,-1
1818,494,-1
1819,494,1
870,495,-1
893,495,-1
1198,495,-1
1817,495,-1
1818,495,1
2063,495,0
193,496,0
889,496,0
1204,496,-1
1205,496,1
1826,496,-1
1178,497,1
1200,497,-1
1201,497,0
1202,497,0
1276,497,1
318,498,-1
1800,498,-1
1801,498,1
1802,498,1
58,499,1
101,499,-1
322,499,1
360,499,-1
625,499,1
1083,499,-1
58,500,1
101,500,-1
322,500,1
360,500,-1
1503,500,1
1507,500,-1
305,501,-1
623,501,-1
1234,501,1
1466,501,-1
1466,501,1
904,502,-1
1048,502,-1
1051,502,1
676,503,-1
1256,503,0
1350,503,1
1351,503,-1
1469,503,1
679,504,-1
680,504,1
1501,504,-1
681,505,-1
682,505,1
787,505,-1
681,506,-1
683,506,1
2139,506,-1
684,507,-1
685,507,1
787,507,-1
686,508,1
687,508,-1
2003,508,0
36,509,0
688,509,-1
689,509,-1
690,509,1
691,509,-1
692,510,-1
693,510,-1
694,510,1
695,511,1
696,511,-1
2004,511,0
697,512,-1
698,512,-1
699,512,1
700,513,-1
701,513,-1
702,513,1
675,514,-1
707,514,-1
726,514,1
64,515,0
318,515,-1
318,515,1
675,515,0
724,516,-1
725,516,1
1878,516,-1
727,517,-1
728,517,1
823,517,-1
727,518,-1
735,518,1
854,518,-1
58,519,1
101,519,-1
729,519,1
738,519,-1
928,519,-1
932,519,-1
933,519,1
1178,519,1
442,520,-1
736,520,-1
737,520,1
302,521,0
715,521,1
976,521,0
1491,521,1
1512,521,-1
1545,521,0
1546,521,0
1546,521,1
1577,521,1
1578,521,1
1625,521,1
705,522,-1
705,522,1
1687,522,0
327,523,-1
382,523,-1
383,523,1
1115,524,0
1203,524,-1
1757,524,1
1810,524,-1
193,525,0
889,525,0
1757,525,-1
1872,525,1
2020,525,-1
98,526,0
318,526,-1
318,526,1
190,527,-1
191,527,1
1817,527,-1
274,528,-1
589,528,-1
595,528,-1
650,528,-1
1279,528,1
1774,528,-1
754,529,1
1028,529,0
1058,529,-1
1676,529,-1
2166,529,-1
752,530,1
1030,530,0
1676,530,-1
1752,530,-1
262,531,-1
755,531,-1
756,531,1
760,532,-1
761,532,1
903,532,-1
761,533,-1
762,533,1
58,534,1
101,534,-1
767,534,-1
768,534,1
58,535,1
101,535,-1
762,535,-1
766,535,1
1683,536,-1
1686,536,1
1130,537,-1
2176,537,1
705,538,-1
807,538,-1
1687,538,1
546,539,0
771,539,-1
771,539,1
771,540,1
772,540,1
773,540,-1
977,540,0
239,541,1
240,541,-1
245,542,-1
774,542,1
250,543,-1
775,543,1
515,544,1
574,544,1
930,544,1
931,544,-1
962,544,1
963,544,-1
278,545,-1
777,545,-1
778,545,1
58,546,1
101,546,-1
328,546,-1
328,546,1
575,546,-1
1178,546,1
788,547,-1
803,547,-1
804,547,1
789,548,-1
790,548,-1
791,548,1
541,549,-1
1996,549,1
2066,549,-1
803,550,1
1450,550,-1
2066,550,-1
2119,551,-1
2120,551,-1
2121,551,1
2143,552,-1
2149,552,1
2160,552,-1
2152,553,-1
2155,553,-1
2158,553,1
58,554,1
101,554,-1
1118,554,1
1119,554,-1
575,555,1
576,555,-1
1072,555,1
814,556,-1
814,556,1
815,557,-1
816,557,1
1354,557,-1
316,558,-1
534,558,0
824,558,-1
825,558,1
564,559,1
575,559,-1
826,559,-1
827,559,1
10,560,-1
324,560,1
828,560,1
311,561,1
832,561,0
898,561,1
1230,561,1
1231,561,1
1232,561,1
1512,561,-1
1535,561,1
1538,561,1
1541,561,1
1543,561,1
1544,561,1
1549,561,1
1550,561,1
1554,561,1
1555,561,1
1556,561,1
1557,561,1
1558,561,1
1559,561,1
1560,561,1
1563,561,1
1564,561,1
1566,561,1
1569,561,1
1572,561,1
1573,561,1
1581,561,1
1582,561,1
1590,561,1
1595,561,1
1599,561,1
1600,561,1
1601,561,1
1627,561,1
2071,561,1
231,562,-1
333,562,-1
368,562,-1
604,562,0
674,562,-1
833,562,1
1156,562,-1
1489,562,0
1538,562,0
1552,562,0
1553,562,0
1624,562,0
2170,562,0
74,563,1
75,563,-1
385,564,1
386,564,-1
500,565,1
501,565,-1
498,566,1
499,566,-1
1793,567,1
1794,567,-1
1828,568,1
1829,568,-1
1104,569,1
1105,569,-1
1106,570,-1
1792,570,1
1767,571,1
1768,571,-1
1862,572,1
1863,572,-1
449,573,-1
450,573,1
451,574,-1
454,574,1
81,575,1
82,575,-1
58,576,1
101,576,-1
155,576,1
450,576,-1
58,577,1
101,577,-1
156,577,1
454,577,-1
360,578,-1
361,578,1
1058,578,-1
931,579,-1
931,579,1
574,580,1
943,580,1
1876,580,-1
1913,580,1
1914,580,-1
855,581,-1
856,581,1
943,581,-1
860,582,1
58,583,1
101,583,-1
893,583,-1
2031,583,1
870,584,-1
893,584,-1
1198,584,-1
1710,584,1
2064,584,-1
58,585,1
101,585,-1
1711,585,-1
1712,585,1
58,586,1
101,586,-1
1036,586,-1
1038,586,1
58,587,1
101,587,-1
1981,587,-1
1982,587,1
658,588,-1
895,588,-1
896,588,1
1484,588,0
901,589,-1
902,589,1
1404,589,0
1407,589,-1
906,590,1
907,590,-1
1638,590,-1
906,591,1
907,591,-1
1638,591,-1
915,592,-1
1976,592,1
741,593,-1
918,593,1
1182,593,0
890,594,-1
921,594,-1
922,594,1
891,595,-1
921,595,-1
923,595,1
672,596,-1
776,596,-1
1322,596,-1
1440,596,1
1267,597,-1
1269,597,1
1115,598,0
1207,598,-1
1865,598,-1
2065,598,1
0,599,-1
193,599,0
889,599,0
1211,599,1
2065,599,-1
1866,600,-1
1866,600,1
948,601,-1
1636,601,-1
1866,601,1
574,602,-1
575,602,1
909,602,-1
911,602,1
960,602,1
961,602,-1
980,602,1
1880,602,-1
1171,603,-1
1172,603,1
1515,603,-1
1516,603,1
96,604,-1
1636,604,-1
1867,604,1
1282,605,1
1286,605,-1
1287,605,-1
575,606,-1
1178,606,1
1776,606,1
1827,606,-1
870,607,-1
893,607,-1
1198,607,-1
1206,607,-1
1869,607,1
2063,607,0
58,608,1
101,608,-1
1869,608,-1
1870,608,1
930,609,-1
930,609,1
574,610,1
909,610,-1
910,610,1
1002,610,-1
331,611,1
916,611,-1
1874,611,1
1879,611,-1
1685,612,1
1686,612,-1
940,613,-1
958,613,1
1816,613,-1
5,614,-1
395,614,0
575,614,-1
917,614,1
1718,614,1
917,615,-1
1822,615,1
395,616,0
575,616,-1
944,616,-1
1718,616,1
2138,616,1
331,617,1
529,617,-1
916,617,-1
948,617,1
370,618,1
831,618,-1
973,619,-1
981,619,1
1022,619,1
802,620,-1
974,620,-1
975,620,1
977,621,-1
978,621,-1
979,621,1
965,622,1
981,622,-1
982,622,1
1217,622,-1
303,623,-1
392,623,-1
867,623,-1
982,623,-1
1013,623,1
1097,623,-1
981,624,-1
981,624,1
989,625,-1
990,625,1
996,625,-1
1417,625,1
991,626,-1
992,626,1
1170,626,-1
1005,627,1
1006,627,-1
1150,627,0
972,628,1
1007,628,1
1009,628,-1
348,629,-1
349,629,1
1008,629,-1
352,630,-1
353,630,1
1008,630,-1
779,631,-1
780,631,1
1008,631,-1
783,632,-1
784,632,1
1008,632,-1
973,633,1
1010,633,1
1012,633,-1
348,634,-1
350,634,1
1011,634,-1
352,635,-1
354,635,1
1011,635,-1
779,636,-1
781,636,1
1011,636,-1
783,637,-1
785,637,1
1011,637,-1
348,638,-1
351,638,1
1019,638,-1
352,639,-1
355,639,1
1019,639,-1
607,640,-1
1013,640,-1
1015,640,1
609,641,-1
1013,641,-1
1016,641,1
779,642,-1
782,642,1
1019,642,-1
783,643,-1
786,643,1
1019,643,-1
913,644,-1
1013,644,-1
1018,644,1
611,645,-1
1013,645,-1
1017,645,1
266,646,-1
1013,646,-1
1014,646,1
606,647,1
607,647,-1
1015,647,0
608,648,1
609,648,-1
1016,648,0
610,649,1
611,649,-1
1017,649,0
912,650,1
913,650,-1
1018,650,0
972,651,1
1020,651,-1
1021,651,1
574,652,1
962,652,1
963,652,-1
1072,652,-1
1073,652,1
1028,653,-1
2166,653,1
2167,653,-1
310,654,-1
1035,654,-1
1036,654,1
1033,655,0
1035,655,-1
1035,655,1
182,656,1
183,656,-1
1035,656,0
272,657,1
273,657,-1
1035,657,0
2030,657,0
2058,657,0
794,658,-1
795,658,1
1035,658,0
2030,658,0
793,659,1
795,659,-1
1929,659,0
655,660,-1
656,660,1
1039,660,-1
48,661,1
575,661,1
1043,661,-1
1717,661,-1
1055,662,-1
1056,662,1
1219,662,-1
575,663,-1
999,663,-1
1041,663,1
1178,663,1
628,664,1
631,664,-1
1058,664,-1
574,665,1
575,665,-1
966,665,1
1058,665,-1
1178,665,1
59,666,-1
83,666,1
574,666,1
575,666,-1
1178,666,1
513,667,-1
517,667,1
1874,667,-1
580,668,-1
667,668,1
1874,668,-1
817,669,-1
834,669,1
1874,669,-1
357,670,-1
358,670,1
390,670,-1
1195,670,-1
1874,670,-1
237,671,-1
851,671,-1
1061,671,1
1090,671,-1
1874,671,-1
243,672,-1
244,672,1
817,672,1
1874,672,-1
959,673,1
746,674,1
1440,674,-1
629,675,-1
636,675,1
1154,675,1
1028,676,0
1087,676,-1
1092,676,-1
1096,676,-1
2166,676,-1
2172,676,1
561,677,1
562,677,-1
1002,677,-1
1004,677,1
1072,677,-1
436,678,1
437,678,-1
575,678,1
1001,678,1
1003,678,-1
170,679,-1
554,679,-1
1301,679,1
2185,679,1
158,680,-1
1066,680,-1
1280,680,1
1439,680,1
945,681,-1
947,681,-1
1895,681,1
1899,681,-1
1899,681,1
1895,682,-1
1896,682,1
1899,682,-1
628,683,-1
629,683,1
63,684,1
574,684,1
960,684,-1
964,684,1
2007,684,-1
63,685,-1
1421,685,1
1423,685,-1
1529,685,1
574,686,1
1160,686,0
1302,686,1
1303,686,-1
1916,686,-1
1917,686,1
1422,687,-1
1422,687,1
1418,688,1
1422,688,-1
1418,689,1
1422,689,-1
285,690,1
286,690,-1
560,690,-1
1070,690,1
1074,691,-1
1253,691,-1
1394,691,1
442,692,-1
736,692,-1
737,692,1
105,693,-1
106,693,1
1094,694,-1
1095,694,1
1382,694,-1
1100,695,-1
1101,695,-1
1102,695,1
2144,696,-1
2147,696,-1
2150,696,1
2153,697,-1
2156,697,-1
2159,697,1
58,698,1
101,698,-1
952,698,0
1110,698,1
2000,698,-1
2033,698,1
58,699,1
101,699,-1
1109,699,1
1111,699,-1
2037,699,1
1118,700,-1
1137,700,1
1663,700,-1
1121,701,-1
1922,701,-1
1924,701,1
1121,702,-1
1918,702,1
1919,702,-1
58,703,1
101,703,-1
1118,703,1
1119,703,-1
58,704,1
101,704,-1
1118,704,1
1119,704,-1
58,705,1
101,705,-1
1118,705,1
1119,705,-1
58,706,1
101,706,-1
1118,706,1
1119,706,-1
58,707,1
101,707,-1
1118,707,1
1119,707,-1
58,708,1
101,708,-1
1118,708,1
1119,708,-1
1122,709,1
1124,709,-1
1127,709,-1
58,710,1
101,710,-1
1118,710,1
1119,710,-1
1109,711,-1
1111,711,1
2017,711,-1
1138,712,-1
1183,712,1
58,713,1
101,713,-1
302,713,-1
2002,713,1
1144,714,-1
1930,714,-1
1934,714,1
339,715,1
575,715,-1
675,715,1
1119,715,-1
841,716,-1
846,716,1
1144,716,-1
54,717,-1
58,717,1
101,717,-1
1999,717,1
818,718,-1
1146,718,-1
1147,718,1
1148,719,-1
1149,719,1
1824,719,-1
1006,720,-1
1148,720,-1
1150,720,1
1148,721,1
1149,721,-1
1825,721,1
1149,722,-1
1149,722,1
1159,723,-1
1160,723,1
1519,723,-1
1164,724,-1
1165,724,1
1190,724,-1
185,725,-1
186,725,1
1167,725,-1
1167,726,1
1939,726,1
1943,726,-1
1167,727,-1
1167,727,1
217,728,-1
992,728,-1
993,728,1
175,729,1
530,729,-1
616,729,-1
1151,729,-1
1222,729,-1
1514,729,-1
1669,729,-1
1670,729,-1
1673,729,-1
1866,729,-1
1874,729,-1
2127,729,-1
581,730,-1
584,730,1
590,730,-1
1508,730,1
1587,730,-1
2070,730,1
2071,730,1
2169,730,-1
2170,730,-1
568,731,-1
569,731,1
861,732,-1
2086,732,1
168,733,1
169,733,-1
575,733,1
1065,733,1
1173,733,-1
164,734,-1
165,734,1
575,734,1
1065,734,1
1173,734,-1
575,735,1
1065,735,1
1173,735,-1
1510,735,-1
1511,735,1
1372,736,-1
1969,736,-1
1970,736,1
540,737,-1
2044,737,-1
2045,737,1
2016,738,-1
2016,738,1
1123,739,-1
1128,739,1
2066,739,-1
541,740,-1
835,740,1
848,740,-1
541,741,-1
1936,741,-1
1937,741,1
542,742,-1
1951,742,-1
1952,742,1
1144,743,-1
1951,743,-1
1955,743,1
1372,744,-1
1951,744,-1
1956,744,1
58,745,1
101,745,-1
1928,745,1
1951,745,1
1955,745,-1
58,746,1
101,746,-1
1956,746,-1
1957,746,1
541,747,-1
1957,747,-1
1958,747,1
1133,748,-1
1952,748,-1
1953,748,1
542,749,-1
1960,749,-1
1961,749,1
541,750,-1
1960,750,-1
1963,750,1
1144,751,-1
1959,751,-1
1964,751,1
58,752,1
101,752,-1
1928,752,1
1959,752,1
1964,752,-1
1133,753,-1
1961,753,-1
1962,753,1
1133,754,-1
1984,754,-1
1985,754,1
1174,755,-1
1175,755,1
1372,755,-1
58,756,1
101,756,-1
1175,756,-1
1176,756,1
541,757,-1
1176,757,-1
1177,757,1
541,758,-1
1967,758,-1
1968,758,1
1144,759,-1
1965,759,-1
1966,759,1
58,760,1
101,760,-1
1928,760,1
1965,760,1
1966,760,-1
58,761,1
101,761,-1
1970,761,-1
1972,761,1
541,762,-1
1972,762,-1
1973,762,1
58,763,1
101,763,-1
642,763,-1
644,763,1
58,764,1
101,764,-1
732,764,1
734,764,-1
1118,764,-1
58,765,1
101,765,-1
1503,765,-1
1505,765,1
58,766,1
101,766,-1
189,766,-1
2073,766,1
58,767,1
101,767,-1
842,767,-1
849,767,1
58,768,1
101,768,-1
1504,768,1
1505,768,-1
58,769,1
101,769,-1
804,769,-1
805,769,1
58,770,1
101,770,-1
1934,770,-1
1938,770,1
58,771,1
101,771,-1
846,771,-1
850,771,1
58,772,1
101,772,-1
2062,772,-1
2064,772,1
58,773,1
101,773,-1
847,773,-1
848,773,1
58,774,1
101,774,-1
1935,774,-1
1936,774,1
58,775,1
101,775,-1
677,775,-1
678,775,1
1169,775,0
1397,775,-1
1400,775,0
58,776,1
101,776,-1
1408,776,-1
2028,776,1
58,777,1
101,777,-1
806,777,-1
1995,777,1
58,778,1
101,778,-1
1765,778,-1
1769,778,1
58,779,1
101,779,-1
1793,779,-1
2067,779,1
58,780,1
101,780,-1
1828,780,-1
2068,780,1
58,781,1
101,781,-1
1179,781,-1
1180,781,1
1179,782,1
2090,782,-1
464,783,-1
465,783,1
1521,783,-1
620,784,-1
1058,784,-1
1058,784,1
1506,784,1
101,785,-1
1154,785,1
1839,785,-1
1843,785,1
101,786,-1
1154,786,1
1837,786,-1
1844,786,1
101,787,-1
1154,787,1
1841,787,-1
1845,787,1
101,788,-1
1154,788,1
1838,788,-1
1846,788,1
753,789,1
920,789,1
2168,789,-1
530,790,-1
1181,790,-1
1182,790,1
1070,791,-1
1071,791,1
1637,792,-1
1638,792,1
855,793,1
1876,793,-1
1636,794,1
1675,794,1
1867,794,-1
908,795,-1
1184,795,-1
1185,795,1
1119,796,-1
1120,796,1
1690,796,-1
104,797,-1
1186,797,-1
1187,797,1
1186,798,-1
1188,798,1
1488,798,-1
1186,799,-1
1189,799,1
1636,799,-1
550,800,1
575,800,-1
1178,800,1
2056,800,-1
575,801,-1
1178,801,1
1671,801,1
2054,801,-1
1170,802,-1
1190,802,-1
1191,802,1
180,803,-1
1118,803,-1
1197,803,-1
1691,803,-1
1699,803,1
58,804,1
101,804,-1
1872,804,-1
1873,804,1
58,805,1
101,805,-1
1211,805,-1
1212,805,1
58,806,1
101,806,-1
1205,806,-1
1206,806,1
58,807,1
101,807,-1
1710,807,-1
1711,807,1
1199,808,-1
2061,808,-1
2062,808,1
533,809,1
557,809,-1
2059,809,-1
2060,809,1
533,810,1
557,810,-1
2059,810,-1
2060,810,1
533,811,1
557,811,-1
2059,811,-1
2060,811,1
533,812,1
557,812,-1
2059,812,-1
2060,812,1
533,813,1
557,813,-1
2059,813,-1
2060,813,1
533,814,1
557,814,-1
2059,814,-1
2060,814,1
533,815,1
557,815,-1
2059,815,-1
2060,815,1
1115,816,0
1203,816,-1
1204,816,1
1826,816,-1
58,817,1
101,817,-1
1208,817,1
1209,817,-1
870,818,-1
893,818,-1
1198,818,-1
1212,818,-1
1213,818,1
2063,818,0
58,819,1
101,819,-1
1213,819,-1
1214,819,1
870,820,-1
893,820,-1
1198,820,-1
1209,820,1
1873,820,-1
2063,820,0
1223,821,-1
1224,821,1
2091,821,-1
644,822,-1
1235,822,1
1245,822,-1
277,823,-1
1636,823,-1
2162,823,1
1248,824,1
1431,824,-1
1432,824,-1
1433,824,-1
1434,824,-1
1435,824,-1
1436,824,-1
1437,824,-1
1438,824,-1
1268,825,-1
1270,825,1
1264,826,1
1269,826,-1
1260,827,1
1270,827,-1
1262,828,1
1264,828,-1
1263,829,-1
1272,829,1
1250,830,-1
1251,830,1
1252,830,-1
12,831,1
1253,831,-1
1497,831,-1
1044,832,-1
1271,832,-1
1273,832,1
1256,833,-1
1336,833,1
1840,833,-1
1256,834,-1
1352,834,1
1842,834,-1
1059,835,-1
1154,835,1
1339,835,-1
1340,835,0
1343,835,1
1843,835,1
1059,836,-1
1154,836,1
1256,836,1
1336,836,-1
1337,836,0
1342,836,1
1840,836,1
1059,837,-1
1154,837,1
1352,837,-1
1353,837,0
1359,837,1
1842,837,1
322,838,-1
614,838,-1
623,838,1
807,839,-1
1247,839,1
1291,839,-1
421,840,-1
422,840,-1
969,840,-1
1103,840,-1
1679,840,1
1688,840,-1
541,841,-1
1988,841,-1
1989,841,1
811,842,-1
1247,842,-1
1249,842,1
734,843,1
740,843,-1
1143,843,-1
805,844,-1
806,844,1
1409,844,-1
857,845,-1
1319,845,1
1761,845,-1
389,846,-1
424,846,-1
439,846,-1
625,846,-1
626,846,1
1462,846,-1
1466,846,-1
742,847,1
1046,847,1
1049,847,-1
732,848,-1
740,848,1
1118,848,1
1998,848,1
645,849,1
1200,849,1
1201,849,1
1222,849,1
1278,849,-1
1287,849,1
1701,849,1
807,850,1
811,850,1
1249,850,-1
1291,850,1
443,851,0
819,851,0
1261,851,-1
1265,851,1
1256,852,-1
1325,852,1
1843,852,-1
1256,853,-1
1324,853,1
1845,853,-1
619,854,-1
620,854,1
2132,855,-1
2132,855,1
743,856,-1
1034,856,-1
1289,856,1
630,857,-1
1222,857,-1
1286,857,1
1200,858,-1
1283,858,-1
1284,858,1
1282,859,-1
1283,859,1
1701,859,-1
1068,860,-1
1284,860,-1
1285,860,1
1068,861,-1
1289,861,-1
1911,861,1
111,862,-1
574,862,1
745,862,1
858,862,1
971,862,1
1291,862,1
1241,863,-1
1242,863,1
2118,863,-1
821,864,-1
821,864,1
1292,865,-1
1293,865,1
1472,865,-1
307,866,-1
1294,866,-1
1295,866,1
1296,867,-1
1297,867,1
1366,867,-1
1244,868,-1
1298,868,-1
1299,868,1
1304,869,1
1305,869,-1
1306,869,1
1314,869,1
1311,870,-1
1312,870,-1
1313,870,1
84,871,0
1300,871,1
1314,871,-1
1442,871,1
1258,872,-1
1327,872,-1
1328,872,1
1318,873,-1
1318,873,1
32,874,-1
32,874,1
1070,875,-1
1330,875,1
2001,875,-1
21,876,1
995,876,-1
1070,876,-1
20,877,-1
20,877,1
325,878,-1
1070,878,-1
1756,878,1
225,879,-1
227,879,1
1071,879,-1
796,880,-1
796,880,1
1070,881,-1
1071,881,1
1226,881,0
23,882,-1
1274,882,-1
1275,882,1
27,883,-1
808,883,-1
1345,883,1
27,884,-1
997,884,-1
998,884,1
27,885,-1
1031,885,-1
1032,885,1
32,886,-1
33,886,1
184,886,-1
32,887,-1
196,887,-1
1331,887,1
39,888,-1
41,888,1
988,888,-1
39,889,-1
709,889,-1
712,889,1
43,890,-1
46,890,1
894,890,-1
1098,890,-1
43,891,-1
1483,891,-1
1484,891,1
45,892,1
46,892,-1
723,892,-1
798,892,-1
184,893,-1
372,893,1
1638,893,-1
318,894,-1
318,894,1
855,895,-1
1107,895,-1
1108,895,1
855,896,-1
866,896,1
1458,896,-1
801,897,-1
855,897,-1
863,897,1
392,898,-1
1332,898,1
1365,898,-1
1385,898,1
1396,898,-1
1418,898,-1
1927,898,-1
939,899,-1
957,899,1
1486,899,-1
1316,900,-1
1367,900,-1
1368,900,1
1034,901,-1
1037,901,1
1418,901,-1
2,902,-1
4,902,1
1422,902,-1
373,903,-1
374,903,1
1422,903,-1
648,904,-1
649,904,1
1422,904,-1
1141,905,1
1422,905,-1
2117,905,-1
1162,906,-1
1163,906,1
1422,906,-1
1383,907,-1
1384,907,1
1422,907,-1
1422,908,-1
1529,908,-1
1530,908,1
101,909,-1
342,909,-1
1256,909,0
1333,909,1
1339,909,-1
676,910,-1
1256,910,0
1334,910,1
1335,910,-1
1469,910,1
1258,911,-1
1336,911,-1
1337,911,1
1258,912,-1
1339,912,-1
1340,912,1
25,913,-1
26,913,1
1881,913,-1
1152,914,-1
1153,914,1
1881,914,-1
1220,915,-1
1221,915,1
1881,915,-1
709,916,-1
713,916,1
1892,916,-1
797,917,-1
1636,917,1
1643,917,1
1636,918,1
1992,918,-1
1993,918,1
800,919,-1
1410,919,1
1636,919,1
15,920,-1
1410,920,-1
1411,920,1
575,921,-1
983,921,-1
984,921,1
985,921,1
986,921,1
987,921,1
575,922,-1
1451,922,-1
1452,922,1
1453,922,1
1454,922,1
1455,922,1
1071,923,-1
1410,923,-1
1412,923,1
1071,924,-1
1633,924,-1
1635,924,1
796,925,-1
796,925,1
225,926,-1
226,926,1
1071,926,-1
651,927,-1
652,927,1
1071,927,-1
27,928,-1
808,928,-1
809,928,1
27,929,-1
28,929,1
1068,929,-1
35,930,-1
36,930,1
689,930,-1
35,931,-1
37,931,1
172,931,-1
37,932,-1
38,932,1
200,932,-1
43,933,-1
44,933,1
282,933,-1
43,934,-1
1483,934,-1
1484,934,1
2019,934,0
1467,935,-1
1468,935,1
1638,935,-1
318,936,-1
318,936,1
855,937,-1
865,937,1
1457,937,-1
868,938,-1
869,938,1
1496,938,-1
855,939,-1
864,939,1
894,939,-1
855,940,-1
1495,940,-1
1496,940,1
855,941,-1
940,941,-1
952,941,1
1107,941,-1
342,942,-1
343,942,1
940,942,-1
282,943,-1
940,943,-1
951,943,1
897,944,-1
940,944,-1
954,944,1
894,945,-1
940,945,-1
953,945,1
1420,945,0
940,946,-1
955,946,1
988,946,-1
940,947,-1
956,947,1
1456,947,-1
2,948,-1
3,948,1
940,948,-1
525,949,-1
526,949,1
940,949,-1
940,950,-1
1486,950,-1
1487,950,1
940,951,-1
1399,951,-1
1400,951,1
1320,952,-1
1367,952,-1
1369,952,1
1258,953,-1
1352,953,-1
1353,953,1
1258,954,-1
1355,954,-1
1356,954,1
1258,955,-1
1357,955,-1
1358,955,1
25,956,-1
26,956,1
1881,956,-1
1457,957,-1
1460,957,1
2107,957,-1
1525,958,-1
1526,958,1
2110,958,-1
1527,959,-1
1528,959,1
2110,959,-1
575,960,-1
709,960,-1
710,960,1
711,960,1
575,961,-1
676,961,1
719,961,1
720,961,-1
575,962,-1
709,962,1
719,962,1
721,962,-1
1457,963,-1
1461,963,1
1899,963,-1
29,964,-1
30,964,1
1906,964,-1
29,965,-1
31,965,1
1910,965,-1
660,966,-1
1416,966,-1
1417,966,1
988,967,-1
996,967,1
1417,967,-1
1168,968,0
1372,968,-1
1986,968,-1
1987,968,1
344,969,-1
1377,969,-1
1378,969,1
1377,970,-1
1379,970,1
1804,970,-1
1392,971,1
1393,971,-1
2016,971,0
533,972,1
557,972,-1
2059,972,-1
2060,972,1
533,973,1
557,973,-1
2059,973,-1
2060,973,1
533,974,1
557,974,-1
2059,974,-1
2060,974,1
533,975,1
557,975,-1
2059,975,-1
2060,975,1
533,976,1
557,976,-1
2059,976,-1
2060,976,1
533,977,1
557,977,-1
2059,977,-1
2060,977,1
533,978,1
557,978,-1
2059,978,-1
2060,978,1
271,979,1
1236,979,-1
1246,979,-1
2029,979,-1
58,980,1
101,980,-1
756,980,0
937,980,-1
938,980,1
58,981,1
101,981,-1
756,981,-1
759,981,1
58,982,1
101,982,-1
574,982,1
939,982,-1
2009,982,1
1398,983,-1
1792,983,-1
1921,983,1
1398,984,-1
1919,984,-1
1925,984,1
1135,985,1
1136,985,-1
2026,985,0
1419,986,1
1422,986,-1
1843,986,-1
738,987,-1
739,987,1
1426,987,-1
1194,988,-1
1429,988,1
2124,988,-1
575,989,-1
1116,989,1
1129,989,-1
1178,989,1
2124,990,-1
2124,990,1
1259,991,1
1272,991,-1
361,992,-1
423,992,1
1085,993,1
1506,993,-1
1441,994,-1
1441,994,1
574,995,-1
576,995,1
1072,995,1
1073,995,-1
574,996,-1
576,996,1
1072,996,1
1073,996,-1
1444,997,1
1805,997,-1
1320,998,-1
1443,998,-1
1446,998,1
1316,999,-1
1317,999,1
1811,999,-1
663,1000,-1
1315,1000,1
1320,1000,-1
1446,1000,0
1811,1000,-1
2136,1001,-1
2137,1001,1
574,1002,1
944,1002,1
1877,1002,-1
1913,1002,1
1914,1002,-1
331,1003,1
2085,1003,-1
2135,1003,-1
2136,1003,1
1821,1004,-1
1821,1004,1
574,1005,1
1531,1005,1
1533,1005,-1
1761,1005,1
2137,1005,-1
1777,1006,-1
2134,1006,1
1805,1007,-1
1805,1007,1
2137,1008,-1
2137,1008,1
630,1009,-1
1448,1009,1
839,1010,1
840,1010,-1
58,1011,1
101,1011,-1
739,1011,-1
740,1011,1
58,1012,1
101,1012,-1
260,1012,-1
261,1012,1
58,1013,1
101,1013,-1
737,1013,-1
738,1013,1
177,1014,1
704,1014,1
705,1014,-1
2178,1014,1
176,1015,1
704,1015,1
705,1015,-1
2178,1015,1
426,1016,1
1448,1016,-1
529,1017,1
645,1017,-1
171,1018,-1
1093,1018,-1
1094,1018,1
939,1019,0
1059,1019,-1
1154,1019,1
1338,1019,-1
1344,1019,1
1059,1020,-1
1154,1020,1
1344,1020,-1
1346,1020,1
940,1021,0
1059,1021,-1
1154,1021,1
1354,1021,-1
1361,1021,1
1059,1022,-1
1154,1022,1
1361,1022,-1
1362,1022,1
1448,1023,-1
1673,1023,1
1259,1024,-1
1261,1024,1
1154,1025,1
1268,1025,1
1271,1025,-1
1273,1025,0
1754,1025,0
1774,1025,-1
1459,1026,1
1716,1026,-1
1780,1026,-1
58,1027,1
101,1027,-1
1460,1027,0
2180,1027,1
2181,1027,-1
865,1028,0
1380,1028,1
1458,1028,-1
2179,1028,-1
2182,1028,1
622,1029,-1
632,1029,1
618,1030,-1
620,1030,1
1320,1031,-1
1471,1031,-1
1473,1031,1
1348,1032,-1
1476,1032,-1
1477,1032,1
49,1033,1
1309,1033,1
1317,1033,-1
1480,1033,0
49,1034,1
578,1034,0
663,1034,1
1042,1034,0
1310,1034,1
1315,1034,-1
1480,1034,0
1478,1035,-1
1479,1035,-1
1480,1035,1
1493,1036,-1
1494,1036,1
1760,1036,-1
647,1037,0
988,1037,-1
1498,1037,-1
1499,1037,1
1497,1038,-1
1498,1038,-1
1509,1038,1
12,1039,1
1082,1039,-1
1498,1039,1
673,1040,-1
705,1040,-1
706,1040,1
2178,1040,1
705,1041,1
2176,1041,-1
162,1042,1
163,1042,-1
369,1042,0
547,1042,-1
1823,1042,1
247,1043,-1
248,1043,1
1381,1043,-1
58,1044,1
101,1044,-1
385,1044,-1
1930,1044,1
58,1045,1
101,1045,-1
415,1045,-1
417,1045,0
418,1045,0
1986,1045,1
58,1046,1
101,1046,-1
158,1046,-1
841,1046,1
110,1047,-1
674,1047,-1
1512,1047,1
1057,1048,1
1720,1048,1
1721,1048,-1
1813,1048,1
1814,1048,1
1815,1048,1
1057,1049,1
1725,1049,1
1726,1049,-1
1813,1049,1
1814,1049,1
1815,1049,1
1057,1050,1
1739,1050,1
1740,1050,-1
706,1051,-1
770,1051,1
722,1052,0
742,1052,-1
1048,1052,-1
1049,1052,1
1068,1053,1
1288,1053,1
1911,1053,-1
312,1054,-1
312,1054,1
1068,1054,0
1363,1054,-1
1363,1054,1
1485,1054,-1
1485,1054,1
1490,1054,-1
1490,1054,1
1536,1054,-1
1536,1054,1
1574,1054,-1
1574,1054,1
1604,1054,-1
1604,1054,1
1670,1055,-1
1670,1055,1
1068,1056,1
1284,1056,1
1285,1056,-1
1866,1057,-1
1866,1057,1
585,1058,1
588,1058,-1
674,1058,1
1068,1058,0
1068,1058,1
899,1059,-1
899,1059,1
1068,1059,0
1063,1060,1
1064,1060,-1
1673,1061,-1
1673,1061,1
1673,1062,-1
1673,1062,1
570,1063,-1
570,1063,1
573,1063,-1
573,1063,1
1029,1063,-1
1029,1063,1
2086,1063,-1
2086,1063,1
1513,1064,-1
1513,1064,1
1514,1065,-1
1514,1065,1
567,1066,-1
568,1066,1
2135,1067,1
2138,1067,-1
164,1068,1
165,1068,-1
1515,1068,-1
1516,1068,1
1510,1069,1
1511,1069,-1
1517,1069,-1
1518,1069,1
574,1070,-1
962,1070,1
963,1070,-1
1515,1070,1
1516,1070,-1
445,1071,1
1520,1071,-1
1765,1071,-1
1076,1072,-1
1077,1072,1
1523,1072,-1
1079,1073,-1
1081,1073,1
1524,1073,-1
24,1074,-1
1636,1074,-1
1637,1074,1
248,1075,-1
1636,1075,-1
1868,1075,1
345,1076,-1
1636,1076,-1
1639,1076,1
346,1077,-1
1636,1077,-1
1640,1077,1
347,1078,-1
1636,1078,-1
1641,1078,1
1422,1079,1
1782,1079,-1
1857,1079,1
940,1080,1
1783,1080,-1
1845,1080,1
42,1081,-1
58,1081,1
101,1081,-1
2019,1081,1
58,1082,1
101,1082,-1
574,1082,1
1916,1082,1
1977,1082,-1
58,1083,1
101,1083,-1
1696,1083,-1
1697,1083,1
939,1084,-1
939,1084,1
636,1085,-1
636,1085,1
1058,1085,-1
1154,1085,1
638,1086,-1
638,1086,1
1058,1086,-1
1154,1086,1
730,1087,1
740,1087,-1
1137,1087,-1
58,1088,1
101,1088,-1
397,1088,1
575,1088,-1
1178,1088,1
2161,1088,1
2162,1088,-1
1665,1089,-1
1666,1089,-1
1667,1089,1
659,1090,0
708,1090,0
1087,1090,-1
1092,1090,-1
1096,1090,-1
1676,1090,1
171,1091,-1
356,1091,0
545,1091,0
1045,1091,0
1677,1091,1
2183,1091,-1
1444,1092,-1
1445,1092,1
1811,1092,-1
371,1093,-1
596,1093,1
598,1093,-1
925,1093,-1
2183,1094,-1
2183,1094,1
859,1095,-1
862,1095,1
1050,1095,-1
1054,1095,1
1316,1096,1
1318,1096,-1
1713,1097,-1
1714,1097,1
2184,1097,-1
111,1098,1
574,1098,-1
748,1098,-1
705,1099,-1
1068,1099,-1
1131,1099,1
199,1100,-1
246,1100,-1
247,1100,1
100,1101,-1
520,1101,-1
1692,1101,-1
1693,1101,1
259,1102,-1
260,1102,1
1370,1102,-1
1694,1102,-1
514,1103,-1
949,1103,-1
1695,1103,1
1695,1104,-1
1696,1104,1
1983,1104,-1
1481,1105,-1
1482,1105,1
1700,1105,-1
1341,1106,-1
1705,1106,-1
1706,1106,1
1705,1107,-1
1707,1107,1
1845,1107,-1
1043,1108,1
1113,1108,-1
1717,1108,-1
555,1109,1
574,1109,0
1425,1109,1
1719,1109,1
1722,1109,-1
1723,1109,1
555,1110,-1
1425,1110,-1
1720,1110,-1
1722,1110,1
1387,1111,-1
1388,1111,1
1390,1111,1
1722,1112,-1
1722,1112,1
555,1113,1
574,1113,0
1428,1113,1
1724,1113,1
1728,1113,-1
1729,1113,1
555,1114,-1
1428,1114,-1
1725,1114,-1
1727,1114,1
1654,1115,-1
1657,1115,1
1661,1115,1
1727,1116,-1
1728,1116,1
555,1117,1
574,1117,0
1730,1117,1
1732,1117,1
1733,1117,-1
555,1118,-1
1731,1118,-1
1733,1118,1
1387,1119,-1
1389,1119,1
1391,1119,1
1413,1120,-1
1414,1120,1
1415,1120,1
1733,1121,-1
1733,1121,1
531,1122,1
574,1122,0
1425,1122,1
1734,1122,1
1736,1122,1
1737,1122,-1
531,1123,-1
1425,1123,-1
1735,1123,-1
1737,1123,1
1647,1124,-1
1649,1124,1
1652,1124,1
1654,1125,-1
1656,1125,1
1660,1125,1
1737,1126,-1
1737,1126,1
555,1127,1
574,1127,0
1424,1127,1
1738,1127,1
1741,1127,1
1742,1127,-1
555,1128,-1
1424,1128,-1
1739,1128,-1
1742,1128,1
1387,1129,-1
1389,1129,1
1391,1129,1
1742,1130,-1
1742,1130,1
555,1131,1
574,1131,0
1425,1131,1
1743,1131,1
1745,1131,1
1746,1131,-1
555,1132,-1
1425,1132,-1
1744,1132,-1
1746,1132,1
1647,1133,-1
1648,1133,1
1651,1133,1
1654,1134,-1
1655,1134,1
1659,1134,1
1746,1135,-1
1746,1135,1
202,1136,1
555,1136,1
574,1136,0
1427,1136,1
1748,1136,1
1749,1136,-1
555,1137,-1
1427,1137,-1
1747,1137,-1
1749,1137,1
1647,1138,-1
1650,1138,1
1653,1138,1
1654,1139,-1
1658,1139,1
1662,1139,1
1749,1140,-1
1749,1140,1
1139,1141,-1
1140,1141,1
1750,1141,-1
1138,1142,1
1140,1142,-1
1751,1142,1
754,1143,-1
1028,1143,-1
1058,1143,-1
1676,1143,1
1752,1143,1
2166,1143,1
1762,1144,-1
1763,1144,1
1832,1144,-1
2078,1144,-1
1762,1145,-1
1764,1145,1
1832,1145,-1
2080,1145,-1
178,1146,-1
1784,1146,-1
1785,1146,1
391,1147,-1
1784,1147,-1
1786,1147,1
1114,1148,-1
1784,1148,-1
1787,1148,1
1472,1149,-1
1784,1149,-1
1788,1149,1
1784,1150,-1
1784,1150,1
1789,1151,-1
1790,1151,-1
1791,1151,1
612,1152,-1
613,1152,1
1791,1152,-1
1791,1153,-1
1791,1153,1
50,1154,-1
1811,1154,-1
1812,1154,1
51,1155,-1
51,1155,1
54,1156,-1
54,1156,1
292,1157,-1
1833,1157,-1
1834,1157,1
574,1158,-1
960,1158,1
961,1158,-1
1778,1158,1
1779,1158,-1
820,1159,-1
821,1159,1
1835,1159,-1
820,1160,1
821,1160,-1
1835,1160,1
1843,1161,-1
2092,1161,1
1843,1162,-1
2103,1162,1
1847,1163,-1
1877,1163,1
19,1164,1
1848,1164,-1
1849,1165,-1
1875,1165,1
1850,1166,-1
1876,1166,1
27,1167,1
1851,1167,-1
32,1168,1
1852,1168,-1
34,1169,1
1853,1169,-1
939,1170,1
1854,1170,-1
42,1171,1
1854,1171,-1
939,1172,1
1854,1172,-1
575,1173,-1
1178,1173,1
1192,1173,1
1193,1173,-1
575,1174,-1
1881,1174,1
1882,1174,-1
1891,1174,1
1893,1174,1
429,1175,-1
430,1175,1
1884,1175,-1
717,1176,1
718,1176,-1
1885,1176,1
2106,1176,-1
1901,1177,-1
1902,1177,1
1906,1177,-1
2106,1177,-1
557,1178,-1
950,1178,1
1154,1178,1
1900,1178,-1
1059,1179,-1
1154,1179,1
1328,1179,0
1329,1179,1
1339,1179,-1
1059,1180,-1
1154,1180,1
1327,1180,-1
1328,1180,0
1339,1180,1
1059,1181,-1
1154,1181,1
1355,1181,-1
1356,1181,0
1357,1181,1
557,1182,-1
571,1182,1
574,1182,-1
1154,1182,1
1362,1182,-1
341,1183,-1
1886,1183,1
2107,1183,-1
1903,1184,-1
1904,1184,1
2107,1184,-1
58,1185,1
101,1185,-1
1178,1185,1
1325,1185,-1
1338,1185,1
58,1186,1
101,1186,-1
1178,1186,1
1324,1186,-1
1354,1186,1
575,1187,-1
1000,1187,1
1329,1187,-1
1339,1187,1
557,1188,-1
575,1188,-1
1154,1188,1
1178,1188,1
1302,1188,1
1303,1188,-1
1342,1188,-1
1858,1188,1
557,1189,-1
575,1189,-1
1154,1189,1
1178,1189,1
1302,1189,1
1303,1189,-1
1343,1189,-1
1859,1189,1
557,1190,-1
575,1190,-1
1154,1190,1
1178,1190,1
1302,1190,1
1303,1190,-1
1346,1190,-1
1855,1190,1
557,1191,-1
575,1191,-1
1154,1191,1
1178,1191,1
1302,1191,1
1303,1191,-1
1359,1191,-1
1860,1191,1
557,1192,-1
575,1192,-1
1154,1192,1
1178,1192,1
1302,1192,1
1303,1192,-1
1360,1192,-1
1861,1192,1
571,1193,-1
575,1193,-1
1178,1193,1
1302,1193,1
1303,1193,-1
1856,1193,1
1883,1194,-1
1884,1194,1
2108,1194,-1
1884,1195,-1
1902,1195,-1
1903,1195,1
1216,1196,-1
1887,1196,-1
1888,1196,1
1887,1197,-1
1904,1197,-1
1905,1197,1
14,1198,1
1326,1198,1
1335,1198,-1
1887,1199,1
2109,1199,-1
1256,1200,1
1302,1200,1
1303,1200,-1
1839,1200,1
1858,1200,-1
1256,1201,1
1302,1201,1
1303,1201,-1
1840,1201,1
1859,1201,-1
1256,1202,1
1302,1202,1
1303,1202,-1
1837,1202,1
1855,1202,-1
1256,1203,1
1302,1203,1
1303,1203,-1
1841,1203,1
1860,1203,-1
1256,1204,1
1302,1204,1
1303,1204,-1
1842,1204,1
1861,1204,-1
1256,1205,1
1302,1205,1
1303,1205,-1
1838,1205,1
1856,1205,-1
1668,1206,-1
1889,1206,1
2110,1206,-1
1883,1207,-1
1890,1207,1
2110,1207,-1
2110,1208,-1
2110,1208,1
1145,1209,-1
1892,1209,-1
1894,1209,1
1256,1210,1
1890,1210,-1
1896,1210,-1
1905,1210,-1
575,1211,-1
1881,1211,1
1882,1211,-1
1891,1211,1
1892,1211,1
1897,1211,1
574,1212,1
945,1212,1
1709,1212,-1
1892,1212,-1
1912,1212,1
575,1213,-1
1892,1213,1
1893,1213,-1
1897,1213,1
574,1214,1
946,1214,1
1709,1214,-1
1893,1214,-1
1912,1214,1
574,1215,1
947,1215,1
1709,1215,-1
1897,1215,-1
1912,1215,1
1899,1216,-1
1899,1216,1
1900,1217,-1
1901,1217,1
1906,1217,-1
868,1218,-1
1906,1218,-1
1907,1218,1
1059,1219,-1
1154,1219,1
1327,1219,1
1338,1219,-1
1908,1220,-1
1909,1220,1
1908,1221,-1
1910,1221,1
115,1222,-1
116,1222,1
1928,1222,1
124,1223,1
128,1223,-1
1928,1223,1
136,1224,1
138,1224,-1
1928,1224,1
148,1225,1
151,1225,-1
1928,1225,1
58,1226,1
101,1226,-1
730,1226,-1
733,1226,1
58,1227,1
101,1227,-1
2075,1227,1
2076,1227,-1
544,1228,-1
2073,1228,-1
2076,1228,1
870,1229,-1
893,1229,-1
1198,1229,-1
1979,1229,-1
1980,1229,1
2063,1229,0
58,1230,1
101,1230,-1
1980,1230,-1
1981,1230,1
58,1231,1
101,1231,-1
2052,1231,1
2053,1231,-1
533,1232,1
557,1232,-1
2059,1232,-1
2060,1232,1
234,1233,-1
236,1233,1
2122,1233,1
269,1234,-1
2026,1234,-1
2027,1234,1
1026,1235,-1
1027,1235,1
2026,1235,-1
2028,1236,1
2050,1236,-1
1941,1237,1
1943,1237,-1
2028,1237,1
2026,1238,1
2028,1238,-1
2032,1239,-1
2032,1239,1
533,1240,1
557,1240,-1
1196,1240,-1
1197,1240,1
58,1241,1
101,1241,-1
252,1241,-1
2015,1241,1
58,1242,1
101,1242,-1
253,1242,-1
2018,1242,1
58,1243,1
101,1243,-1
254,1243,-1
2038,1243,1
898,1244,1
899,1244,-1
2070,1244,1
2071,1244,1
86,1245,-1
2082,1245,1
2084,1245,-1
87,1246,-1
2083,1246,1
2084,1246,-1
574,1247,0
1103,1247,0
1762,1247,1
1763,1247,-1
1832,1247,1
2078,1247,1
574,1248,0
1103,1248,0
1762,1248,1
1764,1248,-1
1832,1248,1
2080,1248,1
575,1249,-1
2092,1249,-1
2094,1249,1
2097,1249,1
2099,1249,1
2092,1250,-1
2093,1250,1
1197,1251,-1
1697,1251,-1
1698,1251,1
1023,1252,-1
1024,1252,1
1698,1252,-1
1636,1253,1
2164,1253,-1
914,1254,-1
2122,1254,-1
2123,1254,1
2122,1255,-1
2122,1255,1
1386,1256,-1
1449,1256,1
1526,1256,0
1528,1256,0
1836,1256,-1
532,1257,1
535,1257,1
574,1257,0
2129,1257,1
2131,1257,1
2132,1257,-1
532,1258,-1
535,1258,-1
2130,1258,-1
2132,1258,1
1654,1259,-1
1657,1259,1
1661,1259,1
751,1260,1
752,1260,-1
1028,1260,-1
1058,1260,-1
1676,1260,1
1752,1260,1
2166,1260,1
335,1261,1
1068,1261,0
1178,1261,1
1200,1261,-1
2171,1261,-1
2175,1261,1