2370
2850
2098,2102,2099,2101,2100,1672
7
8
2851,2849
12
13
98,419
398,1114
397,1115
14
98,1029,1561
15
2407
17
16
2188,2189,1441,2395,2138,2226,2388,2771,2839,2354,2793,2130,2129,2786,2382
18
1398
19
1574,1575,1576,1577,1578,1579,1581,1582,1583,1584,1580,1585,1586,1587,1588,1589,1590,1591,1594,1595,1596,1597,573,1598,1600,1601,1603,1604,1605,1606,11,1599,1592
2398,20
21
21
25,24
23
2418
26
28
939
29
238,30
31
1152
32
32
33
34
35
38
39
42
43
44
2108
46
165
908
48
48,321,1901
49
50
1690,1691
52
976,56
1193,1870,2688
59,60
58
61
61
62
779
1679
778,2449
485,482,1356,488,1727,1796,1798,1802,1826,341,1829,96,1038,1200,415,721,491,494
1801,487,484,1355,481,1795,1799,1726,95,1825,1828,340,1037,1199,414,720,490,493
732
2456,779
1505,968
1682
1451
2240,2304,2296
2305,2241,2297
64,1981,768
51
66,67
69
75,74,72,71
164,76,78
2181
77
79,80
960
79,1611
1612
2066,408
82
83
84
91,86,88,89,90,41,40,87
98
737,99,101
2177,100
102
1411
103
1549
108
109
112,111
831,1625,1143,990
1445,48,1229
2517,2518
159,114,119,1509
116
2198
1446,1469
115
115
118
783,117
612,2521
130,123
161,124,126,129,131,2603
120,121,122
731
1446,1469
125
125
128,1458
783,127
891,2522,641
891,2523
152,133,142,143
134,135,140,139,136,137,151,138
144,145,150
1446,1469
146
153,144,145,150,2604
147
2497
149
783
141,143,134,136,132
891,701,2496
2639
2114,2113
154,155
731,156
1446,156
156
2497
158
157
2519
2520
160,2495
465,1126
165
909,47
1221,166
168
169
171
172
173
174
176
175
178
177,186,409,183,185,1139,1757,1511,823,1120,1872,822,1867,825,1878,912,985,2065,1503,1220
179,2373
2035,236,1471,181
289,84
2380,868,1541,2063,2047,2048,1871,759,1477,2375
2847
2847
187
188
189
190
191
192
193
194
194,1494
195
196
198
2205,2840,2232,2748
231
55,57,570,1036,1418,1700,1833
1090,232
233
233
2288,2800,2858,2779
235,182
237
201,1457,94
812,9,10,907,963
248
1815
848
256
1818
257
257
258
260
260
388
261
262
263
264
266
266
267
268
269
270
271
271
1398
272
272
2108,274
276
278
280,381
283
284
285
286
287
287,77
1387,77
289
292,281
289
289
296,102
289
297
298
2380,302
73,301
303
304
305
306
306
307
763
308
309,2070
1447,309,2070,1676
1447,2622,2077,1676
311,366,365
313
314
314
277,315
317
318
319
320
880,1808,1557,2583,1566
322
323
324
325
327,325
325
326
2321,2227,2796
328
335
932,931
1677,1678
344
345
346
1654
351
2422,2233,2803
352
353
355
355
356
848
357,849
358
358,1420
359
957
360
361
362,478,441
364
366
367
2792
368,399
1539,371,2103
378
380
380
384
2376,2738,2857
387
385
388
391,393
392,389
390
1262,1261
397
741
265
370,369
400
401
338,339
1625,1143,1278
403
766
913,914
1007,1008
763,1524
374,480,479
405
410
411
413
417
418
1235
423
1011,432,1015,436
437,433,1012,1016
434,438,1017,1013
431
431
1324
431
435
435
435
1335
440
442
2380,477,442
1744
1549
1375,1273
446,448
445
447
444,838
449
450
1473,412
452
1809
426,425,427,424
461
462
463
471
462
468
466,467
470
470
472
473
472,898
474
475
476
477
496
497
498,1711
2273,1194
501,500
4,2360,1237,2361,5
1671,2040,1403,527,1565,420
464
898,523,504
2115,505
2806
307,523,507
898,523,509
898,523,508
898,307,506
307,523,513
898,523,514
307,523,515
898,307,517
307,523,518
898,523,519
898,523,520
898,307,516
1123
503
898,307,503
307,523,521
307,523,522
523
531,532,328,533
2053,1847,2056,1204
334,329,331,330,333
1375,1549
547,546
1607,1393,1479,1215,1225,1541,958,2641,2063,2047,2048,1477,2787
549
904,847,2257,2262,2265,845
904,847,2257,2265,1921,1545,1546,845
2742
550
746
556,552
559,555
557,553
554,558
560
561
566,565,568,567,564
1743,1710
571
572
288
577
584
1879,2197
593,595
592,594
117
604
604
606
891,610
608,609,607
606
578,585,591,588,584,587,586,582,810
614
627,629,631,633
632,630,626,628
649,622
621,648
620,616,618
615,619,617
127
623,624,640,652
1880,625
891,614,642,579
891,639
588,584,643
730
638,637
644,634
580,589,653
650,651
646,647,645
662,664,660,655,678
656,659,663,673,661
697,658,674,676
696,657,673,675,677
682,684,686,688,690,692
683,685,691,687,689,693
700,679,681,654
1881,680
666,662,672,664,668,695,670
659,663,665,667,669,671,694
148
698
891,699
578,585,591,590,584,587,583,586,582,581
706
706
705,703
702,704
707
157
716
716
716
2307,2299,719
2308,2300,718
540,537,1707,774
539,536,1706,773
725,723
726,724
2799,2317,209,734,1094,1095,1099
727,729
728
730
731
733
735
2697,1192,2175
736
738
739
740
741
738
769
745
2112
747
743
167,748
751,749
754,752
753
755
757
758
759
760
761
763
764,765
767
770
776
778
1797,1800,1803,97,1358
780
780
756
782
757
786
787
788
789
791
790
791
792,791
2302,1121
793
794
798
806
807
808
809
742
821
2272,933
824
826
826
828
828
835
1135
826
830
831
832
833
834
837
838
839
1944,1667,1906,1186,2665,2664
1958,1944,1977,840
841
1832,918,1944,1667,1906,1186,2833
1832,1944,1667,1906,2833,2834
842,379,1977
843
1391
918,2737,910,1909
1865
470
847,2257,2262,2261
847,2257,2262,2265,1921,1545
847,2257,2262,2261,2265
1953,1959,413,910
847,1222,458
379,1955,1947,1843,1994,1993,1944,1978,1949,1543,1940,1977,1946,1953,1969,1959,1909,1939,1905,1952,1968,1960,1980,1938,1966,1971,1964,1963,1975,1937,969
842,379,1955,1947,1843,1994,1993,1944,1978,1949,1543,1940,1977,1946,1953,1969,1959,1909,1939,1905,1952,1967,1968,1980,1938,1966,1971,1964,1963,1975,1937,969
847,328,2060
848
1759,404,205,1390
852,851
2855,2134,2758,2681,2838
1006,1267,777,1792,1791,853
854
855
856
857
858
860,862,864
865,863,861
866
2238
2172,1557
1805,1804,1806,1808,798,1552
869
543,1807,1553,569,548,1273,364,1860,476,1794
1375,543,569,443,548,1273,364,1860,476,1794
543,569,443,548,364,1554,1860,476,1794
1375,543,443,548,1273,364,1554,1860,476,1794
1807,1553,569,443,548,1408,1273,364,476,1794
543,569,443,548,1408,1273,364,1554,476,1794
867
1806,873
884,443,1408,364,1554
1808,569,548,871,476
1808,569,1859,476,1794
876,1805,1804,798,1551
875,1805,1806,1808,798,1552
872
1805,1804,1806,1808,798,1552
1375,543,569,548,1408,1273,364,1554,476,1794
874
877
882
877,1805,1804,1808,798,1552
878,1808
879,1804,1806,1808,798,1552
881,1804,1806,1808,1552
1806,1808,1552
883,1808
880,1552
880,1808
880,1557
885
887
888
889
2059,2052,2058,2050,2051,2054,2057,2055
890
891
901
1492,899,717,1359
98,1492,899,717,1360
239,898
965,1787
901
902
903
904
893,897,892,895,896,894
2380
510,512,511
744,750
1962,1904
915
916
917
918
919
920
922,2578
2579,927
923,1856
1857,924
1018,925,1717
926
2813
928,930
1019,929
933
934
935,937,938
939
936,940
940
947
2295,2121
948
949
950
951
2801,2767,2768
952
2378,2798
955,956
953,954
2124,2311,2698,2287,2797
958
1215,959,1541,2641,2049,2063,190,887,1489
2269
962
964
965
966
967
1358
969
968
970
3
971
921
971
1370
972,974
973
919,975
979,977
978
574
1464,984
363,984
2540,984
2602
1468,984
978
981,980
576
982,575
983
2498
868,1541,2049,2063,1871,759,2379,1477,2787,2375
987
1619
1525
916,1146,827,1510
989,1143,1278
1143,991,1278
1625,1143,990
992,1625,1143
993
995
2167
22,2831
2067,994
996
312,996
275,997
275,998
366,2612,2630
999
1191
1000
1001
337,1002
499,1003
1004
273
1005,2611
2315
961
944,941
945,943
946,942
102,73,289
2380,102,73
816,820,1143,1278,830,2680,829,1352,1421,1424,1413,819,813,815,814,817
1009
1009
1010
1322
1010
1335
1014
1014
1324
1014
2802,2132,2210
1020
1021
2802,2764,2132,2110
1022
1023
1024
1025
1026
1027
1028
1284,1034
2660
1764,2660
2618
1724,1086
1087
1088
21
1089
958,2092
1096
1097
1098
1098
1102
1103
1104
1106
1107
1108
1109
1110
386
1111
1112
1113
741,350
1118
1809
1970,1953,413,1976,1966
918,1480,406,276,451
1102
1134
1123,1122,1124
1362
1129,1127
1131
1128,1130
455,457
1132
1132
1133
781
1132
1132
1132
1132,2624
1132
1135
1136
1137
1138
1140
1240
2229,1142
1143
1144
1145
1145
1147
1183
1787
1150,1149,1151
1152
1152,1852
1155,1160,1158
1154
1156
1157
1159
1161
1162
1163
1164
1165
1166
1167
1168
1169
1170
1171
1172
1173
1174
1175
1177
1178
1179
1177
1183
1824
900,1184
1181,1182
1186
2666
1187
1189
1188
1191
2010
1195
1196
1198
1202
1203
1205
1206
1208
1209,1563
1213
1214
868,1607,1393,1479,1226,1541,958,2641,2049,2063,2047,1871,2379,1477,2787
1216
1217
1218
1177
1218
1219
1223
85,551,113
551,2073
551
396
1227
741
1207,1212
48,1224,1228
1211
1230
1231
1232
1233
1234
1740
1238
1239
1240
1241
1242,1245
1243,1246
1244,1247
1248
1249
1251,1250
336
1140,1435
1235
1185,1181,1182
1235
1786
2281
1252
1254
1255
1256
1257
1258
1267,1790
1269
1270
1271
1272
1274,1275,1276,1277
1278
1279
1281,1282,1280,1283
2781,2219,2374
1285,1035
1286
1287,1540
1290,1291,1289
1288,1292
1392
1293
1295,1299,1294,1298
1296,1701
1300
1301
1302
1303
1304
1305
1758,906,184
1306,1305
1307
1308
1309
1310
1737
1311
1312
1313
1314
1315
1316
1317
1318
1321,2011
1338,1330,1319,1332,1339,1331,1320,1325,1326,1327,1340,1328
2012
2013,1323
1329
2014
361,1148,1297,1426
316
856
1334
859
1334
1333,1337,1336
1344
1343,1342
1345
1346,382,1350,1351
1347,2083
1348
1349
1349
1352
1135
1419
1354
1354
1357
372
373
1484,2165,1483,422,2216,2182,2190,2254,2809,2808,2355,2253,2213,2251,2133,2250,2215,2136,2252,2372,2753,2184,2209
1361
1364
1365
1366
2794,2228
1368
1368
474
1368
1369,986
1371
1415
993
1372
1373
1538
1374
1375
1376
2380
1135,1417,286
2380
2380,1416,2183
1416,70,2183
1388
1623,1624
1271
1380,1831,1377,1384,1527,1395,1520,1379,36,1381,1669,1378,1382,1383,1394,1474,1268,1396
1260,1259
1397
1397
1399
1400
1401
1402,526
611,605
1882,1405
613,635
636,1406
1407
1883
14
279
317
544,1375,569,443,548,1273,364,1554,1860,476
1412,1410
1413
1415
1416
1417
1420
1421
1422
1423
1423,1692
1424
1033
1427
1428
2397,2178,2171
1429
1430
2306,2298,2804
2309,2301,2805
1431,1433
1435
1447
1435
1436,2565
1438
1439
1442
1443
1444
1445
1446
1447
2070
1453,1452
1455,1450
1454
162
63
2509,2499,486,489,2501,483,2500,2505,2506,2502,2508,2504,2507,343,1039,416,722,492,2510,2511,1358
1116,202,208,204,762,2856,1497,2087,2086
1449
1456
1215,1541,958,2315,2641,2063,2047,190,887,1489
960
1458
1460
1460
1462
1463
2036
1485,1486
1465
1467
1446,1469,779
1470
1469
2798,2122,2682,2771,2839,2277
1475
1475
1476
2292
1318
1477
1478
1479
1745,460,542,1536
1481
1482
1488
1877
1489
1490
1515,1491
1493
2581
1495
1496
1498
1501,1500
1499
1502
2487,2486,2485
1506
1506
1507
1508
529,597
530,2461
911,2206
1512
1486,1487
1513
1513
1514
1514
1514
1514
1190
1498
1516
1516
1517
1518
1518
1518
2558
2568,2569
1524
1526
1528
1530
1531,0
1521
1531,2541
806,1529
1180,1522,2377
1153,1522,2377
1522,2446,2586
1533,2
2369,2696
1180,1153,1534
1522,2446,1534
1522,2446,1534
1535
1537,1267,850,1701
1701
1538
1541
1542
2699
1543
1544
1545
1546
1547
1548
1550
364,1555,395
880,1557,1566
880,1557,1566
2173
1556
453,1559
2423,439
2759,2762,2760
2762,2761,2763
1839,1560
1562
1566
1567
1087
816,820,1143,1278,1421,1424,1413
1568
1569,1571
1572,1570
2754,2390
1573
1602
1622,2638
2414,2402,2405
869,1607,1215,1541,958,2641,2063,2047,2048,2787
2751,2371
2367,2362,1607,1215,1541,958,2641,2063,2047,2048,1477
2843,1607,1541,958,2641,2063,2047,2048,1477,2366
2367,2362,1215,1541,958,2641,2063,2047,2048,2853,1477
2367,2844,1607,1215,1541,958,2641,2047,2048,1477,2363
2367,2844,2852,1607,1215,1541,2641,2063,2047,2048,1477,2363
2842,2848,1607,1215,1541,958,2641,2063,2048,1477,2363
1607,1215,1541,958,2315,2641,2063,2048,1477
1610,887,1489
1607,1215,1541,958,2641,2063,2047,2048,1477,2364
1607,1541,958,2641,2063,2047,2048,1477,2365
1607,1215,1541,958,2641,2063,2047,2048,1477,2364
1607,1215,1541,958,2641,2063,2047,2048,2391
1607,1541,958,2641,2063,2047,2048,1477,870
2854,1607,1215,1541,958,2641,2063,2047,2048,1477,2363
1367,1613
763
763
1617
844,846,324
454,456
407,1614
1618
1615
1616
1617
1541
1541
1354
988
1620
816,1352,1421,1424,1413,819,818,813,815,814,817
1626
1814
1627
1627
1628
1628
1629
1629
1630
1631
1632
2187,1636,1141
27,1633
2230,27
27,2231
1634
2772,2249,2426
1635,1634
905,2274
2230,1637
1638
2229,27
1637
27,2231
1639
1640
1641
2328
1608
1665,1642
1646
1643
1644
2324
1645
2327
1646,1651
1647
1648
1648
1649
1650
1652,1608
1657
1655
98,1661,418
1656
1653,1659
2326
1609
1608,2328
1558
1660
1658
1609
1662
1663
1664
1666
1667
1671,421,1755
1673
1675
1674
1263,1266
2509,2500,2505,2506,2503,2502,2508,2504,2507,1797,1800,1803,97,722,2510,2511,1358
1680
1683,1681
1684
1685
1686
1687
1687
1687
1688
1689
1692
2774,1693
1695
1696
1697
1698
1699
1702
1703
1704
1705
1716,1715
1712
1717
1714
1718
2509,2499,486,489,483,2500,2505,2506,2503,2508,342,343,1039,722,492,2510,2511,1358
1719
1719
1720
1721
1722
1723
1723,1718,1712
1725
16
1725
1732,1729
1730,1733
1731,1734
1736
1736
1741
2327
1739
1741
1741
1738,1900
1749
1750,1746,1749
1751
1752
1754
1517
1668,180
1143,1278,1352,1421,1424,1413
1143,1278,1352,1421,1424,1413
1143,1278,1421,1424,1413,815
816,1143,1278,1352,1421,1424
1143,1278,1352,1421,1424,817
1143,1278,1352,1421,1413,818
1143,1278,1352,1421,1424,819
820,1143,1352,1421,1424,1413
1389,163
402
1760
2368,2119,1101,1100,2239,2131,2282
1761
1639
1762
1694,2322
1102,738,1709,1117,2094
1765
1766
1767
1768
1769
1176,1770
1787
1688
2225
2724
2408,1787
1794
795,796,797
1785,1777,1778,1784,1771,1779,1781,1782,1772,1773,1774,1775,1780,1793,1783,1776
799,800
805,801,802,803,804,525,524,259
1810
2010
1811
811,1119,2389,170,1866,1404,105,54
1812
1814
1813
1655,255
1816
1817
1819
2381,2170
1820
1823,1821
1822
1824
1824
1845,1844
1836
1836
1837
1838
1840
1843
1846
1850
1850
1851
1851
1853
1854
1854
1855
2802,2764
1858
884,1273,364,1554,1860
884,1554,1860,2693,2694
443,364,1554,1860,2694
545,1375,569,443,548,364,1554,1860,476,1794
1409
1841,1842
1854
1868
1869
110
549
2275,2276
1873
1874
1875
1876
1197
2222,1427,1735
2312,107,1427,203,1735,2683
2222,459,2312,107,1427,2356,203,1735,2394
2222,104,253,254,459,107,203,1735
104,107,1427,203
1884
1884
1885
2727
1899
1901
1902
1903
1904
1905
1906
1907
1908
1909
1910
1911
1912
1913
1914
1915
1916
1917
1918
1919
1920
1921
1922
1923
1924
1925
1926
1927
1928
1929
1930
1931
1932
1933
1934
1935
1936
1937
1938
1939
1940
1941
1942
1943
1944
1945
1946
1947
1948
1949
1950
1951
1952
1953
1956,1954
1956
1957
1958
1959
1960
1961
1963
1964
1965
1966
1967
1968
1969
1971
1972
1973
1974
1975
1976
1977
1978
1979
1980
1982
1983
1984
1985
1986
1987
1988
1989
1990
1991
1992
1993
1994
1995
1996
1997
1998
1999
2000
2001
2002
2003
2004
2005
2006
2007
201,1461,2007
1398
1898,1897,1895,1890,1894,1892,1886,1593,1889,1887,1888,1893,1896,1891
2009
2009
428
429
430
1341
2015
2018
2016,227,228,229
2019
2020
2021
2022
2023
2024
2025
2026
2027
2028
2029
2030
2031
2032
2033
2034
2037,2038
2039
2137,2684,2743,2116,2164
2042
2041,2043
2046
2047
2048
2055
2060
2062
2047
2047
1424,1413
1368,1278,1352,1145,1421,1424,1413
868,1607,1393,1479,1225,1226,1541,958,2641,2063,2047,2048,1477,2787
531,1430,533,2068
868,1607,1393,1479,1225,1226,1541,958,2641,2049,2063,2047,300,1477,2787
868,1393,1479,1225,1226,1541,958,2641,2049,2063,2047,2379,295,1477,2787
868,1393,1479,1225,1226,1541,958,2641,2049,2063,2047,2379,290,1477,2787
868,1607,1393,1479,1225,1226,1541,958,2641,2049,2063,2047,291,1477,2787
868,1607,1393,1479,1225,1226,1541,958,2641,2049,2063,2047,282,1477,2787
868,1607,1393,1479,1225,1226,1541,958,2641,2049,2063,2047,2379,293,2787
868,1607,1393,1479,1225,1226,1541,958,2641,2049,2047,2379,294,1477,2787
1087
332,2061,2060,2064
2062,1689
1236,2069
234,37,1264,2074,383,1265
2610,2617,310
85,2072
2078,2079,2080
739
2527
2703,2081
1519,2082
1446,2071,189
2085
2088
1105,2089
2093,2091
2097
2104
1648
2328
2108
2109
1180,1153,2636
1180,1522,2636
1522,2446,2636
1119,170
2120
2123
2135
2139
2143,2140
2280,2278,2279,2141
794,2141,1748
2108,2142
2144
2145,2148
2280,1374,2278,2146
794,1753
2146,1753
2147
2149
2150,241
2151
240
2152
2153,243
2108,2154
242,1748
2155
2156,245
1374,2157
2158
244,1747
2159
2160,247
2161
246,1748
249,252
2108,251
250,1752
2166
2166,1466
1352
2174,1552
2176
2111,2212,2218,2217,2425
2268
2181
886
2185
2186
2196
2310,2672
2196,2674
199,348,600,2106,376,602,1834
197,347,599,2105,598,375
2076,715,709,711,713
708,710,712,714,2075
200,349,377,601,603,1835,2107
2445,2432,2429,2430,2431
2200
2201
2202
2203
2204
2211
2214
2220
2221
2224,2547
2327
1742,2347
2328
2235
187
496
2235
2235
2236
2237
2237
1432,1434
1041,1043,1045,1068,1070,1053
1042,1044,1067,1069,1052
562
2244
2243
2244,562
2242,563
2246
2245
6,2247
2248
2255
2256
2258,2259
2260,1919,1920
2260,2263,2267
2264,2266
2303,2084
2274
2274
2278
2279
2280
2281
210,215,226,2017,218,219,216,217,220,224,225
1153,1522,2283
1180,1522,2446
2446,2586,2283
2284
2285
2286
1087
1089
2293
2096,2294
1055,1057,1060,1066,1073,1075,1078,1080,1083
1065,1054,1059,1056,1072,1074,1077,1079,1082
1048,1062,1084
1119,2389,394,1866,105,354,1756,53
2108
2319
2319
2320
1763
2338,2343,2344,2337,2339,2342,2341
2338,2343,2340,2344,2339,2342,2341
2323
2324
2325
2326
2327
2333,2335,2332,2334,2329,2336,2331
2328
2333,2335,2332,2334,2329,2336,2331
2329
2330
2331
2332
2336
2345
2346
2347
2347
2348
2349
2350,1608
2045,772,207,535,1032
206,771,1031,2044,534
2437,2441,2443,2442,2444
212,213,214,222,230,221,211,223
1248
81
299
1180,1153,1532
1522,2446,1532
1522,2446,1532
1531,2570
1531,2559
2380
2383
2384
2385
2386
2387
2396
2705,2720
2706
2722
2725
2723
2724
2726
2401
2727
2399,2727
2709,2728
2710,2729
2711,2730
1472
2406,2403
2404
2712,2731
2713
2714
2734
2409
2410,2415
2411,2400
2412
2413
2717
1152
2736
2416
2417
1621
2419
2420
2421
2424
2427
2428
1448,2433
2439,2438,2440
781
2436
2434,2435
2436
2436
1713
2556,2554,2447
2456
2457
1504
2458,782
2459
2458
1469
1680
2458
2460
2458,2632
778,2466
1458,2472
778,2614,2466
1720
2467
2474,2473,2468
2469
757
1705,2469
2614,2470
2471
1493
2476
2477
2478
781
1469
1680
2623,2477
781,2479
2481
2480
2483
2484
781
2482
2488
2489
469,2491
2492
1125
2493
2490
2493
2494
486,489,483,1728,1797,1800,1803,97,1827,1830,1039,416,1201,722,492,495,1358
2514,2512,2513
1210,1564
2515
2516
2524,2525,2534,2539,2576,2532,2601
1180,1153,2526
1180,1522,2526
1522,2446,2586
2528
1363,2613
1459,2529
2475
2530,1680
2623
2531
2199
2533
2577,1085
2618,1085
781
2536,2535,2537,2538
2631
45
2542,1437
2544
2544
2544
2545
2546
335,2548
2549
2550
2551
2552
2555
2557
2560
2561
2562
2563
1447,2564
2566
2567
2571,2095
2572
2553,2573
2574
2575
2582
2626
2580
2625
2583
2585
2591,2590
2587
2594
2588,2589
2592
2597,2593,2596
2595
2598
2599
2600
2462,2463,2464,2465
2450,2451,2452,2453,2454,2455
2608
775,541,1708,538
780
2607
1705
2614
2605
2606
2615
1446,2609,189,1519
1446,2616,189
2619
2669
2621
2627,2629
2628
763
2353
2633,1
2634,1523
2637,1440
2635,2695
1533
2662,2663,2661
2643,2645,2644,2655,2654,2647
2648,2649,2651,2653,2656,2657,2658,2659,2640
2650,2646,2652,2642
2664
2665
2665
2667
2620
2668,785
784
2675,65
2671
68
2673
2676
65
2677
2670
2678
2679
2689
2692
2584,2448
528,596
2699
2704
2704
2706
2707
2708
2713
2714
2715
2716
2717
2718
2719
2721
2722
2723
2724
2725
2726
2727
2732
2733
2734
2735
2736
1915
2752
2755
1049,1061,1058,1047,1051,1048,1064,1046,1050,1063,1062,1071,1076,1081,1040
2757
2765
1208
2766
2773
2780
2787
2788
2795
1864,1861
1863
767,1862
2806
2807
2810
2811
2811
2812
2746,2747,2745,2744,2686,2687,2685
2194,2162,2179,1385,2117,2318,2234,106,92
2814,2818
2356,2270,2313,1091,2769,2316,2789,1848
2222,2125
2125,2191
1386,2180,2195,2163,2118,93
2314,2358,2192,1092,2271,2770,1849
2359,2193,2127
2815,2819
2816,2827
2817,2820
2775,2168,2739,2690,2699,2790
2351,2775,2748,2289,2393,2168,2128,2782,2207,2699
2312,2351,2394,2775,2289,2393,2128,2782,2207,2755,2699
2777,2169,2740,2785,2791,2691,2701
2208,2290,2352,2392,2700,2749,2776,2783
2291,2778,2784,2741,2702,2750,2756
2821,2824
2822,2825
2823,2826
2357,2223,2126
2008
502,2829
1670,2830
2828
868,1607,1393,1479,1215,1541,958,2063,2047,2048,1477,2787
1352
816,820,819,818,813,815,814
1216,2831
2833
2834
2837
2831,1421,1413
2835
1278,2836
1143,1278,1421,1424,1413,2832
1215,1541,2641,2063,2047,2841,2048,887,1489
1093,2090
1215,1541,2641,2049,2063,2047,190,1489
2845,1030
2543
2846,1789
1788
1147,1253,1371,1422,1414,1353,836,1144,1425
2859