351,0,-1
773,0,1
1397,0,-1
1,1,1
594,1,1
595,1,-1
1849,1,1
528,2,1
529,2,-1
3,3,1
594,3,1
1406,3,1
1407,3,1
1848,3,-1
4,4,1
5,4,-1
484,4,-1
798,4,1
799,4,-1
1056,5,-1
1057,5,1
10,6,0
485,6,-1
1769,6,1
1770,6,1
1772,6,1
1773,6,-1
1774,6,1
1775,6,1
1776,6,1
10,7,0
485,7,-1
1766,7,-1
1768,7,1
1771,7,1
1773,7,1
10,8,0
485,8,-1
1777,8,-1
1778,8,1
1779,8,1
1780,8,1
1781,8,1
1782,8,1
1783,8,1
1784,8,1
1785,8,1
1786,8,1
1787,8,1
1788,8,1
1789,8,1
9,9,-1
10,9,1
1851,9,-1
9,10,1
1586,10,-1
12,11,1
570,11,-1
890,11,-1
889,12,1
890,12,-1
11,13,-1
11,13,1
527,14,1
529,14,-1
15,15,-1
16,15,1
727,15,-1
18,16,-1
18,16,1
18,17,-1
18,17,1
18,18,1
19,18,-1
485,18,-1
906,18,1
29,19,1
59,19,-1
1403,19,-1
1728,19,1
20,20,-1
229,20,0
786,20,-1
1509,20,1
809,21,1
1346,21,-1
1347,21,1
24,22,-1
25,22,1
1412,22,-1
28,23,1
117,23,-1
447,23,1
468,23,-1
26,24,-1
27,24,1
116,24,-1
27,25,-1
117,25,1
568,25,-1
26,26,1
28,26,-1
116,26,1
434,26,1
440,26,1
36,27,-1
37,27,1
38,27,-1
39,28,-1
40,28,1
933,28,-1
29,29,1
40,29,-1
59,29,-1
1691,29,1
29,30,1
41,30,-1
59,30,-1
1683,30,1
29,31,1
59,31,-1
132,31,-1
1697,31,1
29,32,1
59,32,-1
219,32,-1
1706,32,1
29,33,1
59,33,-1
234,33,-1
1676,33,1
29,34,1
59,34,-1
460,34,-1
1695,34,1
29,35,1
59,35,-1
754,35,-1
1680,35,1
29,36,1
59,36,-1
860,36,-1
1687,36,1
29,37,1
59,37,-1
1048,37,-1
1679,37,1
29,38,1
59,38,-1
1207,38,-1
1696,38,1
29,39,1
59,39,-1
168,39,-1
1684,39,1
29,40,1
59,40,-1
422,40,-1
1707,40,1
29,41,1
59,41,-1
212,41,-1
1705,41,1
1708,42,-1
1708,42,1
1751,43,-1
1752,43,1
1753,44,-1
1754,44,1
47,45,-1
48,45,1
1459,45,-1
55,46,-1
56,46,1
1690,46,0
821,47,-1
822,47,1
972,47,-1
59,48,-1
63,48,1
905,48,-1
59,49,-1
59,49,1
155,49,0
60,50,-1
61,50,1
1457,50,-1
376,51,1
1455,51,-1
526,52,1
527,52,-1
544,53,1
549,53,-1
1035,53,1
1193,53,1
1194,53,1
467,54,1
524,54,-1
542,54,1
1035,54,1
1191,54,1
1192,54,1
1193,54,1
1194,54,1
467,55,1
543,55,1
545,55,-1
1035,55,1
1191,55,1
1192,55,1
1193,55,1
1194,55,1
65,56,1
286,56,-1
530,57,1
531,57,-1
14,58,-1
890,58,-1
1105,58,1
1106,58,-1
721,59,-1
721,59,1
29,60,1
59,60,-1
932,60,1
933,60,-1
74,61,-1
75,61,1
932,61,-1
954,61,-1
29,62,1
59,62,-1
73,62,1
75,62,-1
72,63,-1
76,63,1
425,63,-1
29,64,1
59,64,-1
76,64,-1
77,64,1
77,65,-1
368,65,1
454,65,-1
77,66,-1
79,66,1
456,66,-1
78,67,1
79,67,-1
944,67,-1
447,68,1
468,68,-1
1733,68,-1
1734,68,1
29,69,1
59,69,-1
932,69,1
933,69,-1
82,70,-1
84,70,1
425,70,-1
82,71,-1
85,71,1
932,71,-1
954,71,-1
29,72,1
59,72,-1
84,72,-1
87,72,1
29,73,1
59,73,-1
85,73,-1
86,73,1
87,74,-1
383,74,1
454,74,-1
87,75,-1
89,75,1
456,75,-1
88,76,1
89,76,-1
944,76,-1
447,77,1
468,77,-1
1733,77,-1
1734,77,1
29,78,1
59,78,-1
932,78,1
933,78,-1
425,79,-1
1713,79,-1
1716,79,1
29,80,1
59,80,-1
1714,80,1
1716,80,-1
454,81,-1
1714,81,-1
1715,81,1
456,82,-1
1714,82,-1
1718,82,1
944,83,-1
1717,83,1
1718,83,-1
29,84,1
59,84,-1
932,84,1
933,84,-1
93,85,-1
96,85,1
425,85,-1
93,86,-1
95,86,1
932,86,-1
954,86,-1
29,87,1
59,87,-1
96,87,-1
98,87,1
29,88,1
59,88,-1
95,88,-1
97,88,1
98,89,-1
403,89,1
454,89,-1
98,90,-1
100,90,1
456,90,-1
99,91,1
100,91,-1
944,91,-1
447,92,1
468,92,-1
1733,92,-1
1734,92,1
29,93,1
59,93,-1
932,93,1
933,93,-1
105,94,-1
106,94,1
425,94,-1
105,95,-1
107,95,1
932,95,-1
954,95,-1
29,96,1
59,96,-1
106,96,-1
109,96,1
29,97,1
59,97,-1
107,97,-1
108,97,1
109,98,-1
414,98,1
454,98,-1
109,99,-1
111,99,1
456,99,-1
110,100,1
111,100,-1
944,100,-1
447,101,1
468,101,-1
1733,101,-1
1734,101,1
29,102,1
59,102,-1
669,102,-1
1694,102,1
29,103,1
59,103,-1
1516,103,-1
1517,103,1
29,104,1
59,104,-1
1010,104,-1
1012,104,1
29,105,1
59,105,-1
1016,105,-1
1017,105,1
29,106,1
59,106,-1
1560,106,-1
1561,106,1
944,107,-1
1668,107,-1
1669,107,1
670,108,-1
670,108,1
1032,109,-1
1033,109,1
67,110,-1
173,110,1
262,110,1
294,110,1
696,110,-1
963,110,1
1225,110,1
200,111,-1
201,111,1
933,111,-1
1394,111,-1
496,112,-1
507,112,1
599,112,-1
804,112,1
1024,112,-1
1206,112,-1
1242,112,-1
1246,112,-1
1274,112,-1
1275,112,-1
1276,112,-1
1277,112,-1
1283,112,-1
1284,112,-1
1286,112,-1
1289,112,-1
1290,112,-1
1291,112,-1
1295,112,-1
1296,112,-1
1298,112,-1
1299,112,-1
1301,112,-1
1302,112,-1
1303,112,-1
1304,112,-1
1305,112,-1
1309,112,-1
1311,112,-1
1312,112,-1
1314,112,-1
1326,112,-1
1327,112,-1
546,113,1
550,113,-1
876,113,-1
961,113,1
548,114,-1
550,114,1
876,114,-1
961,114,1
1191,114,1
1192,114,1
1193,114,1
546,115,-1
552,115,1
876,115,-1
961,115,1
529,116,1
536,116,-1
876,116,-1
1194,116,1
1503,117,1
1809,117,-1
467,118,1
547,118,-1
548,118,1
876,118,-1
961,118,1
545,119,-1
547,119,1
876,119,-1
961,119,1
59,120,-1
438,120,0
439,120,0
961,120,1
1452,120,1
59,121,-1
158,121,0
437,121,0
961,121,1
1452,121,1
119,122,-1
120,122,1
485,122,1
486,122,-1
119,123,-1
120,123,1
485,123,1
715,123,1
716,123,-1
119,124,1
120,124,-1
121,124,-1
122,124,1
199,125,-1
200,125,1
447,125,1
468,125,-1
1051,126,-1
1065,126,1
1801,126,-1
59,127,-1
159,127,0
961,127,1
1452,127,1
729,128,-1
730,128,1
731,128,1
732,129,-1
733,129,1
734,129,1
735,130,-1
736,130,1
737,130,1
738,131,-1
739,131,1
740,131,1
741,132,-1
742,132,1
743,132,1
744,133,-1
745,133,1
746,133,1
490,134,1
752,134,-1
1134,134,-1
1202,134,-1
1243,134,-1
1258,134,-1
1744,134,-1
1745,134,-1
723,135,-1
724,135,1
476,136,-1
477,136,1
766,137,-1
855,137,0
1034,137,0
1380,137,-1
1837,137,-1
1839,137,1
498,138,1
569,138,-1
573,138,-1
1246,138,-1
1790,138,-1
477,139,-1
483,139,1
714,139,-1
677,140,-1
1406,140,-1
1848,140,1
50,141,-1
51,141,1
595,141,-1
1378,141,0
50,142,-1
53,142,1
1062,142,-1
54,143,1
266,143,-1
1378,143,-1
480,144,-1
481,144,1
714,144,-1
595,145,-1
677,145,1
1407,145,-1
1849,145,1
714,146,-1
855,146,-1
856,146,1
1002,147,-1
1080,147,-1
1082,147,1
1003,148,-1
1070,148,1
1076,148,-1
903,149,-1
1215,149,-1
1220,149,1
50,150,-1
1373,150,-1
1378,150,1
33,151,-1
43,151,1
1374,151,-1
183,152,-1
188,152,1
1377,152,-1
620,153,1
676,153,-1
1079,153,-1
480,154,-1
482,154,-1
653,154,1
721,154,-1
807,154,-1
855,154,-1
906,154,-1
910,154,-1
914,154,-1
1042,154,-1
1760,154,-1
29,155,1
59,155,-1
71,155,1
366,155,-1
29,156,1
59,156,-1
80,156,1
372,156,-1
29,157,1
59,157,-1
81,157,1
379,157,-1
29,158,1
59,158,-1
83,158,1
381,158,-1
29,159,1
59,159,-1
90,159,1
387,159,-1
29,160,1
59,160,-1
91,160,1
393,160,-1
29,161,1
59,161,-1
92,161,1
397,161,-1
29,162,1
59,162,-1
399,162,-1
1713,162,1
29,163,1
59,163,-1
94,163,1
404,163,-1
29,164,1
59,164,-1
101,164,1
395,164,-1
29,165,1
59,165,-1
102,165,1
407,165,-1
29,166,1
59,166,-1
103,166,1
410,166,-1
29,167,1
59,167,-1
104,167,1
411,167,-1
29,168,1
59,168,-1
114,168,1
898,168,-1
29,169,1
59,169,-1
921,169,-1
1604,169,1
29,170,1
59,170,-1
1490,170,-1
1607,170,1
29,171,1
59,171,-1
1468,171,-1
1471,171,1
29,172,1
59,172,-1
1552,172,-1
1554,172,1
243,173,-1
490,173,-1
491,173,1
1281,173,-1
1294,173,-1
1311,173,-1
138,174,1
139,174,-1
1690,174,0
944,175,-1
1730,175,-1
1748,175,1
29,176,1
59,176,-1
932,176,1
933,176,-1
946,177,-1
1730,177,1
1749,177,-1
29,178,1
59,178,-1
143,178,-1
1657,178,1
145,179,-1
146,179,1
1501,179,-1
431,180,-1
432,180,1
484,180,-1
485,180,1
891,180,-1
431,181,-1
432,181,1
484,181,-1
485,181,1
891,181,-1
170,182,-1
704,182,-1
705,182,1
298,183,-1
303,183,1
703,183,-1
455,184,-1
704,184,-1
706,184,1
455,185,-1
1613,185,-1
1614,185,1
454,186,-1
1613,186,-1
1616,186,1
454,187,-1
704,187,-1
708,187,1
564,188,0
721,188,-1
1843,188,-1
1844,188,1
807,189,-1
1844,189,-1
1845,189,1
309,190,-1
866,190,1
867,190,-1
227,191,-1
228,191,1
865,191,-1
627,192,-1
867,192,-1
871,192,1
865,193,-1
870,193,1
907,193,-1
706,194,-1
707,194,1
945,194,-1
945,195,-1
1614,195,-1
1615,195,1
1138,196,-1
1613,196,-1
1618,196,1
704,197,-1
710,197,1
1138,197,-1
183,198,-1
765,198,-1
1384,198,1
198,199,-1
558,199,-1
701,199,-1
703,199,1
1745,200,-1
1746,200,1
261,201,-1
1109,201,-1
1185,201,1
752,202,-1
753,202,1
1746,202,-1
1405,203,-1
1842,203,1
1845,203,-1
436,204,-1
772,204,-1
774,204,1
477,205,-1
477,205,1
479,205,-1
479,205,1
724,205,-1
724,205,1
243,206,-1
493,206,-1
495,206,1
1281,206,-1
1311,206,-1
150,207,-1
151,207,1
509,207,-1
152,208,1
153,208,-1
509,208,-1
154,209,-1
155,209,1
156,209,-1
169,210,-1
250,210,-1
252,210,1
171,211,-1
643,211,-1
644,211,1
640,212,1
645,212,-1
1341,212,-1
220,213,-1
640,213,-1
641,213,1
172,214,-1
238,214,1
635,214,1
636,214,-1
634,215,1
635,215,-1
1341,215,-1
176,216,1
177,216,-1
474,216,0
175,217,-1
1385,217,1
1386,217,-1
196,218,-1
197,218,1
206,218,0
1408,218,-1
200,219,-1
201,219,1
934,219,-1
205,220,-1
206,220,1
207,220,-1
29,221,1
59,221,-1
423,221,-1
1690,221,1
29,222,1
59,222,-1
450,222,-1
1688,222,1
29,223,1
59,223,-1
669,223,-1
1694,223,1
29,224,1
59,224,-1
964,224,-1
1711,224,1
29,225,1
59,225,-1
965,225,-1
1710,225,1
29,226,1
59,226,-1
693,226,-1
1685,226,1
29,227,1
59,227,-1
685,227,-1
1686,227,1
206,228,-1
206,228,1
29,229,1
59,229,-1
208,229,1
235,229,1
314,229,1
726,229,1
841,229,-1
915,229,1
1020,229,1
1673,229,1
215,230,-1
216,230,1
319,230,-1
1341,231,1
1832,231,-1
223,232,-1
224,232,-1
225,232,1
230,233,-1
231,233,1
484,233,-1
230,234,-1
230,234,1
232,235,-1
233,235,1
593,235,-1
587,236,-1
1676,236,-1
1678,236,1
582,237,-1
1676,237,-1
1677,237,1
236,238,-1
608,238,1
617,238,-1
162,239,1
163,239,-1
165,239,1
166,239,1
167,239,1
240,240,-1
241,240,1
257,240,-1
245,241,-1
246,241,-1
248,241,1
157,242,-1
158,242,1
249,242,-1
249,243,-1
250,243,1
251,243,-1
207,244,1
252,244,0
485,244,-1
781,244,-1
782,244,1
6,245,1
7,245,-1
254,246,1
255,246,-1
776,246,-1
777,246,1
7,247,1
254,247,-1
692,247,-1
254,248,-1
254,248,1
164,249,-1
256,249,1
260,250,0
623,250,1
1109,250,1
1185,250,-1
291,251,-1
291,251,1
1806,252,-1
1806,252,1
354,253,-1
355,253,1
241,254,0
1097,254,1
1104,254,-1
1509,254,1
352,255,-1
353,255,1
354,255,1
1226,256,-1
1227,256,1
624,257,-1
625,257,1
623,258,-1
626,258,1
1384,259,-1
1386,259,1
1385,260,-1
1388,260,1
397,261,1
398,261,-1
409,262,-1
410,262,1
29,263,1
59,263,-1
418,263,-1
1627,263,1
29,264,1
59,264,-1
1525,264,-1
1743,264,1
29,265,1
59,265,-1
932,265,1
933,265,-1
29,266,1
59,266,-1
932,266,1
933,266,-1
447,267,1
468,267,-1
1002,267,1
1069,267,-1
264,268,-1
1072,268,-1
1073,268,1
264,269,-1
299,269,1
300,269,-1
31,270,1
484,270,1
485,270,-1
796,270,-1
800,270,1
29,271,1
59,271,-1
932,271,1
933,271,-1
946,272,-1
1470,272,-1
1668,272,1
447,273,1
468,273,-1
998,273,-1
999,273,1
285,274,-1
1030,274,1
1031,274,-1
193,275,-1
288,275,-1
291,275,1
488,275,-1
32,276,1
297,276,-1
796,276,-1
800,276,1
193,277,1
289,277,1
290,277,1
291,277,-1
484,277,0
488,277,1
562,277,0
563,277,0
1213,277,0
291,278,-1
291,278,1
52,279,1
53,279,-1
485,279,-1
815,279,1
1493,280,1
1495,280,1
1496,280,-1
358,281,1
1494,281,1
1497,281,-1
47,282,1
62,282,1
651,282,-1
1564,282,1
47,283,1
62,283,1
652,283,-1
1564,283,1
46,284,1
882,284,-1
908,284,1
1564,284,1
1341,285,1
1393,285,1
1558,285,-1
234,286,0
244,286,1
269,286,1
293,286,1
310,286,0
514,286,1
803,286,1
804,286,1
1024,286,1
1025,286,1
1134,286,1
1225,286,-1
1241,286,1
1243,286,1
1244,286,1
1246,286,1
1247,286,1
1249,286,1
1252,286,0
1254,286,1
1255,286,1
1260,286,1
1268,286,1
1269,286,1
1272,286,1
1277,286,1
1278,286,1
1281,286,1
1282,286,1
1283,286,1
1286,286,1
1287,286,1
1290,286,1
1292,286,1
1293,286,1
1295,286,1
1300,286,1
1304,286,1
1310,286,1
1311,286,1
1312,286,1
1313,286,1
1315,286,1
1316,286,1
1317,286,1
1318,286,1
1319,286,1
1320,286,1
1321,286,1
1322,286,1
1323,286,1
1324,286,1
1325,286,1
1326,286,1
1327,286,1
1328,286,1
1329,286,1
1330,286,1
1331,286,1
1333,286,1
1335,286,1
1336,286,1
1337,286,1
1338,286,1
1339,286,1
772,287,1
773,287,-1
1396,287,1
1167,288,-1
1168,288,1
1349,289,1
1350,289,-1
366,290,1
367,290,-1
379,291,1
380,291,-1
381,292,1
382,292,-1
404,293,1
405,293,-1
395,294,1
396,294,-1
411,295,1
412,295,-1
1670,296,1
1671,296,-1
1466,297,1
1467,297,-1
897,298,-1
898,298,1
426,299,0
1095,299,1
1102,299,-1
1197,299,0
1481,299,1
1509,299,1
621,300,1
858,300,1
1079,300,1
1082,300,-1
347,301,-1
775,301,1
1836,301,1
673,302,1
1670,302,-1
1698,302,1
1000,303,1
1611,303,1
1657,303,1
1660,303,-1
1703,303,1
1000,304,1
1416,304,-1
1611,304,1
1703,304,1
1738,304,1
1000,305,1
1514,305,1
1517,305,-1
1611,305,1
1703,305,1
1000,306,1
1014,306,1
1017,306,-1
1611,306,1
1703,306,1
1000,307,1
1008,307,1
1561,307,-1
1611,307,1
1703,307,1
1000,308,1
1012,308,-1
1563,308,1
1611,308,1
1703,308,1
1612,309,1
1613,309,1
1621,309,-1
704,310,1
713,310,-1
1612,310,1
121,311,1
122,311,-1
1476,311,-1
1477,311,1
887,312,0
1043,312,-1
1043,312,1
719,313,-1
720,313,1
1343,313,-1
1479,313,-1
1343,314,-1
1343,314,1
484,315,1
787,315,1
1565,315,-1
1600,315,1
1601,315,-1
13,316,1
262,316,1
1565,316,-1
1759,316,-1
302,317,1
303,317,-1
198,318,-1
306,318,-1
308,318,1
558,318,-1
315,319,-1
641,319,-1
642,319,1
316,320,-1
317,320,1
318,320,-1
321,321,-1
322,321,1
1417,321,-1
321,322,-1
323,322,1
1808,322,-1
198,323,1
301,323,-1
320,323,1
321,323,-1
341,323,1
558,323,1
324,324,-1
328,324,1
1195,324,-1
325,325,-1
326,325,1
1808,325,-1
198,326,1
327,326,-1
341,326,1
558,326,1
567,326,1
699,326,-1
29,327,1
59,327,-1
326,327,0
328,327,0
567,327,-1
976,327,1
29,328,1
59,328,-1
336,328,-1
1654,328,1
331,329,-1
332,329,1
1417,329,-1
329,330,-1
330,330,1
1761,330,-1
333,331,-1
334,331,1
1808,331,-1
198,332,1
335,332,-1
336,332,1
341,332,1
558,332,1
700,332,-1
338,333,-1
339,333,1
1526,333,-1
338,334,-1
340,334,1
1808,334,-1
29,335,1
59,335,-1
1665,335,-1
1666,335,1
198,336,1
337,336,1
338,336,-1
341,336,1
558,336,1
66,337,1
67,337,-1
262,337,1
292,337,-1
484,337,1
630,338,-1
876,338,-1
1380,338,1
1837,338,1
1850,338,1
1166,339,-1
1168,339,-1
1479,339,1
349,340,-1
500,340,1
507,340,1
565,340,1
1504,340,1
1505,340,1
1506,340,1
1507,340,1
1104,341,-1
1104,341,1
1102,342,-1
1108,342,1
1464,343,-1
1464,343,1
1465,344,-1
1465,344,1
890,345,-1
890,345,1
15,346,0
17,346,0
344,346,0
727,346,-1
727,346,1
1340,346,0
1773,346,0
725,347,-1
725,347,1
872,347,-1
872,347,1
814,348,0
818,348,1
824,348,-1
59,349,-1
70,349,1
774,349,-1
780,349,-1
931,349,-1
980,349,1
551,350,1
552,350,-1
360,351,-1
361,351,1
1690,351,0
29,352,1
59,352,-1
1156,352,-1
1732,352,1
372,353,1
373,353,-1
375,353,-1
557,353,-1
29,354,1
59,354,-1
377,354,-1
1712,354,1
377,355,1
378,355,-1
364,356,-1
376,356,-1
386,356,1
391,356,-1
557,356,-1
387,357,1
388,357,-1
390,357,-1
557,357,-1
392,358,-1
393,358,1
394,358,-1
557,358,-1
399,359,1
400,359,-1
447,360,1
468,360,-1
1733,360,-1
1734,360,1
401,361,-1
402,361,1
1234,361,-1
406,362,-1
407,362,1
408,362,-1
557,362,-1
411,363,-1
413,363,1
916,363,-1
415,364,-1
416,364,1
1799,364,-1
415,365,-1
417,365,1
1802,365,-1
1814,366,-1
1817,366,-1
1819,366,1
1822,367,-1
1825,367,-1
1828,367,1
1157,368,-1
1624,368,-1
1625,368,1
29,369,1
59,369,-1
1625,369,-1
1626,369,1
484,370,-1
486,370,1
798,370,1
799,370,-1
891,370,-1
135,371,1
136,371,-1
137,371,0
210,372,1
211,372,-1
1700,372,0
852,373,1
853,373,-1
854,373,0
29,374,1
59,374,-1
420,374,-1
1720,374,1
1157,375,-1
1720,375,-1
1726,375,1
29,376,1
59,376,-1
1722,376,-1
1724,376,1
944,377,-1
1719,377,-1
1725,377,1
946,378,-1
1719,378,1
1724,378,-1
442,379,-1
1721,379,-1
1722,379,1
1155,380,-1
1721,380,-1
1723,380,1
452,381,-1
1627,381,-1
1628,381,1
1155,382,-1
1628,382,-1
1630,382,1
29,383,1
59,383,-1
1629,383,-1
1631,383,1
944,384,-1
1623,384,1
1632,384,-1
946,385,-1
1631,385,-1
1632,385,1
442,386,-1
1628,386,-1
1629,386,1
447,387,1
468,387,-1
1733,387,-1
1734,387,1
969,388,-1
1631,388,-1
1633,388,1
388,389,-1
389,389,1
424,389,-1
20,390,1
1098,390,1
1102,390,-1
426,391,-1
427,391,-1
428,391,1
22,392,-1
23,392,1
24,392,1
533,393,1
540,393,-1
267,394,1
356,394,-1
357,394,1
441,394,-1
1054,395,-1
1061,395,1
348,396,-1
1226,396,1
47,397,-1
62,397,-1
186,397,-1
187,397,1
47,398,-1
62,398,-1
191,398,-1
192,398,1
286,399,1
806,399,-1
876,399,-1
876,399,1
1030,399,-1
881,400,1
1460,400,-1
1564,400,-1
46,401,-1
881,401,-1
883,401,1
908,401,-1
180,402,-1
879,402,1
1564,402,-1
49,403,-1
182,403,1
879,403,-1
942,404,1
960,404,1
1049,404,1
1060,404,-1
888,405,1
962,405,1
1051,405,1
1602,405,1
1836,405,-1
134,406,-1
555,406,-1
966,406,-1
1059,406,-1
1060,406,1
57,407,-1
127,407,1
183,407,-1
1564,407,-1
174,408,-1
209,408,-1
903,408,1
428,409,0
1751,409,1
1755,409,1
1756,409,-1
428,410,0
1753,410,1
1755,410,1
1757,410,-1
1096,411,1
1097,411,-1
1368,411,0
1480,411,1
1096,412,1
1098,412,-1
1368,412,0
1481,412,1
350,413,-1
500,413,1
507,413,1
565,413,1
1026,413,1
1027,413,1
1258,413,1
1504,413,1
1506,413,1
1507,413,1
624,414,1
626,414,-1
477,415,-1
477,415,1
479,415,-1
479,415,1
724,415,-1
724,415,1
184,416,1
1382,416,1
1389,416,-1
1387,417,1
1388,417,-1
118,418,-1
434,418,-1
435,418,1
485,419,-1
678,419,1
687,419,-1
689,419,1
451,420,-1
898,420,-1
899,420,1
454,421,-1
1634,421,-1
1637,421,1
454,422,-1
1607,422,-1
1608,422,1
454,423,-1
1604,423,-1
1605,423,1
29,424,1
59,424,-1
785,424,-1
1681,424,1
462,425,-1
463,425,1
464,425,-1
29,426,1
59,426,-1
463,426,0
484,426,1
877,426,-1
1682,426,1
29,427,1
59,427,-1
750,427,-1
1704,427,1
469,428,-1
470,428,1
926,428,0
1800,428,-1
11,429,-1
471,429,1
484,429,1
1238,429,1
1239,429,-1
594,430,1
646,430,1
647,430,-1
459,431,-1
459,431,1
788,432,-1
788,432,1
160,433,0
161,433,0
478,433,1
487,433,-1
348,434,-1
348,434,1
476,435,1
795,435,-1
486,436,-1
716,436,1
1348,436,-1
491,437,-1
492,437,1
804,437,-1
886,437,0
349,438,1
500,438,-1
501,438,-1
565,438,-1
350,439,1
500,439,-1
502,439,-1
565,439,-1
495,440,-1
496,440,1
804,440,-1
886,440,0
218,441,1
342,441,0
503,441,1
508,441,-1
1376,441,1
1504,441,-1
1505,441,-1
1506,441,-1
218,442,-1
342,442,0
507,442,-1
508,442,1
1376,442,-1
1507,442,-1
214,443,1
498,443,1
499,443,1
504,443,1
556,443,1
1071,443,-1
1221,443,-1
296,444,1
497,444,1
505,444,-1
506,444,1
771,444,1
887,444,-1
501,445,1
503,445,-1
510,446,-1
511,446,1
512,446,-1
29,447,1
59,447,-1
533,447,-1
540,447,1
980,447,1
128,448,-1
618,448,1
1383,448,0
148,449,-1
558,449,-1
561,449,1
487,450,1
29,451,1
59,451,-1
320,451,-1
322,451,0
323,451,0
1634,451,1
1135,452,-1
1139,452,1
1140,452,-1
29,453,1
59,453,-1
485,453,-1
894,453,1
1135,453,1
1762,453,1
1834,453,-1
1835,453,1
1139,454,-1
1341,454,-1
1834,454,1
894,455,-1
1140,455,1
1141,455,-1
29,456,1
59,456,-1
1515,456,-1
1516,456,1
728,457,-1
751,457,-1
1000,457,-1
1514,457,-1
1515,457,1
1737,457,0
144,458,0
747,458,0
1006,458,-1
1007,458,1
1521,458,-1
980,459,1
1002,459,-1
1003,459,0
1004,459,0
1068,459,1
249,460,-1
1498,460,-1
1499,460,1
1500,460,1
29,461,1
59,461,-1
253,461,1
286,461,-1
534,461,1
902,461,-1
253,462,1
286,462,-1
1216,462,1
1220,462,-1
237,463,-1
532,463,-1
1031,463,1
1194,463,-1
1194,463,1
575,464,-1
576,464,1
1214,464,-1
577,465,-1
578,465,1
664,465,-1
579,466,-1
580,466,1
664,466,-1
581,467,1
582,467,-1
1677,467,0
583,468,-1
584,468,-1
585,468,1
586,469,1
587,469,-1
1678,469,0
588,470,-1
589,470,1
1807,470,-1
590,471,-1
591,471,-1
592,471,1
574,472,-1
597,472,-1
603,472,1
35,473,0
249,473,-1
249,473,1
574,473,0
601,474,-1
602,474,1
1568,474,-1
604,475,-1
605,475,1
686,475,-1
604,476,-1
612,476,1
717,476,-1
29,477,1
59,477,-1
606,477,1
615,477,-1
774,477,-1
778,477,-1
779,477,1
980,477,1
362,478,-1
613,478,-1
614,478,1
234,479,0
599,479,1
810,479,0
1206,479,1
1225,479,-1
1252,479,0
1253,479,0
1253,479,1
1284,479,1
1285,479,1
1332,479,1
595,480,-1
595,480,1
1391,480,0
258,481,-1
304,481,-1
305,481,1
929,482,0
1005,482,-1
1458,482,1
1508,482,-1
144,483,0
747,483,0
1458,483,-1
1562,483,1
1693,483,-1
56,484,0
249,484,-1
249,484,1
141,485,-1
142,485,1
1514,485,-1
214,486,-1
498,486,-1
504,486,-1
556,486,-1
1071,486,1
1472,486,-1
631,487,1
855,487,0
876,487,-1
1380,487,-1
1837,487,-1
629,488,1
857,488,0
1380,488,-1
1454,488,-1
204,489,-1
632,489,-1
633,489,1
637,490,-1
638,490,1
755,490,-1
638,491,-1
639,491,1
29,492,1
59,492,-1
644,492,-1
645,492,1
29,493,1
59,493,-1
639,493,-1
643,493,1
1387,494,-1
1390,494,1
942,495,-1
1847,495,1
595,496,-1
675,496,-1
1391,496,1
648,497,-1
648,497,1
648,498,1
649,498,1
650,498,-1
814,498,0
181,499,1
182,499,-1
187,500,-1
651,500,1
192,501,-1
652,501,1
431,502,1
484,502,1
776,502,1
777,502,-1
798,502,1
799,502,-1
217,503,-1
654,503,-1
655,503,1
29,504,1
59,504,-1
259,504,-1
259,504,1
485,504,-1
980,504,1
665,505,-1
671,505,-1
672,505,1
666,506,-1
667,506,-1
668,506,1
454,507,-1
1672,507,1
1740,507,-1
671,508,1
1188,508,-1
1740,508,-1
1793,509,-1
1794,509,-1
1795,509,1
1815,510,-1
1820,510,1
1831,510,-1
1823,511,-1
1826,511,-1
1829,511,1
29,512,1
59,512,-1
932,512,1
933,512,-1
485,513,1
486,513,-1
891,513,1
679,514,-1
679,514,1
247,515,-1
448,515,0
687,515,-1
688,515,1
475,516,1
485,516,-1
689,516,-1
690,516,1
6,517,-1
255,517,1
691,517,1
242,518,1
695,518,0
752,518,1
1027,518,1
1028,518,1
1029,518,1
1225,518,-1
1242,518,1
1245,518,1
1248,518,1
1250,518,1
1251,518,1
1256,518,1
1257,518,1
1261,518,1
1262,518,1
1263,518,1
1264,518,1
1265,518,1
1266,518,1
1267,518,1
1270,518,1
1271,518,1
1273,518,1
1276,518,1
1279,518,1
1280,518,1
1288,518,1
1289,518,1
1297,518,1
1302,518,1
1306,518,1
1307,518,1
1308,518,1
1334,518,1
1745,518,1
173,519,-1
263,519,-1
294,519,-1
513,519,0
573,519,-1
696,519,1
963,519,-1
1204,519,0
1245,519,0
1259,519,0
1260,519,0
1331,519,0
1841,519,0
307,520,1
308,520,-1
420,521,1
421,521,-1
418,522,1
419,522,-1
1491,523,1
1492,523,-1
1523,524,1
1524,524,-1
921,525,1
922,525,-1
923,526,-1
1490,526,1
1468,527,1
1469,527,-1
1552,528,1
1553,528,-1
369,529,-1
370,529,1
371,530,-1
374,530,1
29,531,1
59,531,-1
112,531,1
370,531,-1
29,532,1
59,532,-1
113,532,1
374,532,-1
286,533,-1
287,533,1
876,533,-1
777,534,-1
777,534,1
484,535,1
788,535,1
1566,535,-1
1600,535,1
1601,535,-1
718,536,-1
719,536,1
788,536,-1
723,537,1
29,538,1
59,538,-1
751,538,-1
1703,538,1
728,539,-1
751,539,-1
1000,539,-1
1414,539,1
1738,539,-1
29,540,1
59,540,-1
1415,540,-1
1416,540,1
29,541,1
59,541,-1
1659,541,-1
1660,541,1
618,542,-1
765,542,1
984,542,0
748,543,-1
768,543,-1
769,543,1
749,544,-1
768,544,-1
770,544,1
571,545,-1
653,545,-1
1109,545,-1
1185,545,1
1061,546,-1
1063,546,1
929,547,0
1009,547,-1
1555,547,-1
1739,547,1
0,548,-1
144,548,0
747,548,0
1013,548,1
1739,548,-1
1556,549,-1
1556,549,1
793,550,-1
1341,550,-1
1556,550,1
484,551,-1
485,551,1
757,551,-1
759,551,1
796,551,1
797,551,-1
815,551,1
1570,551,-1
973,552,-1
974,552,1
1228,552,-1
1229,552,1
54,553,-1
1341,553,-1
1557,553,1
1074,554,1
1078,554,-1
1079,554,-1
485,555,-1
980,555,1
1473,555,1
1522,555,-1
728,556,-1
751,556,-1
1000,556,-1
1008,556,-1
1559,556,1
1737,556,0
29,557,1
59,557,-1
1559,557,-1
1560,557,1
776,558,-1
776,558,1
484,559,1
757,559,-1
758,559,1
829,559,-1
262,560,1
763,560,-1
1564,560,1
1569,560,-1
1389,561,1
1390,561,-1
2,562,-1
317,562,0
485,562,-1
764,562,1
1420,562,1
764,563,-1
1518,563,1
317,564,0
485,564,-1
789,564,-1
1420,564,1
1813,564,1
262,565,1
443,565,-1
763,565,-1
793,565,1
295,566,1
694,566,-1
809,567,-1
816,567,1
849,567,1
811,568,-1
812,568,-1
813,568,1
801,569,1
816,569,-1
817,569,1
1019,569,-1
235,570,-1
314,570,-1
726,570,-1
817,570,-1
840,570,1
915,570,-1
816,571,-1
816,571,1
819,572,-1
820,572,1
825,572,-1
1164,572,1
832,573,1
833,573,-1
959,573,0
808,574,1
834,574,1
836,574,-1
274,575,-1
275,575,1
835,575,-1
278,576,-1
279,576,1
835,576,-1
656,577,-1
657,577,1
835,577,-1
660,578,-1
661,578,1
835,578,-1
809,579,1
837,579,1
839,579,-1
274,580,-1
276,580,1
838,580,-1
278,581,-1
280,581,1
838,581,-1
656,582,-1
658,582,1
838,582,-1
660,583,-1
662,583,1
838,583,-1
274,584,-1
277,584,1
846,584,-1
278,585,-1
281,585,1
846,585,-1
516,586,-1
840,586,-1
842,586,1
518,587,-1
840,587,-1
843,587,1
656,588,-1
659,588,1
846,588,-1
660,589,-1
663,589,1
846,589,-1
761,590,-1
840,590,-1
845,590,1
520,591,-1
840,591,-1
844,591,1
208,592,-1
840,592,-1
841,592,1
515,593,1
516,593,-1
842,593,0
517,594,1
518,594,-1
843,594,0
519,595,1
520,595,-1
844,595,0
760,596,1
761,596,-1
845,596,0
808,597,1
847,597,-1
848,597,1
484,598,1
798,598,1
799,598,-1
891,598,-1
892,598,1
855,599,-1
1837,599,1
1838,599,-1
559,600,-1
560,600,1
859,600,-1
19,601,1
485,601,1
862,601,-1
1419,601,-1
873,602,-1
874,602,1
1791,602,-1
485,603,-1
826,603,-1
861,603,1
980,603,1
537,604,1
540,604,-1
876,604,-1
485,605,-1
802,605,1
876,605,-1
980,605,1
30,606,-1
42,606,1
485,606,-1
980,606,1
429,607,-1
433,607,1
1564,607,-1
489,608,-1
566,608,1
1564,608,-1
680,609,-1
697,609,1
1564,609,-1
283,610,-1
284,610,1
312,610,-1
997,610,-1
1564,610,-1
179,611,-1
714,611,-1
880,611,1
909,611,-1
1564,611,-1
185,612,-1
186,612,1
680,612,1
1564,612,-1
795,613,1
623,614,1
1185,614,-1
538,615,-1
545,615,1
961,615,1
855,616,0
906,616,-1
910,616,-1
914,616,-1
1837,616,-1
1843,616,1
472,617,1
473,617,-1
829,617,-1
831,617,1
891,617,-1
356,618,1
357,618,-1
485,618,1
828,618,1
830,618,-1
125,619,-1
465,619,-1
1092,619,1
1852,619,1
115,620,-1
885,620,-1
1072,620,1
1184,620,1
790,621,-1
792,621,-1
1583,621,1
1587,621,-1
1587,621,1
1583,622,-1
1584,622,1
1587,622,-1
537,623,-1
538,623,1
34,624,1
484,624,1
796,624,-1
800,624,1
1682,624,-1
34,625,-1
1167,625,1
1169,625,-1
1237,625,1
1168,626,-1
1168,626,1
1165,627,1
1168,627,-1
1165,628,1
1168,628,-1
221,629,1
222,629,-1
471,629,-1
889,629,1
893,630,-1
1047,630,-1
1154,630,1
362,631,-1
613,631,-1
614,631,1
63,632,-1
64,632,1
912,633,-1
913,633,1
1146,633,-1
917,634,-1
918,634,-1
919,634,1
1816,635,-1
1818,635,-1
1821,635,1
1824,636,-1
1827,636,-1
1830,636,1
29,637,1
59,637,-1
924,637,1
925,637,-1
1708,637,1
932,638,-1
949,638,1
1367,638,-1
935,639,-1
1607,639,-1
1609,639,1
935,640,-1
1603,640,1
1604,640,-1
29,641,1
59,641,-1
932,641,1
933,641,-1
29,642,1
59,642,-1
932,642,1
933,642,-1
29,643,1
59,643,-1
932,643,1
933,643,-1
29,644,1
59,644,-1
932,644,1
933,644,-1
29,645,1
59,645,-1
932,645,1
933,645,-1
29,646,1
59,646,-1
932,646,1
933,646,-1
936,647,1
938,647,-1
939,647,-1
924,648,-1
925,648,1
1691,648,-1
950,649,-1
985,649,1
29,650,1
59,650,-1
234,650,-1
1676,650,1
954,651,-1
1613,651,-1
1617,651,1
268,652,1
485,652,-1
574,652,1
933,652,-1
704,653,-1
709,653,1
954,653,-1
25,654,-1
29,654,1
59,654,-1
1675,654,1
681,655,-1
955,655,-1
956,655,1
957,656,-1
958,656,1
1519,656,-1
833,657,-1
957,657,-1
959,657,1
957,658,1
958,658,-1
1520,658,1
958,659,-1
958,659,1
967,660,-1
968,660,1
992,660,-1
136,661,-1
137,661,1
970,661,-1
970,662,1
1622,662,1
1626,662,-1
970,663,-1
970,663,1
128,664,1
444,664,-1
525,664,-1
960,664,-1
1021,664,-1
1227,664,-1
1373,664,-1
1374,664,-1
1377,664,-1
1556,664,-1
1564,664,-1
1801,664,-1
490,665,-1
493,665,1
499,665,-1
1221,665,1
1294,665,-1
1744,665,1
1745,665,1
1840,665,-1
1841,665,-1
479,666,-1
480,666,1
724,667,-1
1760,667,1
123,668,1
124,668,-1
485,668,1
884,668,1
975,668,-1
119,669,-1
120,669,1
485,669,1
884,669,1
975,669,-1
485,670,1
884,670,1
975,670,-1
1223,670,-1
1224,670,1
1138,671,-1
1652,671,-1
1653,671,1
453,672,-1
1720,672,-1
1721,672,1
1690,673,-1
1690,673,1
937,674,-1
940,674,1
1740,674,-1
454,675,-1
698,675,1
711,675,-1
454,676,-1
1619,676,-1
1620,676,1
455,677,-1
1634,677,-1
1635,677,1
954,678,-1
1634,678,-1
1638,678,1
1138,679,-1
1634,679,-1
1639,679,1
29,680,1
59,680,-1
1612,680,1
1634,680,1
1638,680,-1
29,681,1
59,681,-1
1639,681,-1
1640,681,1
454,682,-1
1640,682,-1
1641,682,1
945,683,-1
1635,683,-1
1636,683,1
455,684,-1
1643,684,-1
1644,684,1
454,685,-1
1643,685,-1
1646,685,1
954,686,-1
1642,686,-1
1647,686,1
29,687,1
59,687,-1
1612,687,1
1642,687,1
1647,687,-1
945,688,-1
1644,688,-1
1645,688,1
945,689,-1
1662,689,-1
1663,689,1
976,690,-1
977,690,1
1138,690,-1
29,691,1
59,691,-1
977,691,-1
978,691,1
454,692,-1
978,692,-1
979,692,1
454,693,-1
1650,693,-1
1651,693,1
954,694,-1
1648,694,-1
1649,694,1
29,695,1
59,695,-1
1612,695,1
1648,695,1
1649,695,-1
29,696,1
59,696,-1
1653,696,-1
1655,696,1
454,697,-1
1655,697,-1
1656,697,1
29,698,1
59,698,-1
551,698,-1
553,698,1
29,699,1
59,699,-1
609,699,1
611,699,-1
932,699,-1
29,700,1
59,700,-1
1216,700,-1
1218,700,1
29,701,1
59,701,-1
140,701,-1
1747,701,1
29,702,1
59,702,-1
705,702,-1
712,702,1
29,703,1
59,703,-1
1217,703,1
1218,703,-1
29,704,1
59,704,-1
672,704,-1
673,704,1
29,705,1
59,705,-1
1617,705,-1
1621,705,1
29,706,1
59,706,-1
709,706,-1
713,706,1
29,707,1
59,707,-1
1736,707,-1
1738,707,1
29,708,1
59,708,-1
710,708,-1
711,708,1
29,709,1
59,709,-1
1618,709,-1
1619,709,1
29,710,1
59,710,-1
1158,710,-1
1701,710,1
29,711,1
59,711,-1
674,711,-1
1671,711,1
29,712,1
59,712,-1
1466,712,-1
1470,712,1
29,713,1
59,713,-1
1491,713,-1
1741,713,1
29,714,1
59,714,-1
1523,714,-1
1742,714,1
29,715,1
59,715,-1
981,715,-1
982,715,1
981,716,1
1764,716,-1
384,717,-1
385,717,1
1233,717,-1
529,718,-1
876,718,-1
876,718,1
1219,718,1
59,719,-1
961,719,1
1533,719,-1
1537,719,1
59,720,-1
961,720,1
1531,720,-1
1538,720,1
59,721,-1
961,721,1
1535,721,-1
1539,721,1
59,722,-1
961,722,1
1532,722,-1
1540,722,1
630,723,1
767,723,1
1839,723,-1
444,724,-1
983,724,-1
984,724,1
889,725,-1
890,725,1
1342,726,-1
1343,726,1
718,727,1
1566,727,-1
1341,728,1
1379,728,1
1557,728,-1
756,729,-1
986,729,-1
987,729,1
933,730,-1
934,730,1
1394,730,-1
62,731,-1
988,731,-1
989,731,1
988,732,-1
990,732,1
1203,732,-1
988,733,-1
991,733,1
1341,733,-1
461,734,1
485,734,-1
980,734,1
1731,734,-1
485,735,-1
980,735,1
1375,735,1
1729,735,-1
972,736,-1
992,736,-1
993,736,1
133,737,-1
932,737,-1
999,737,-1
1395,737,-1
1403,737,1
29,738,1
59,738,-1
1562,738,-1
1563,738,1
29,739,1
59,739,-1
1013,739,-1
1014,739,1
29,740,1
59,740,-1
1007,740,-1
1008,740,1
29,741,1
59,741,-1
1414,741,-1
1415,741,1
1001,742,-1
1735,742,-1
1736,742,1
447,743,1
468,743,-1
1733,743,-1
1734,743,1
447,744,1
468,744,-1
1733,744,-1
1734,744,1
447,745,1
468,745,-1
1733,745,-1
1734,745,1
447,746,1
468,746,-1
1733,746,-1
1734,746,1
447,747,1
468,747,-1
1733,747,-1
1734,747,1
447,748,1
468,748,-1
1733,748,-1
1734,748,1
447,749,1
468,749,-1
1733,749,-1
1734,749,1
929,750,0
1005,750,-1
1006,750,1
1521,750,-1
29,751,1
59,751,-1
1010,751,1
1011,751,-1
728,752,-1
751,752,-1
1000,752,-1
1014,752,-1
1015,752,1
1737,752,0
29,753,1
59,753,-1
1015,753,-1
1016,753,1
728,754,-1
751,754,-1
1000,754,-1
1011,754,1
1563,754,-1
1737,754,0
1022,755,-1
1023,755,1
1765,755,-1
553,756,-1
1032,756,1
1039,756,-1
216,757,-1
1341,757,-1
1833,757,1
1042,758,1
1176,758,-1
1177,758,-1
1178,758,-1
1179,758,-1
1180,758,-1
1181,758,-1
1182,758,-1
1183,758,-1
1062,759,-1
1064,759,1
1058,760,1
1063,760,-1
1054,761,1
1064,761,-1
1056,762,1
1058,762,-1
1057,763,-1
1066,763,1
1044,764,-1
1045,764,1
1046,764,-1
8,765,1
1047,765,-1
1210,765,-1
863,766,-1
1065,766,-1
1067,766,1
1050,767,-1
1114,767,1
1534,767,-1
1050,768,-1
1123,768,1
1536,768,-1
876,769,-1
961,769,1
1050,769,1
1117,769,-1
1118,769,0
1120,769,1
1537,769,1
876,770,-1
961,770,1
1050,770,1
1114,770,-1
1115,770,0
1119,770,1
1534,770,1
876,771,-1
961,771,1
1050,771,1
1123,771,-1
1124,771,0
1130,771,1
1536,771,1
253,772,-1
523,772,-1
532,772,1
675,773,-1
1041,773,1
1083,773,-1
343,774,-1
344,774,-1
805,774,-1
920,774,-1
1383,774,1
1392,774,-1
454,775,-1
1666,775,-1
1667,775,1
676,776,-1
1041,776,-1
1043,776,1
611,777,1
617,777,-1
953,777,-1
673,778,-1
674,778,1
1159,778,-1
720,779,-1
1106,779,1
1462,779,-1
311,780,-1
346,780,-1
359,780,-1
534,780,-1
535,780,1
1190,780,-1
1194,780,-1
619,781,1
865,781,1
868,781,-1
609,782,-1
617,782,1
932,782,1
1674,782,1
554,783,1
1002,783,1
1003,783,1
1021,783,1
1070,783,-1
1079,783,1
1405,783,1
675,784,1
676,784,1
1043,784,-1
1083,784,1
363,785,0
682,785,0
1055,785,-1
1059,785,1
1050,786,-1
1110,786,1
1548,786,-1
1050,787,-1
1110,787,1
1539,787,-1
528,788,-1
529,788,1
1806,789,-1
1806,789,1
620,790,-1
858,790,-1
1081,790,1
539,791,-1
1021,791,-1
1078,791,1
1002,792,-1
1075,792,-1
1076,792,1
1074,793,-1
1075,793,1
1405,793,-1
887,794,-1
1076,794,-1
1077,794,1
887,795,-1
1081,795,-1
1598,795,1
69,796,-1
484,796,1
622,796,1
721,796,1
807,796,1
1083,796,1
1036,797,-1
1037,797,1
1792,797,-1
684,798,-1
684,798,1
1084,799,-1
1085,799,1
1196,799,-1
239,800,-1
1086,800,-1
1087,800,1
1088,801,-1
1089,801,1
1136,801,-1
1038,802,-1
1090,802,-1
1091,802,1
1099,803,-1
1100,803,-1
1101,803,1
1052,804,-1
1111,804,-1
1112,804,1
1105,805,-1
1105,805,1
1052,806,-1
1114,806,-1
1115,806,1
1052,807,-1
1117,807,-1
1118,807,1
1052,808,-1
1123,808,-1
1124,808,1
1052,809,-1
1126,809,-1
1127,809,1
1052,810,-1
1128,810,-1
1129,810,1
563,811,-1
1163,811,-1
1164,811,1
818,812,-1
825,812,1
1164,812,-1
971,813,0
1138,813,-1
1664,813,-1
1665,813,1
1142,814,-1
1143,814,1
1474,814,-1
1142,815,-1
1144,815,1
1502,815,-1
1152,816,1
1153,816,-1
1690,816,0
447,817,1
468,817,-1
1733,817,-1
1734,817,1
447,818,1
468,818,-1
1733,818,-1
1734,818,1
447,819,1
468,819,-1
1733,819,-1
1734,819,1
447,820,1
468,820,-1
1733,820,-1
1734,820,1
447,821,1
468,821,-1
1733,821,-1
1734,821,1
447,822,1
468,822,-1
1733,822,-1
1734,822,1
447,823,1
468,823,-1
1733,823,-1
1734,823,1
213,824,1
1033,824,-1
1040,824,-1
1702,824,-1
29,825,1
59,825,-1
633,825,0
783,825,-1
784,825,1
29,826,1
59,826,-1
633,826,-1
636,826,1
1156,827,-1
1490,827,-1
1606,827,1
1156,828,-1
1604,828,-1
1610,828,1
947,829,1
948,829,-1
1699,829,0
1166,830,1
1168,830,-1
1537,830,-1
615,831,-1
616,831,1
1172,831,-1
996,832,-1
1175,832,1
1798,832,-1
485,833,-1
930,833,1
941,833,-1
980,833,1
1798,834,-1
1798,834,1
1053,835,1
1066,835,-1
287,836,-1
345,836,1
904,837,1
1219,837,-1
1186,838,-1
1186,838,1
484,839,-1
486,839,1
891,839,1
892,839,-1
484,840,-1
486,840,1
891,840,1
892,840,-1
1103,841,-1
1104,841,1
1509,841,-1
1102,842,1
1107,842,-1
1509,842,-1
1811,843,-1
1812,843,1
484,844,1
789,844,1
1567,844,-1
1600,844,1
1601,844,-1
262,845,1
1759,845,-1
1810,845,-1
1811,845,1
484,846,1
1238,846,1
1240,846,-1
1462,846,1
1812,846,-1
1475,847,-1
1809,847,1
1812,848,-1
1812,848,1
539,849,-1
1187,849,1
702,850,1
703,850,-1
29,851,1
59,851,-1
616,851,-1
617,851,1
29,852,1
59,852,-1
202,852,-1
203,852,1
29,853,1
59,853,-1
614,853,-1
615,853,1
130,854,1
594,854,1
595,854,-1
1849,854,1
129,855,1
594,855,1
595,855,-1
1849,855,1
348,856,1
1187,856,-1
443,857,1
554,857,-1
126,858,-1
911,858,-1
912,858,1
785,859,0
876,859,-1
961,859,1
1116,859,-1
1121,859,1
876,860,-1
961,860,1
1121,860,-1
1122,860,1
785,861,0
876,861,-1
961,861,1
1125,861,-1
1132,861,1
876,862,-1
961,862,1
1132,862,-1
1133,862,1
1187,863,-1
1377,863,1
1053,864,-1
1055,864,1
961,865,1
1062,865,1
1065,865,-1
1067,865,0
1456,865,0
1472,865,-1
1189,866,1
1418,866,-1
1478,866,-1
531,867,-1
541,867,1
527,868,-1
529,868,1
20,869,1
1097,869,1
1104,869,-1
1199,869,0
20,870,1
1098,870,1
1102,870,-1
1199,870,0
1197,871,-1
1198,871,-1
1199,871,1
1208,872,-1
1209,872,1
1461,872,-1
818,873,-1
1211,873,-1
1212,873,1
1210,874,-1
1211,874,-1
1222,874,1
8,875,1
901,875,-1
1211,875,1
572,876,-1
595,876,-1
596,876,1
1849,876,1
595,877,1
1847,877,-1
878,878,1
1763,878,-1
163,879,-1
822,879,-1
823,879,1
189,880,-1
190,880,1
1145,880,-1
29,881,1
59,881,-1
307,881,-1
1613,881,1
29,882,1
59,882,-1
337,882,-1
339,882,0
340,882,0
1664,882,1
29,883,1
59,883,-1
115,883,-1
704,883,1
68,884,-1
573,884,-1
1225,884,1
875,885,1
1422,885,1
1423,885,-1
1511,885,1
1512,885,1
1513,885,1
875,886,1
1427,886,1
1428,886,-1
1511,886,1
1512,886,1
1513,886,1
875,887,1
1441,887,1
1442,887,-1
596,888,-1
647,888,1
600,889,0
619,889,-1
867,889,-1
868,889,1
887,890,1
1080,890,1
1598,890,-1
243,891,-1
243,891,1
887,891,0
1134,891,-1
1134,891,1
1202,891,-1
1202,891,1
1205,891,-1
1205,891,1
1243,891,-1
1243,891,1
1281,891,-1
1281,891,1
1311,891,-1
1311,891,1
1374,892,-1
1374,892,1
887,893,1
1076,893,1
1077,893,-1
1556,894,-1
1556,894,1
494,895,1
497,895,-1
573,895,1
887,895,0
887,895,1
753,896,-1
753,896,1
887,896,0
882,897,1
883,897,-1
1377,898,-1
1377,898,1
1377,899,-1
1377,899,1
481,900,-1
481,900,1
483,900,-1
483,900,1
856,900,-1
856,900,1
1760,900,-1
1760,900,1
1226,901,-1
1226,901,1
1227,902,-1
1227,902,1
478,903,-1
479,903,1
1810,904,1
1813,904,-1
119,905,1
120,905,-1
1228,905,-1
1229,905,1
1223,906,1
1224,906,-1
1230,906,-1
1231,906,1
484,907,-1
798,907,1
799,907,-1
1228,907,1
1229,907,-1
365,908,1
1232,908,-1
1466,908,-1
895,909,-1
896,909,1
1235,909,-1
898,910,-1
900,910,1
1236,910,-1
13,911,-1
1341,911,-1
1342,911,1
190,912,-1
1341,912,-1
1558,912,1
271,913,-1
1341,913,-1
1344,913,1
272,914,-1
1341,914,-1
1345,914,1
273,915,-1
1341,915,-1
1346,915,1
1168,916,1
1480,916,-1
1548,916,1
878,917,1
1481,917,-1
1539,917,1
29,918,1
59,918,-1
1400,918,-1
1401,918,1
877,919,-1
877,919,1
545,920,-1
545,920,1
876,920,-1
961,920,1
547,921,-1
547,921,1
876,921,-1
961,921,1
607,922,1
617,922,-1
949,922,-1
29,923,1
59,923,-1
319,923,1
485,923,-1
980,923,1
1832,923,1
1833,923,-1
1369,924,-1
1370,924,-1
1371,924,1
562,925,0
598,925,0
906,925,-1
910,925,-1
914,925,-1
1380,925,1
126,926,-1
282,926,0
458,926,0
864,926,0
1381,926,1
1850,926,-1
296,927,-1
505,927,1
507,927,-1
771,927,-1
1850,928,-1
1850,928,1
722,929,-1
725,929,1
869,929,-1
872,929,1
1103,930,1
1105,930,-1
69,931,1
484,931,-1
625,931,-1
595,932,-1
887,932,-1
943,932,1
147,933,-1
188,933,-1
189,933,1
58,934,-1
436,934,-1
1396,934,-1
1397,934,1
201,935,-1
202,935,1
1137,935,-1
1398,935,-1
430,936,-1
794,936,-1
1399,936,1
1399,937,-1
1400,937,1
1661,937,-1
1200,938,-1
1201,938,1
1404,938,-1
1119,939,-1
1409,939,-1
1410,939,1
1409,940,-1
1411,940,1
1539,940,-1
862,941,1
927,941,-1
1419,941,-1
466,942,1
484,942,0
1171,942,1
1421,942,1
1424,942,-1
1425,942,1
466,943,-1
1171,943,-1
1422,943,-1
1424,943,1
1147,944,-1
1148,944,1
1150,944,1
1424,945,-1
1424,945,1
466,946,1
484,946,0
1174,946,1
1426,946,1
1430,946,-1
1431,946,1
466,947,-1
1174,947,-1
1427,947,-1
1429,947,1
1358,948,-1
1361,948,1
1365,948,1
1429,949,-1
1430,949,1
466,950,1
484,950,0
1432,950,1
1434,950,1
1435,950,-1
466,951,-1
1433,951,-1
1435,951,1
1147,952,-1
1149,952,1
1151,952,1
1160,953,-1
1161,953,1
1162,953,1
1435,954,-1
1435,954,1
445,955,1
484,955,0
1171,955,1
1436,955,1
1438,955,1
1439,955,-1
445,956,-1
1171,956,-1
1437,956,-1
1439,956,1
1351,957,-1
1353,957,1
1356,957,1
1358,958,-1
1360,958,1
1364,958,1
1439,959,-1
1439,959,1
466,960,1
484,960,0
1170,960,1
1440,960,1
1443,960,1
1444,960,-1
466,961,-1
1170,961,-1
1441,961,-1
1444,961,1
1147,962,-1
1149,962,1
1151,962,1
1444,963,-1
1444,963,1
466,964,1
484,964,0
1171,964,1
1445,964,1
1447,964,1
1448,964,-1
466,965,-1
1171,965,-1
1446,965,-1
1448,965,1
1351,966,-1
1352,966,1
1355,966,1
1358,967,-1
1359,967,1
1363,967,1
1448,968,-1
1448,968,1
149,969,1
466,969,1
484,969,0
1173,969,1
1450,969,1
1451,969,-1
466,970,-1
1173,970,-1
1449,970,-1
1451,970,1
1351,971,-1
1354,971,1
1357,971,1
1358,972,-1
1362,972,1
1366,972,1
1451,973,-1
1451,973,1
951,974,-1
952,974,1
1452,974,-1
950,975,1
952,975,-1
1453,975,1
631,976,-1
855,976,-1
876,976,-1
1380,976,1
1454,976,1
1837,976,1
1463,977,-1
1464,977,1
1527,977,-1
1752,977,-1
1463,978,-1
1465,978,1
1527,978,-1
1754,978,-1
131,979,-1
1482,979,-1
1483,979,1
313,980,-1
1482,980,-1
1484,980,1
928,981,-1
1482,981,-1
1485,981,1
1196,982,-1
1482,982,-1
1486,982,1
1482,983,-1
1482,983,1
1487,984,-1
1488,984,-1
1489,984,1
521,985,-1
522,985,1
1489,985,-1
1489,986,-1
1489,986,1
21,987,-1
1509,987,-1
1510,987,1
22,988,-1
22,988,1
25,989,-1
25,989,1
226,990,-1
1528,990,-1
1529,990,1
484,991,-1
796,991,1
797,991,-1
1476,991,1
1477,991,-1
683,992,-1
684,992,1
1530,992,-1
683,993,1
684,993,-1
1530,993,1
1537,994,-1
1766,994,1
1537,995,-1
1777,995,1
1541,996,-1
1567,996,1
11,997,1
1542,997,-1
1543,998,-1
1565,998,1
1544,999,-1
1566,999,1
877,1000,1
1545,1000,-1
485,1001,-1
980,1001,1
994,1001,1
995,1001,-1
485,1002,-1
1571,1002,1
1572,1002,-1
1580,1002,1
1582,1002,1
1589,1003,-1
1590,1003,1
1594,1003,-1
1780,1003,-1
876,1004,-1
961,1004,1
1112,1004,0
1113,1004,1
1117,1004,-1
876,1005,-1
961,1005,1
1111,1005,-1
1112,1005,0
1117,1005,1
876,1006,-1
961,1006,1
1126,1006,-1
1127,1006,0
1128,1006,1
270,1007,-1
1575,1007,1
1781,1007,-1
1591,1008,-1
1592,1008,1
1781,1008,-1
29,1009,1
59,1009,-1
980,1009,1
1110,1009,-1
1116,1009,1
29,1010,1
59,1010,-1
980,1010,1
1110,1010,-1
1125,1010,1
485,1011,-1
827,1011,1
1113,1011,-1
1117,1011,1
468,1012,-1
485,1012,-1
961,1012,1
980,1012,1
1093,1012,1
1094,1012,-1
1119,1012,-1
1548,1012,1
468,1013,-1
485,1013,-1
961,1013,1
980,1013,1
1093,1013,1
1094,1013,-1
1120,1013,-1
1549,1013,1
468,1014,-1
485,1014,-1
961,1014,1
980,1014,1
1093,1014,1
1094,1014,-1
1122,1014,-1
468,1015,-1
485,1015,-1
961,1015,1
980,1015,1
1093,1015,1
1094,1015,-1
1130,1015,-1
1550,1015,1
468,1016,-1
485,1016,-1
961,1016,1
980,1016,1
1093,1016,1
1094,1016,-1
1131,1016,-1
1551,1016,1
468,1017,-1
485,1017,-1
961,1017,1
980,1017,1
1093,1017,1
1094,1017,-1
1133,1017,-1
1573,1018,-1
1574,1018,1
1782,1018,-1
1574,1019,-1
1590,1019,-1
1591,1019,1
1018,1020,-1
1576,1020,-1
1577,1020,1
1576,1021,-1
1592,1021,-1
1593,1021,1
1576,1022,1
1783,1022,-1
1093,1023,1
1094,1023,-1
1533,1023,1
1548,1023,-1
1093,1024,1
1094,1024,-1
1534,1024,1
1549,1024,-1
1093,1025,1
1094,1025,-1
1531,1025,1
1546,1025,-1
1093,1026,1
1094,1026,-1
1535,1026,1
1550,1026,-1
1093,1027,1
1094,1027,-1
1536,1027,1
1551,1027,-1
1093,1028,1
1094,1028,-1
1532,1028,1
1547,1028,-1
1372,1029,-1
1578,1029,1
1784,1029,-1
1573,1030,-1
1579,1030,1
1784,1030,-1
1050,1031,1
1579,1031,-1
1584,1031,-1
1593,1031,-1
485,1032,-1
1571,1032,1
1572,1032,-1
1580,1032,1
1581,1032,1
1585,1032,1
484,1033,1
790,1033,1
1413,1033,-1
1581,1033,-1
1599,1033,1
485,1034,-1
1581,1034,1
1582,1034,-1
1585,1034,1
484,1035,1
791,1035,1
1413,1035,-1
1582,1035,-1
1599,1035,1
484,1036,1
792,1036,1
1413,1036,-1
1585,1036,-1
1599,1036,1
1588,1037,-1
1589,1037,1
1594,1037,-1
727,1038,-1
1594,1038,-1
1595,1038,1
876,1039,-1
961,1039,1
1111,1039,1
1116,1039,-1
1596,1040,-1
1597,1040,1
73,1041,-1
74,1041,1
1612,1041,1
82,1042,1
86,1042,-1
1612,1042,1
93,1043,1
97,1043,-1
1612,1043,1
105,1044,1
108,1044,-1
1612,1044,1
29,1045,1
59,1045,-1
607,1045,-1
610,1045,1
29,1046,1
59,1046,-1
1749,1046,1
1750,1046,-1
457,1047,-1
1747,1047,-1
1750,1047,1
728,1048,-1
751,1048,-1
1000,1048,-1
1657,1048,-1
1658,1048,1
1737,1048,0
29,1049,1
59,1049,-1
1658,1049,-1
1659,1049,1
29,1050,1
59,1050,-1
1727,1050,1
1728,1050,-1
447,1051,1
468,1051,-1
1733,1051,-1
1734,1051,1
176,1052,-1
178,1052,1
1796,1052,1
211,1053,-1
1699,1053,-1
1700,1053,1
853,1054,-1
854,1054,1
1699,1054,-1
1701,1055,1
1726,1055,-1
1624,1056,1
1626,1056,-1
1701,1056,1
1699,1057,1
1701,1057,-1
1704,1058,-1
1704,1058,1
447,1059,1
468,1059,-1
998,1059,-1
999,1059,1
29,1060,1
59,1060,-1
194,1060,-1
1689,1060,1
29,1061,1
59,1061,-1
195,1061,-1
1692,1061,1
29,1062,1
59,1062,-1
196,1062,-1
1709,1062,1
752,1063,1
753,1063,-1
1744,1063,1
1745,1063,1
44,1064,-1
1756,1064,1
1758,1064,-1
45,1065,-1
1757,1065,1
1758,1065,-1
484,1066,0
920,1066,0
1463,1066,1
1464,1066,-1
1527,1066,1
1752,1066,1
484,1067,0
920,1067,0
1463,1067,1
1465,1067,-1
1527,1067,1
1754,1067,1
485,1068,-1
1766,1068,-1
1768,1068,1
1771,1068,1
1773,1068,1
1766,1069,-1
1767,1069,1
999,1070,-1
1401,1070,-1
1402,1070,1
850,1071,-1
851,1071,1
1402,1071,-1
1341,1072,1
1835,1072,-1
762,1073,-1
1796,1073,-1
1797,1073,1
1796,1074,-1
1796,1074,1
446,1075,1
449,1075,1
484,1075,0
1803,1075,1
1805,1075,1
1806,1075,-1
446,1076,-1
449,1076,-1
1804,1076,-1
1806,1076,1
1358,1077,-1
1361,1077,1
1365,1077,1
628,1078,1
629,1078,-1
855,1078,-1
876,1078,-1
1380,1078,1
1454,1078,1
1837,1078,1
265,1079,1
887,1079,0
980,1079,1
1002,1079,-1
1842,1079,-1
1846,1079,1