414,0,-1
892,0,1
1614,0,-1
1,1,1
681,1,1
682,1,-1
2089,1,1
601,2,1
602,2,-1
5,3,1
681,3,1
1624,3,1
2088,3,-1
6,4,1
7,4,-1
556,4,-1
926,4,1
927,4,-1
1209,5,-1
1210,5,1
16,6,0
557,6,-1
2007,6,1
2008,6,1
2010,6,1
2011,6,-1
2012,6,1
2013,6,1
2014,6,1
16,7,0
557,7,-1
2004,7,-1
2009,7,1
2011,7,1
16,8,0
557,8,-1
2015,8,-1
2016,8,1
2017,8,1
2018,8,1
2019,8,1
2020,8,1
2021,8,1
2022,8,1
2023,8,1
2024,8,1
2025,8,1
2026,8,1
2027,8,1
14,9,-1
15,9,1
17,9,-1
14,10,-1
16,10,1
14,11,1
1813,11,-1
19,12,1
648,12,-1
1029,12,-1
1028,13,1
1029,13,-1
18,14,-1
18,14,1
600,15,1
602,15,-1
33,16,-1
34,16,1
835,16,-1
38,17,-1
38,17,1
38,18,-1
38,18,1
38,19,1
39,19,-1
557,19,-1
49,20,1
91,20,-1
1620,20,-1
40,21,-1
281,21,0
906,21,-1
1729,21,1
1563,22,-1
1564,22,1
44,23,-1
45,23,1
1629,23,-1
48,24,1
150,24,-1
516,24,1
540,24,-1
46,25,-1
47,25,1
149,25,-1
47,26,-1
150,26,1
646,26,-1
48,27,-1
149,27,1
501,27,1
507,27,1
56,28,-1
57,28,1
58,28,-1
59,29,-1
60,29,1
1075,29,-1
49,30,1
60,30,-1
91,30,-1
1929,30,1
49,31,1
61,31,-1
91,31,-1
1920,31,1
49,32,1
91,32,-1
169,32,-1
1936,32,1
49,33,1
91,33,-1
268,33,-1
1947,33,1
49,34,1
91,34,-1
288,34,-1
49,35,1
91,35,-1
532,35,-1
1934,35,1
49,36,1
91,36,-1
867,36,-1
1917,36,1
49,37,1
91,37,-1
999,37,-1
1925,37,1
49,38,1
91,38,-1
1201,38,-1
1916,38,1
49,39,1
91,39,-1
1415,39,-1
1935,39,1
49,40,1
91,40,-1
210,40,-1
1922,40,1
49,41,1
91,41,-1
488,41,-1
1948,41,1
49,42,1
91,42,-1
257,42,-1
1946,42,1
1949,43,-1
1949,43,1
689,44,-1
690,44,-1
691,44,1
522,45,-1
1074,45,-1
1097,45,1
1099,45,-1
67,46,1
492,46,-1
689,46,-1
62,47,1
521,47,-1
522,47,-1
49,48,1
67,48,-1
69,48,1
91,48,-1
49,49,1
91,49,-1
691,49,-1
1963,49,1
49,50,1
68,50,1
91,50,-1
1097,50,-1
71,51,-1
1081,51,1
1088,51,-1
71,52,1
1082,52,-1
1090,52,-1
70,53,1
1302,53,-1
1304,53,-1
1328,54,-1
1329,54,-1
1330,54,1
2051,55,-1
2052,55,1
2056,55,-1
49,56,1
63,56,1
70,56,-1
91,56,-1
49,57,1
91,57,-1
1330,57,-1
63,58,-1
64,58,1
521,58,-1
869,59,0
1333,59,1
1334,59,-1
1989,60,-1
1990,60,1
1991,61,-1
1992,61,1
79,62,-1
80,62,1
1676,62,-1
87,63,-1
88,63,1
1928,63,0
91,64,-1
95,64,1
1044,64,-1
91,65,-1
91,65,1
197,65,0
92,66,-1
93,66,1
1674,66,-1
439,67,1
1672,67,-1
599,68,1
600,68,-1
617,69,1
622,69,-1
1185,69,1
1390,69,1
539,70,1
597,70,-1
615,70,1
1185,70,1
1387,70,1
1388,70,1
1390,70,1
616,71,1
618,71,-1
1185,71,1
1387,71,1
1388,71,1
1389,71,1
1390,71,1
97,72,1
346,72,-1
603,73,1
604,73,-1
28,74,-1
1029,74,-1
1258,74,1
1259,74,-1
827,75,-1
827,75,1
49,76,1
91,76,-1
1074,76,1
1075,76,-1
106,77,-1
107,77,1
1074,77,-1
1099,77,-1
49,78,1
91,78,-1
105,78,1
107,78,-1
104,79,-1
108,79,1
491,79,-1
49,80,1
91,80,-1
108,80,-1
109,80,1
109,81,-1
431,81,1
524,81,-1
109,82,-1
111,82,1
526,82,-1
110,83,1
111,83,-1
1088,83,-1
516,84,1
540,84,-1
1971,84,-1
1972,84,1
49,85,1
91,85,-1
1074,85,1
1075,85,-1
114,86,-1
116,86,1
491,86,-1
114,87,-1
117,87,1
1074,87,-1
1099,87,-1
49,88,1
91,88,-1
116,88,-1
119,88,1
49,89,1
91,89,-1
117,89,-1
118,89,1
119,90,-1
446,90,1
524,90,-1
119,91,-1
121,91,1
526,91,-1
120,92,1
121,92,-1
1088,92,-1
516,93,1
540,93,-1
1971,93,-1
1972,93,1
126,94,-1
127,94,1
1074,94,-1
1099,94,-1
49,95,1
91,95,-1
127,95,-1
128,95,1
49,96,1
91,96,-1
1074,96,1
1075,96,-1
129,97,-1
130,97,1
491,97,-1
49,98,1
91,98,-1
130,98,-1
131,98,1
131,99,-1
468,99,1
524,99,-1
131,100,-1
133,100,1
526,100,-1
132,101,1
133,101,-1
1088,101,-1
516,102,1
540,102,-1
1971,102,-1
1972,102,1
49,103,1
91,103,-1
1074,103,1
1075,103,-1
138,104,-1
139,104,1
491,104,-1
138,105,-1
140,105,1
1074,105,-1
1099,105,-1
49,106,1
91,106,-1
139,106,-1
142,106,1
91,107,-1
140,107,-1
141,107,1
142,108,-1
477,108,1
524,108,-1
142,109,-1
144,109,1
526,109,-1
143,110,1
144,110,-1
1088,110,-1
516,111,1
540,111,-1
1971,111,-1
49,112,1
91,112,-1
766,112,-1
49,113,1
91,113,-1
1737,113,-1
49,114,1
91,114,-1
1159,114,-1
1161,114,1
49,115,1
91,115,-1
1165,115,-1
49,116,1
91,116,-1
1785,116,-1
1786,116,1
49,117,1
91,117,-1
269,117,-1
916,117,0
921,117,0
1918,117,1
1088,118,-1
1904,118,-1
1905,118,1
770,119,-1
770,119,1
1182,120,-1
1183,120,1
99,121,-1
218,121,1
354,121,1
802,121,-1
1109,121,1
1435,121,1
245,122,-1
246,122,1
1075,122,-1
1611,122,-1
569,123,-1
690,123,-1
932,123,1
1174,123,-1
1414,123,-1
1457,123,-1
1461,123,-1
1489,123,-1
1490,123,-1
1491,123,-1
1492,123,-1
1498,123,-1
1499,123,-1
1501,123,-1
1504,123,-1
1505,123,-1
1506,123,-1
1510,123,-1
1511,123,-1
1513,123,-1
1514,123,-1
1516,123,-1
1517,123,-1
1518,123,-1
1519,123,-1
1520,123,-1
1524,123,-1
1526,123,-1
1527,123,-1
1529,123,-1
1541,123,-1
1542,123,-1
619,124,1
623,124,-1
1016,124,-1
1107,124,1
621,125,-1
623,125,1
1016,125,-1
1107,125,1
1387,125,1
1388,125,1
1389,125,1
619,126,-1
625,126,1
1016,126,-1
1107,126,1
609,127,-1
1016,127,-1
1390,127,1
1723,128,1
2045,128,-1
539,129,1
620,129,-1
1016,129,-1
1107,129,1
618,130,-1
1016,130,-1
1107,130,1
91,131,-1
505,131,0
506,131,0
1107,131,1
1669,131,1
91,132,-1
200,132,0
504,132,0
1107,132,1
154,133,-1
557,133,1
558,133,-1
154,134,-1
155,134,1
821,134,1
822,134,-1
155,135,-1
156,135,-1
157,135,1
244,136,-1
245,136,1
516,136,1
540,136,-1
1204,137,-1
1218,137,1
2038,137,-1
91,138,-1
201,138,0
1107,138,1
838,139,-1
839,139,1
840,139,1
841,140,-1
842,140,1
843,140,1
844,141,-1
845,141,1
846,141,1
847,142,-1
848,142,1
849,142,1
850,143,-1
851,143,1
852,143,1
853,144,-1
854,144,1
855,144,1
563,145,1
865,145,-1
1296,145,-1
1408,145,-1
1458,145,-1
1473,145,-1
1982,145,-1
1983,145,-1
829,146,-1
830,146,1
548,147,-1
549,147,1
884,148,-1
990,148,0
1184,148,0
1597,148,-1
2077,148,-1
2079,148,1
571,149,1
647,149,-1
651,149,-1
1461,149,-1
2028,149,-1
549,150,-1
555,150,1
820,150,-1
781,151,-1
1623,151,-1
2088,151,1
82,152,-1
83,152,1
682,152,-1
1595,152,0
82,153,-1
85,153,1
1215,153,-1
86,154,1
322,154,-1
1595,154,-1
318,155,-1
323,155,1
1391,155,-1
1392,155,0
552,156,-1
553,156,1
820,156,-1
682,157,-1
781,157,1
1624,157,-1
820,158,-1
990,158,-1
991,158,1
1151,159,-1
1233,159,-1
1235,159,1
1152,160,-1
1223,160,1
1229,160,-1
1042,161,-1
1425,161,-1
1430,161,1
82,162,-1
1590,162,-1
1595,162,1
53,163,-1
75,163,1
1591,163,-1
228,164,-1
233,164,1
1594,164,-1
717,165,1
780,165,-1
1232,165,-1
552,166,-1
554,166,-1
750,166,1
827,166,-1
935,166,-1
990,166,-1
1045,166,-1
1050,166,-1
1054,166,-1
1195,166,-1
1998,166,-1
49,167,1
91,167,-1
103,167,1
429,167,-1
49,168,1
91,168,-1
112,168,1
435,168,-1
49,169,1
91,169,-1
113,169,1
442,169,-1
49,170,1
91,170,-1
115,170,1
444,170,-1
49,171,1
91,171,-1
122,171,1
450,171,-1
49,172,1
91,172,-1
123,172,1
456,172,-1
49,173,1
91,173,-1
124,173,1
460,173,-1
49,174,1
91,174,-1
462,174,-1
1954,174,1
49,175,1
91,175,-1
125,175,1
466,175,-1
49,176,1
91,176,-1
134,176,1
458,176,-1
49,177,1
91,177,-1
135,177,1
470,177,-1
49,178,1
91,178,-1
136,178,1
473,178,-1
49,179,1
91,179,-1
137,179,1
474,179,-1
49,180,1
91,180,-1
147,180,1
1037,180,-1
49,181,1
65,181,-1
91,181,-1
1888,181,1
49,182,1
91,182,-1
1061,182,-1
49,183,1
91,183,-1
1710,183,-1
1837,183,1
49,184,1
91,184,-1
1685,184,-1
1688,184,1
49,185,1
91,185,-1
1777,185,-1
1779,185,1
49,186,1
72,186,-1
91,186,-1
1889,186,1
298,187,-1
563,187,-1
564,187,1
1496,187,-1
1509,187,-1
1526,187,-1
177,188,1
178,188,-1
1928,188,0
1088,189,-1
1967,189,-1
1986,189,1
49,190,1
91,190,-1
1074,190,1
1075,190,-1
1090,191,-1
1967,191,1
1987,191,-1
49,192,1
91,192,-1
182,192,-1
1893,192,1
184,193,-1
185,193,1
1721,193,-1
163,194,-1
186,194,-1
187,194,1
498,195,-1
499,195,1
556,195,-1
557,195,1
1030,195,-1
498,196,-1
556,196,-1
557,196,1
1030,196,-1
215,197,-1
810,197,-1
811,197,1
359,198,-1
364,198,1
809,198,-1
525,199,-1
810,199,-1
812,199,1
525,200,-1
1844,200,-1
1845,200,1
524,201,-1
1844,201,-1
1847,201,1
524,202,-1
810,202,-1
814,202,1
641,203,0
827,203,-1
2083,203,-1
2084,203,1
935,204,-1
2084,204,-1
2085,204,1
370,205,-1
1006,205,1
1007,205,-1
279,206,-1
280,206,1
1005,206,-1
724,207,-1
1007,207,-1
1011,207,1
1005,208,-1
1010,208,1
1046,208,-1
812,209,-1
813,209,1
1089,209,-1
1089,210,-1
1845,210,-1
1846,210,1
1303,211,-1
1844,211,-1
1849,211,1
810,212,-1
816,212,1
1303,212,-1
228,213,-1
883,213,-1
1601,213,1
243,214,-1
634,214,-1
807,214,-1
809,214,1
1983,215,-1
1984,215,1
316,216,-1
1262,216,-1
1367,216,1
865,217,-1
866,217,1
1984,217,-1
1622,218,-1
2082,218,1
2085,218,-1
503,219,-1
891,219,-1
893,219,1
549,220,-1
549,220,1
551,220,-1
830,220,-1
830,220,1
298,221,-1
566,221,-1
568,221,1
1496,221,-1
1526,221,-1
192,222,-1
193,222,1
582,222,-1
192,223,-1
193,223,0
1281,223,-1
1398,223,1
194,224,1
195,224,-1
582,224,-1
196,225,-1
197,225,1
198,225,-1
211,226,-1
305,226,-1
307,226,1
216,227,-1
740,227,-1
741,227,1
737,228,1
742,228,-1
1558,228,-1
270,229,-1
737,229,-1
738,229,1
217,230,-1
292,230,1
733,230,-1
731,231,1
732,231,-1
1558,231,-1
221,232,1
222,232,-1
546,232,0
220,233,-1
1602,233,1
1603,233,-1
241,234,-1
242,234,1
251,234,0
1625,234,-1
245,235,-1
246,235,1
1076,235,-1
250,236,-1
251,236,1
252,236,-1
49,237,1
91,237,-1
489,237,-1
1928,237,1
49,238,1
91,238,-1
519,238,-1
1926,238,1
49,239,1
91,239,-1
766,239,-1
1933,239,1
49,240,1
91,240,-1
1110,240,-1
1952,240,1
49,241,1
91,241,-1
1111,241,-1
1951,241,1
49,242,1
91,242,-1
799,242,-1
1923,242,1
49,243,1
91,243,-1
791,243,-1
1924,243,1
251,244,-1
251,244,1
49,245,1
91,245,-1
253,245,1
289,245,1
375,245,1
834,245,1
976,245,-1
1169,245,1
1909,245,1
262,246,-1
263,246,1
266,246,-1
262,247,-1
264,247,1
380,247,-1
1558,248,1
2072,248,-1
273,249,-1
274,249,1
889,249,0
1280,249,-1
275,250,-1
276,250,-1
277,250,1
282,251,-1
283,251,1
556,251,-1
282,252,-1
282,252,1
286,253,-1
287,253,1
680,253,-1
673,254,-1
1913,254,-1
1915,254,1
664,255,-1
1913,255,-1
1914,255,1
99,256,-1
905,256,-1
1347,256,1
290,257,-1
705,257,1
714,257,-1
49,258,1
91,258,-1
556,258,1
1891,258,1
1892,258,-1
204,259,1
205,259,-1
207,259,1
208,259,1
209,259,1
294,260,-1
295,260,1
312,260,-1
300,261,-1
301,261,-1
303,261,1
199,262,-1
200,262,1
304,262,-1
304,263,-1
305,263,1
306,263,-1
307,264,0
557,264,-1
900,264,-1
901,264,1
32,265,0
162,265,-1
1263,265,-1
1357,265,1
9,266,1
10,266,-1
309,267,1
310,267,-1
895,267,-1
10,268,1
309,268,-1
798,268,-1
309,269,-1
309,269,1
206,270,-1
311,270,1
315,271,0
720,271,1
1367,271,-1
351,272,-1
351,272,1
2043,273,-1
2043,273,1
417,274,-1
418,274,1
295,275,0
1250,275,1
1257,275,-1
415,276,-1
416,276,1
417,276,1
1436,277,-1
1437,277,1
721,278,-1
722,278,1
720,279,-1
723,279,1
1601,280,-1
1603,280,1
1602,281,-1
1605,281,1
460,282,1
461,282,-1
472,283,-1
473,283,1
49,284,1
91,284,-1
481,284,-1
49,285,1
91,285,-1
1748,285,-1
1981,285,1
49,286,1
91,286,-1
1075,286,-1
49,287,1
91,287,-1
1074,287,1
1075,287,-1
516,288,1
540,288,-1
1151,288,1
1222,288,-1
320,289,-1
1225,289,-1
1226,289,1
320,290,-1
360,290,1
361,290,-1
51,291,1
556,291,1
557,291,-1
924,291,-1
284,292,-1
285,292,1
871,292,0
872,292,-1
1049,292,-1
49,293,1
91,293,-1
1074,293,1
1075,293,-1
1090,294,-1
1687,294,-1
1904,294,1
91,295,-1
328,295,-1
1203,295,0
1282,295,1
1290,295,-1
8,296,-1
12,296,1
771,296,-1
1190,296,-1
1410,296,0
540,297,-1
1147,297,-1
1148,297,1
345,298,-1
1180,298,1
1181,298,-1
238,299,-1
348,299,-1
351,299,1
561,299,-1
52,300,1
358,300,-1
924,300,-1
238,301,1
349,301,1
350,301,1
351,301,-1
556,301,0
639,301,0
640,301,0
1423,301,0
351,302,-1
351,302,1
84,303,1
85,303,-1
557,303,-1
355,304,-1
1186,304,1
1187,304,-1
1689,304,-1
1690,304,-1
1691,304,-1
1693,304,-1
1713,305,1
1715,305,1
1716,305,-1
421,306,1
1714,306,1
1717,306,-1
94,307,1
748,307,-1
1789,307,1
79,308,1
749,308,-1
1789,308,1
78,309,1
1021,309,-1
1789,309,1
1558,310,1
1610,310,1
1783,310,-1
288,311,0
299,311,1
326,311,1
353,311,1
371,311,0
587,311,1
931,311,1
932,311,1
1174,311,1
1175,311,1
1296,311,1
1435,311,-1
1456,311,1
1458,311,1
1459,311,1
1461,311,1
1462,311,1
1464,311,1
1467,311,0
1469,311,1
1470,311,1
1475,311,1
1483,311,1
1484,311,1
1487,311,1
1492,311,1
1493,311,1
1496,311,1
1497,311,1
1498,311,1
1501,311,1
1502,311,1
1505,311,1
1507,311,1
1508,311,1
1510,311,1
1515,311,1
1519,311,1
1525,311,1
1526,311,1
1527,311,1
1528,311,1
1530,311,1
1531,311,1
1532,311,1
1533,311,1
1534,311,1
1535,311,1
1536,311,1
1537,311,1
1538,311,1
1539,311,1
1540,311,1
1541,311,1
1542,311,1
1543,311,1
1544,311,1
1545,311,1
1546,311,1
1548,311,1
1550,311,1
1551,311,1
1552,311,1
1553,311,1
1554,311,1
892,312,-1
1613,312,1
1348,313,-1
1349,313,1
1566,314,1
1567,314,-1
429,315,1
430,315,-1
442,316,1
443,316,-1
444,317,1
445,317,-1
466,318,1
467,318,-1
458,319,1
459,319,-1
474,320,1
475,320,-1
1906,321,1
1907,321,-1
1683,322,1
1684,322,-1
1036,323,-1
1037,323,1
24,324,0
779,324,0
2001,324,-1
2001,324,1
493,325,0
643,325,1
1248,325,1
1255,325,-1
1401,325,0
1701,325,1
718,326,1
994,326,1
1235,326,-1
408,327,-1
894,327,1
775,328,1
1906,328,-1
1937,328,1
1149,329,1
1893,329,1
1896,329,-1
1943,329,1
1149,330,1
1633,330,-1
1841,330,1
1976,330,1
1149,331,1
1735,331,1
1738,331,-1
1943,331,1
1149,332,1
1163,332,1
1166,332,-1
1943,332,1
1149,333,1
1786,333,-1
1841,333,1
1943,333,1
1161,334,-1
1788,334,1
1841,334,1
1943,334,1
1842,335,1
1852,335,-1
819,336,-1
1842,336,1
157,337,-1
1696,337,-1
1697,337,1
1026,338,0
1196,338,-1
1196,338,1
825,339,-1
826,339,1
1560,339,-1
1699,339,-1
1560,340,-1
1560,340,1
556,341,1
907,341,1
1790,341,-1
1828,341,1
1829,341,-1
317,342,1
1790,342,-1
1997,342,-1
363,343,1
364,343,-1
243,344,-1
367,344,-1
369,344,1
634,344,-1
376,345,-1
738,345,-1
739,345,1
377,346,-1
378,346,1
379,346,-1
382,347,-1
383,347,1
1634,347,-1
382,348,-1
384,348,1
2044,348,-1
243,349,1
362,349,-1
381,349,1
382,349,-1
634,349,1
385,350,-1
389,350,1
1394,350,-1
386,351,-1
387,351,1
2044,351,-1
243,352,1
388,352,-1
402,352,1
645,352,1
805,352,-1
49,353,1
91,353,-1
387,353,0
389,353,0
645,353,-1
49,354,1
91,354,-1
397,354,-1
1885,354,1
392,355,-1
393,355,1
1634,355,-1
390,356,-1
391,356,1
1999,356,-1
394,357,-1
395,357,1
2044,357,-1
243,358,1
396,358,-1
397,358,1
402,358,1
806,358,-1
399,359,-1
400,359,1
1749,359,-1
399,360,-1
401,360,1
2044,360,-1
49,361,1
91,361,-1
1901,361,-1
243,362,1
398,362,1
399,362,-1
402,362,1
634,362,1
98,363,1
99,363,-1
352,363,-1
556,363,1
727,364,-1
1016,364,-1
1597,364,1
2077,364,1
1346,365,-1
1349,365,-1
1699,365,1
410,366,-1
573,366,1
580,366,1
1724,366,1
1725,366,1
1726,366,1
1727,366,1
1257,367,-1
1257,367,1
643,368,1
1255,368,-1
1261,368,1
1681,369,-1
1681,369,1
1682,370,-1
1682,370,1
1029,371,-1
1029,371,1
33,372,0
35,372,0
405,372,0
835,372,-1
835,372,1
1556,372,0
2011,372,0
831,373,-1
1012,373,-1
1012,373,1
944,374,0
953,374,1
959,374,-1
91,375,-1
102,375,1
893,375,-1
899,375,-1
1073,375,-1
624,376,1
625,376,-1
423,377,-1
424,377,1
1928,377,0
49,378,1
91,378,-1
1325,378,-1
1969,378,1
435,379,1
436,379,-1
438,379,-1
633,379,-1
49,380,1
91,380,-1
440,380,-1
1953,380,1
440,381,1
441,381,-1
427,382,-1
439,382,-1
449,382,1
454,382,-1
633,382,-1
450,383,1
451,383,-1
453,383,-1
633,383,-1
455,384,-1
456,384,1
457,384,-1
633,384,-1
462,385,1
463,385,-1
464,386,-1
465,386,1
1445,386,-1
469,387,-1
470,387,1
471,387,-1
633,387,-1
474,388,-1
476,388,1
1056,388,-1
478,389,-1
479,389,1
2036,389,-1
478,390,-1
480,390,1
2039,390,-1
2053,391,-1
2057,391,-1
2059,391,1
2062,392,-1
2065,392,-1
2068,392,1
1332,393,-1
1855,393,-1
1856,393,1
49,394,1
91,394,-1
1856,394,-1
556,395,-1
926,395,1
927,395,-1
1030,395,-1
174,396,1
175,396,-1
176,396,0
255,397,1
256,397,-1
1939,397,0
987,398,1
988,398,-1
989,398,0
49,399,1
91,399,-1
483,399,-1
1332,400,-1
1956,400,-1
1962,400,1
49,401,1
91,401,-1
1958,401,-1
1960,401,1
1088,402,-1
1955,402,-1
1961,402,1
1090,403,-1
1955,403,1
1960,403,-1
511,404,-1
1957,404,-1
1958,404,1
1323,405,-1
1957,405,-1
1959,405,1
521,406,-1
1858,406,-1
1859,406,1
1323,407,-1
1859,407,-1
1861,407,1
49,408,1
91,408,-1
1860,408,-1
1088,409,-1
1854,409,1
1863,409,-1
1090,410,-1
1862,410,-1
1863,410,1
511,411,-1
1859,411,-1
1860,411,1
516,412,1
540,412,-1
1971,412,-1
1117,413,-1
1862,413,-1
1864,413,1
485,414,-1
486,414,1
487,414,-1
451,415,-1
452,415,1
490,415,-1
560,416,0
1001,416,0
1251,416,1
1255,416,-1
1371,416,0
1729,416,1
493,417,-1
494,417,-1
495,417,1
42,418,-1
43,418,1
44,418,1
606,419,1
613,419,-1
324,420,1
419,420,-1
510,420,-1
1207,421,-1
1214,421,1
409,422,-1
1436,422,1
79,423,-1
94,423,-1
231,423,-1
232,423,1
79,424,-1
94,424,-1
236,424,-1
237,424,1
934,425,-1
1016,425,-1
1016,425,1
1180,425,-1
1020,426,1
1677,426,-1
1789,426,-1
78,427,-1
1020,427,-1
1022,427,1
1047,427,-1
225,428,-1
1018,428,1
1789,428,-1
81,429,-1
227,429,1
1018,429,-1
1086,430,1
1202,430,1
1213,430,-1
1027,431,1
1108,431,1
1204,431,1
1830,431,1
2076,431,-1
171,432,-1
628,432,-1
1114,432,-1
1212,432,-1
1213,432,1
89,433,-1
164,433,1
228,433,-1
1789,433,-1
219,434,-1
254,434,-1
1042,434,1
495,435,0
1989,435,1
1993,435,1
1994,435,-1
495,436,0
1991,436,1
1995,436,-1
1249,437,1
1250,437,-1
1585,437,0
1700,437,1
1251,438,-1
1585,438,0
1701,438,1
411,439,-1
573,439,1
580,439,1
1176,439,1
1177,439,1
1473,439,1
1724,439,1
1726,439,1
1727,439,1
721,440,1
723,440,-1
549,441,-1
551,441,-1
551,441,1
830,441,-1
830,441,1
229,442,1
1599,442,1
1606,442,-1
1604,443,1
1605,443,-1
151,444,-1
501,444,-1
502,444,1
557,445,-1
782,445,1
793,445,-1
795,445,1
520,446,-1
1037,446,-1
1038,446,1
524,447,-1
1865,447,-1
1868,447,1
524,448,-1
1837,448,-1
1838,448,1
524,449,-1
1834,449,-1
1835,449,1
49,450,1
91,450,-1
535,450,0
556,450,1
904,450,-1
1919,450,1
49,451,1
91,451,-1
535,451,0
556,451,1
1892,451,1
1921,451,-1
534,452,-1
535,452,1
536,452,-1
49,453,1
91,453,-1
859,453,-1
1944,453,1
541,454,-1
542,454,1
1068,454,0
2037,454,-1
18,455,-1
543,455,1
556,455,1
1454,455,-1
743,456,1
744,456,-1
531,457,-1
531,457,1
908,458,-1
908,458,1
202,459,0
203,459,0
550,459,1
559,459,-1
409,460,-1
409,460,1
548,461,1
923,461,-1
558,462,-1
822,462,1
1565,462,-1
564,463,-1
565,463,1
932,463,-1
1025,463,0
410,464,1
573,464,-1
574,464,-1
642,464,-1
411,465,1
573,465,-1
575,465,-1
642,465,-1
568,466,-1
569,466,1
932,466,-1
1025,466,0
267,467,1
403,467,0
576,467,1
581,467,-1
1724,467,-1
1725,467,-1
1726,467,-1
267,468,-1
403,468,0
580,468,-1
581,468,1
1593,468,-1
1727,468,-1
261,469,1
572,469,1
577,469,1
630,469,1
1224,469,-1
1431,469,-1
357,470,1
570,470,1
578,470,-1
579,470,1
890,470,1
1026,470,-1
574,471,1
576,471,-1
583,472,-1
584,472,1
585,472,-1
49,473,1
91,473,-1
606,473,-1
1129,473,1
165,474,-1
715,474,1
1600,474,0
190,475,-1
634,475,-1
637,475,1
559,476,1
49,477,1
91,477,-1
381,477,-1
383,477,0
384,477,0
1865,477,1
1297,478,-1
1305,478,1
1306,478,-1
49,479,1
91,479,-1
557,479,-1
1033,479,1
2000,479,1
2074,479,-1
2075,479,1
1305,480,-1
1558,480,-1
2074,480,1
1033,481,-1
1306,481,1
1307,481,-1
49,482,1
91,482,-1
1736,482,-1
837,483,-1
860,483,-1
1149,483,-1
1735,483,-1
1736,483,1
1975,483,0
183,484,0
856,484,0
1155,484,-1
1156,484,1
1744,484,-1
1129,485,1
1151,485,-1
1152,485,0
1153,485,0
1221,485,1
304,486,-1
1718,486,-1
1719,486,1
1720,486,1
49,487,1
91,487,-1
308,487,1
346,487,-1
1041,487,-1
49,488,1
91,488,-1
308,488,1
346,488,-1
1430,488,-1
291,489,-1
605,489,-1
1181,489,1
1390,489,-1
653,490,-1
1203,490,0
1283,490,1
1284,490,-1
1393,490,1
656,491,-1
657,491,1
1424,491,-1
658,492,-1
659,492,1
761,492,-1
658,493,-1
660,493,1
2050,493,-1
661,494,-1
662,494,1
761,494,-1
663,495,1
664,495,-1
1914,495,0
30,496,0
665,496,-1
666,496,-1
667,496,1
668,496,-1
669,497,-1
670,497,-1
671,497,1
672,498,1
673,498,-1
1915,498,0
674,499,-1
675,499,-1
676,499,1
677,500,-1
678,500,-1
679,500,1
652,501,-1
684,501,-1
700,501,1
55,502,0
304,502,-1
304,502,1
652,502,0
698,503,-1
699,503,1
1793,503,-1
701,504,-1
702,504,1
792,504,-1
701,505,-1
709,505,1
823,505,-1
49,506,1
91,506,-1
703,506,1
712,506,-1
893,506,-1
897,506,-1
898,506,1
1129,506,1
425,507,-1
710,507,-1
711,507,1
288,508,0
690,508,1
940,508,0
1414,508,1
1435,508,-1
1467,508,0
1468,508,0
1468,508,1
1499,508,1
1500,508,1
1547,508,1
682,509,-1
682,509,1
1608,509,0
313,510,-1
365,510,-1
366,510,1
1071,511,0
1154,511,-1
1675,511,1
1728,511,-1
183,512,0
856,512,0
1675,512,-1
1787,512,1
1932,512,-1
88,513,0
304,513,-1
304,513,1
180,514,-1
181,514,1
1735,514,-1
261,515,-1
571,515,-1
577,515,-1
630,515,-1
1224,515,1
1692,515,-1
728,516,1
990,516,0
1016,516,-1
1597,516,-1
2077,516,-1
726,517,1
992,517,0
1597,517,-1
1671,517,-1
249,518,-1
729,518,-1
730,518,1
734,519,-1
735,519,1
870,519,-1
735,520,-1
736,520,1
91,521,-1
741,521,-1
742,521,1
49,522,1
91,522,-1
736,522,-1
1604,523,-1
1607,523,1
1086,524,-1
2087,524,1
682,525,-1
777,525,-1
1608,525,1
529,526,0
745,526,-1
745,526,1
745,527,1
746,527,1
747,527,-1
944,527,0
226,528,1
227,528,-1
232,529,-1
748,529,1
237,530,-1
749,530,1
498,531,1
556,531,1
896,531,-1
926,531,1
927,531,-1
265,532,-1
751,532,-1
752,532,1
49,533,1
91,533,-1
314,533,-1
314,533,1
557,533,-1
1129,533,1
762,534,-1
773,534,-1
774,534,1
763,535,-1
764,535,-1
765,535,1
524,536,-1
1908,536,1
1978,536,-1
773,537,1
1374,537,-1
1978,537,-1
2030,538,-1
2031,538,-1
2032,538,1
2054,539,-1
2060,539,1
2071,539,-1
2063,540,-1
2066,540,-1
2069,540,1
49,541,1
91,541,-1
1074,541,1
1075,541,-1
557,542,1
558,542,-1
783,543,-1
783,543,1
784,544,-1
785,544,1
1287,544,-1
302,545,-1
517,545,0
793,545,-1
794,545,1
547,546,1
557,546,-1
795,546,-1
796,546,1
9,547,-1
797,547,1
297,548,1
801,548,0
865,548,1
1177,548,1
1178,548,1
1179,548,1
1435,548,-1
1457,548,1
1460,548,1
1463,548,1
1465,548,1
1466,548,1
1471,548,1
1472,548,1
1476,548,1
1477,548,1
1478,548,1
1479,548,1
1480,548,1
1481,548,1
1482,548,1
1485,548,1
1486,548,1
1488,548,1
1491,548,1
1494,548,1
1495,548,1
1503,548,1
1504,548,1
1512,548,1
1517,548,1
1521,548,1
1522,548,1
1523,548,1
1549,548,1
1983,548,1
218,549,-1
319,549,-1
354,549,-1
586,549,0
651,549,-1
802,549,1
1109,549,-1
1412,549,0
1460,549,0
1474,549,0
1475,549,0
1546,549,0
2081,549,0
65,550,1
66,550,-1
368,551,1
369,551,-1
483,552,1
484,552,-1
481,553,1
482,553,-1
1711,554,1
1712,554,-1
1746,555,1
1747,555,-1
1061,556,1
1062,556,-1
1063,557,-1
1710,557,1
1685,558,1
1686,558,-1
1777,559,1
1778,559,-1
432,560,-1
433,560,1
434,561,-1
437,561,1
72,562,1
73,562,-1
49,563,1
91,563,-1
145,563,1
433,563,-1
49,564,1
91,564,-1
146,564,1
437,564,-1
346,565,-1
347,565,1
1016,565,-1
896,566,-1
896,566,1
556,567,1
908,567,1
1791,567,-1
1828,567,1
1829,567,-1
824,568,-1
825,568,1
908,568,-1
829,569,1
49,570,1
91,570,-1
860,570,-1
837,571,-1
860,571,-1
1149,571,-1
1631,571,1
1976,571,-1
91,572,-1
1632,572,-1
1633,572,1
49,573,1
91,573,-1
996,573,-1
997,573,1
49,574,1
91,574,-1
1895,574,-1
638,575,-1
862,575,-1
863,575,1
1407,575,0
868,576,-1
869,576,1
1331,576,0
1334,576,-1
871,577,1
872,577,-1
1560,577,-1
871,578,1
872,578,-1
1560,578,-1
880,579,-1
1890,579,1
715,580,-1
883,580,1
1133,580,0
857,581,-1
886,581,-1
887,581,1
858,582,-1
886,582,-1
888,582,1
649,583,-1
750,583,-1
1262,583,-1
1367,583,1
1214,584,-1
1216,584,1
1071,585,0
1158,585,-1
1780,585,-1
1977,585,1
0,586,-1
183,586,0
856,586,0
1162,586,1
1977,586,-1
1781,587,-1
1781,587,1
913,588,-1
1558,588,-1
1781,588,1
556,589,-1
557,589,1
874,589,-1
876,589,1
924,589,1
925,589,-1
945,589,1
1795,589,-1
1122,590,-1
1123,590,1
1438,590,-1
1439,590,1
86,591,-1
1558,591,-1
1782,591,1
1227,592,1
1231,592,-1
1232,592,-1
557,593,-1
1129,593,1
1694,593,1
1745,593,-1
837,594,-1
860,594,-1
1149,594,-1
1157,594,-1
1784,594,1
1975,594,0
49,595,1
91,595,-1
1784,595,-1
1785,595,1
895,596,-1
895,596,1
556,597,1
874,597,-1
875,597,1
964,597,-1
317,598,1
881,598,-1
1794,598,-1
1606,599,1
1607,599,-1
905,600,-1
922,600,1
1734,600,-1
4,601,-1
378,601,0
557,601,-1
882,601,1
882,602,-1
1740,602,1
378,603,0
557,603,-1
909,603,-1
1637,603,1
2049,603,1
317,604,1
512,604,-1
881,604,-1
913,604,1
356,605,1
800,605,-1
937,606,-1
984,606,1
772,607,-1
938,607,-1
939,607,1
941,608,-1
942,608,-1
943,608,1
929,609,1
946,609,-1
947,609,1
1168,609,-1
289,610,-1
375,610,-1
834,610,-1
947,610,-1
975,610,1
1055,610,-1
946,611,-1
946,611,1
954,612,-1
955,612,1
960,612,-1
956,613,-1
957,613,1
1121,613,-1
967,614,1
968,614,-1
1105,614,0
936,615,1
969,615,1
971,615,-1
334,616,-1
335,616,1
970,616,-1
338,617,-1
339,617,1
970,617,-1
753,618,-1
754,618,1
970,618,-1
757,619,-1
758,619,1
970,619,-1
972,620,1
974,620,-1
334,621,-1
336,621,1
973,621,-1
338,622,-1
340,622,1
973,622,-1
753,623,-1
755,623,1
973,623,-1
757,624,-1
759,624,1
973,624,-1
334,625,-1
337,625,1
981,625,-1
338,626,-1
341,626,1
981,626,-1
589,627,-1
975,627,-1
977,627,1
591,628,-1
975,628,-1
978,628,1
753,629,-1
756,629,1
981,629,-1
757,630,-1
760,630,1
981,630,-1
878,631,-1
975,631,-1
980,631,1
593,632,-1
975,632,-1
979,632,1
253,633,-1
975,633,-1
976,633,1
588,634,1
589,634,-1
977,634,0
590,635,1
591,635,-1
978,635,0
592,636,1
593,636,-1
979,636,0
877,637,1
878,637,-1
980,637,0
936,638,1
982,638,-1
983,638,1
556,639,1
926,639,1
927,639,-1
1030,639,-1
1031,639,1
990,640,-1
2077,640,1
2078,640,-1
296,641,-1
995,641,-1
996,641,1
993,642,0
995,642,-1
995,642,1
172,643,1
173,643,-1
995,643,0
259,644,1
260,644,-1
995,644,0
1942,644,0
1970,644,0
768,645,-1
769,645,1
995,645,0
1942,645,0
767,646,1
769,646,-1
1843,646,0
635,647,-1
636,647,1
998,647,-1
39,648,1
1002,648,-1
1636,648,-1
1013,649,-1
1014,649,1
1170,649,-1
557,650,-1
961,650,-1
1000,650,1
610,651,1
613,651,-1
1016,651,-1
557,652,-1
930,652,1
1016,652,-1
1129,652,1
50,653,-1
74,653,1
556,653,1
557,653,-1
1129,653,1
496,654,-1
500,654,1
1789,654,-1
562,655,-1
644,655,1
1789,655,-1
786,656,-1
803,656,1
1789,656,-1
343,657,-1
344,657,1
373,657,-1
1146,657,-1
1789,657,-1
224,658,-1
820,658,-1
1019,658,1
1048,658,-1
1789,658,-1
230,659,-1
231,659,1
1789,659,-1
923,660,1
720,661,1
1367,661,-1
611,662,-1
1107,662,1
990,663,0
1045,663,-1
1050,663,-1
1054,663,-1
2077,663,-1
2083,663,1
544,664,1
545,664,-1
964,664,-1
966,664,1
1030,664,-1
419,665,1
420,665,-1
557,665,1
963,665,1
965,665,-1
160,666,-1
537,666,-1
1245,666,1
2095,666,1
148,667,-1
1024,667,-1
1225,667,1
1366,667,1
910,668,-1
912,668,-1
1814,668,-1
1814,668,1
1810,669,-1
1811,669,1
1814,669,-1
610,670,-1
611,670,1
556,671,1
924,671,-1
928,671,1
1919,671,-1
54,672,-1
1350,672,-1
1452,672,1
556,673,1
1113,673,0
1246,673,1
1247,673,-1
1831,673,-1
1832,673,1
1349,674,-1
1349,674,1
1345,675,1
1349,675,-1
1345,676,1
1349,676,-1
271,677,1
272,677,-1
543,677,-1
1032,678,-1
1200,678,-1
1322,678,1
425,679,-1
710,679,-1
711,679,1
95,680,-1
96,680,1
1052,681,-1
1053,681,1
1313,681,-1
1057,682,-1
1058,682,-1
1059,682,1
2055,683,-1
2058,683,-1
2061,683,1
2064,684,-1
2067,684,-1
2070,684,1
49,685,1
91,685,-1
917,685,0
1066,685,1
1912,685,-1
1945,685,1
49,686,1
91,686,-1
1065,686,1
1067,686,-1
1074,687,-1
1093,687,1
1584,687,-1
1077,688,-1
1837,688,-1
1839,688,1
1077,689,-1
1833,689,1
1834,689,-1
49,690,1
91,690,-1
1074,690,1
1075,690,-1
49,691,1
91,691,-1
1075,691,-1
49,692,1
91,692,-1
1075,692,-1
49,693,1
91,693,-1
1074,693,1
1075,693,-1
49,694,1
91,694,-1
1074,694,1
1075,694,-1
49,695,1
91,695,-1
1074,695,1
1075,695,-1
1078,696,1
1080,696,-1
1083,696,-1
49,697,1
91,697,-1
1074,697,1
1075,697,-1
1065,698,-1
1067,698,1
1929,698,-1
1094,699,-1
1134,699,1
49,700,1
91,700,-1
288,700,-1
1099,701,-1
1844,701,-1
1848,701,1
325,702,1
557,702,-1
652,702,1
1075,702,-1
810,703,-1
815,703,1
1099,703,-1
45,704,-1
49,704,1
91,704,-1
1911,704,1
787,705,-1
1101,705,-1
1102,705,1
1103,706,-1
1104,706,1
1742,706,-1
968,707,-1
1103,707,-1
1105,707,1
1104,708,-1
1743,708,1
1104,709,-1
1104,709,1
1112,710,-1
1113,710,1
1442,710,-1
1115,711,-1
1116,711,1
1141,711,-1
175,712,-1
176,712,1
1118,712,-1
1118,713,1
1853,713,1
1857,713,-1
1118,714,-1
1118,714,1
205,715,-1
957,715,-1
958,715,1
165,716,1
513,716,-1
598,716,-1
1106,716,-1
1171,716,-1
1437,716,-1
1590,716,-1
1591,716,-1
1594,716,-1
1781,716,-1
1789,716,-1
2038,716,-1
563,717,-1
566,717,1
572,717,-1
1509,717,-1
1982,717,1
1983,717,1
2080,717,-1
2081,717,-1
551,718,-1
552,718,1
830,719,-1
1998,719,1
158,720,1
159,720,-1
1023,720,1
1124,720,-1
154,721,-1
155,721,1
557,721,1
1023,721,1
1124,721,-1
557,722,1
1124,722,-1
1433,722,-1
1434,722,1
1303,723,-1
1883,723,-1
1884,723,1
523,724,-1
1956,724,-1
1957,724,1
1928,725,-1
1928,725,1
1079,726,-1
1084,726,1
1978,726,-1
524,727,-1
804,727,1
817,727,-1
524,728,-1
1850,728,-1
1851,728,1
525,729,-1
1865,729,-1
1866,729,1
1099,730,-1
1865,730,-1
1869,730,1
1303,731,-1
1865,731,-1
1870,731,1
49,732,1
91,732,-1
1842,732,1
1865,732,1
1869,732,-1
49,733,1
91,733,-1
1870,733,-1
1871,733,1
524,734,-1
1871,734,-1
1872,734,1
1089,735,-1
1866,735,-1
1867,735,1
525,736,-1
1874,736,-1
1875,736,1
524,737,-1
1874,737,-1
1877,737,1
1099,738,-1
1873,738,-1
1878,738,1
49,739,1
91,739,-1
1842,739,1
1873,739,1
1878,739,-1
1089,740,-1
1875,740,-1
1876,740,1
1089,741,-1
1898,741,-1
1899,741,1
1125,742,-1
1126,742,1
1303,742,-1
49,743,1
91,743,-1
1126,743,-1
524,744,-1
1127,744,-1
1128,744,1
524,745,-1
1881,745,-1
1882,745,1
1099,746,-1
1879,746,-1
1880,746,1
49,747,1
91,747,-1
1879,747,1
1880,747,-1
49,748,1
91,748,-1
1884,748,-1
1886,748,1
524,749,-1
1886,749,-1
1887,749,1
49,750,1
91,750,-1
624,750,-1
49,751,1
91,751,-1
706,751,1
708,751,-1
1074,751,-1
49,752,1
91,752,-1
1426,752,-1
49,753,1
91,753,-1
179,753,-1
1985,753,1
49,754,1
91,754,-1
811,754,-1
818,754,1
49,755,1
91,755,-1
1427,755,1
1428,755,-1
49,756,1
91,756,-1
774,756,-1
49,757,1
91,757,-1
1848,757,-1
1852,757,1
49,758,1
91,758,-1
815,758,-1
49,759,1
91,759,-1
1974,759,-1
49,760,1
91,760,-1
816,760,-1
49,761,1
91,761,-1
1849,761,-1
1850,761,1
49,762,1
91,762,-1
654,762,-1
655,762,1
1120,762,0
1324,762,-1
1327,762,0
49,763,1
91,763,-1
1335,763,-1
1940,763,1
49,764,1
91,764,-1
776,764,-1
1907,764,1
49,765,1
91,765,-1
1683,765,-1
49,766,1
91,766,-1
1711,766,-1
1979,766,1
49,767,1
91,767,-1
1746,767,-1
1980,767,1
49,768,1
91,768,-1
1130,768,-1
1131,768,1
1130,769,1
2002,769,-1
447,770,-1
448,770,1
1444,770,-1
602,771,-1
1016,771,-1
1429,771,1
91,772,-1
1107,772,1
1757,772,-1
1761,772,1
91,773,-1
1107,773,1
1755,773,-1
1762,773,1
91,774,-1
1107,774,1
1759,774,-1
1763,774,1
91,775,-1
1107,775,1
1756,775,-1
1764,775,1
885,776,1
2079,776,-1
513,777,-1
1132,777,-1
1133,777,1
1028,778,-1
1029,778,1
1559,779,-1
1560,779,1
824,780,1
1791,780,-1
1558,781,1
1596,781,1
1782,781,-1
873,782,-1
1135,782,-1
1136,782,1
1075,783,-1
1076,783,1
1611,783,-1
94,784,-1
1137,784,-1
1138,784,1
1137,785,-1
1139,785,1
1411,785,-1
1137,786,-1
1140,786,1
1558,786,-1
533,787,1
557,787,-1
1129,787,1
1968,787,-1
557,788,-1
1129,788,1
1592,788,1
1966,788,-1
1121,789,-1
1141,789,-1
1142,789,1
170,790,-1
1074,790,-1
1148,790,-1
1612,790,-1
1620,790,1
49,791,1
91,791,-1
1787,791,-1
1788,791,1
49,792,1
91,792,-1
1162,792,-1
49,793,1
91,793,-1
1156,793,-1
1157,793,1
49,794,1
91,794,-1
1631,794,-1
1150,795,-1
1973,795,-1
1974,795,1
516,796,1
540,796,-1
1971,796,-1
1972,796,1
516,797,1
540,797,-1
1971,797,-1
1972,797,1
540,798,-1
1971,798,-1
1972,798,1
516,799,1
540,799,-1
1971,799,-1
1972,799,1
516,800,1
540,800,-1
1971,800,-1
1972,800,1
540,801,-1
1971,801,-1
1972,801,1
516,802,1
540,802,-1
1971,802,-1
1972,802,1
1071,803,0
1154,803,-1
1155,803,1
1744,803,-1
49,804,1
91,804,-1
1160,804,-1
837,805,-1
860,805,-1
1149,805,-1
1163,805,-1
1164,805,1
1975,805,0
49,806,1
91,806,-1
1164,806,-1
1165,806,1
837,807,-1
860,807,-1
1149,807,-1
1160,807,1
1788,807,-1
1975,807,0
1172,808,-1
1173,808,1
2003,808,-1
626,809,-1
1182,809,1
1192,809,-1
264,810,-1
1558,810,-1
2073,810,1
1195,811,1
1358,811,-1
1359,811,-1
1360,811,-1
1361,811,-1
1362,811,-1
1363,811,-1
1364,811,-1
1365,811,-1
1215,812,-1
1217,812,1
1211,813,1
1216,813,-1
1207,814,1
1217,814,-1
1209,815,1
1211,815,-1
1210,816,-1
1219,816,1
1197,817,-1
1198,817,1
1199,817,-1
11,818,1
1200,818,-1
1420,818,-1
1003,819,-1
1218,819,-1
1220,819,1
1203,820,-1
1270,820,1
1758,820,-1
1203,821,-1
1285,821,1
1760,821,-1
1017,822,-1
1107,822,1
1273,822,-1
1274,822,0
1761,822,1
1017,823,-1
1107,823,1
1270,823,-1
1271,823,0
1276,823,1
1758,823,1
1017,824,-1
1107,824,1
1285,824,-1
1286,824,0
1292,824,1
308,825,-1
596,825,-1
605,825,1
777,826,-1
1194,826,1
1236,826,-1
404,827,-1
405,827,-1
933,827,-1
1060,827,-1
1600,827,1
1609,827,-1
524,828,-1
1902,828,-1
1903,828,1
780,829,-1
1194,829,-1
1196,829,1
708,830,1
714,830,-1
1098,830,-1
775,831,-1
776,831,1
1336,831,-1
826,832,-1
1259,832,1
1679,832,-1
372,833,-1
407,833,-1
422,833,-1
607,833,-1
608,833,1
1386,833,-1
1390,833,-1
716,834,1
1008,834,-1
706,835,-1
714,835,1
1074,835,1
1910,835,1
1151,836,1
1152,836,1
1171,836,1
1223,836,-1
1232,836,1
1622,836,1
777,837,1
780,837,1
1196,837,-1
426,838,0
788,838,0
1208,838,-1
1212,838,1
1203,839,-1
1265,839,1
1761,839,-1
1203,840,-1
1264,840,1
1763,840,-1
601,841,-1
602,841,1
2043,842,-1
2043,842,1
717,843,-1
994,843,-1
1234,843,1
612,844,-1
1171,844,-1
1231,844,1
1151,845,-1
1228,845,-1
1229,845,1
1227,846,-1
1228,846,1
1622,846,-1
1026,847,-1
1229,847,-1
1230,847,1
1026,848,-1
1234,848,-1
1826,848,1
101,849,-1
719,849,1
827,849,1
935,849,1
1236,849,1
1188,850,-1
1189,850,1
2029,850,-1
790,851,-1
790,851,1
1237,852,-1
1238,852,1
1396,852,-1
293,853,-1
1239,853,-1
1240,853,1
1241,854,-1
1242,854,1
1298,854,-1
1191,855,-1
1243,855,-1
1244,855,1
1252,856,-1
1253,856,-1
1254,856,1
1205,857,-1
1267,857,-1
1268,857,1
1258,858,-1
1258,858,1
28,859,-1
28,859,1
212,860,-1
214,860,1
1029,860,-1
304,861,-1
304,861,1
1205,862,-1
1270,862,-1
1271,862,1
1205,863,-1
1273,863,-1
1274,863,1
14,864,-1
1337,864,-1
1338,864,1
557,865,-1
948,865,-1
949,865,1
950,865,1
951,865,1
952,865,1
557,866,-1
1375,866,-1
1376,866,1
1377,866,1
1378,866,1
1379,866,1
1029,867,-1
1337,867,-1
1339,867,1
1029,868,-1
1555,868,-1
1557,868,1
770,869,-1
770,869,1
212,870,-1
213,870,1
1029,870,-1
631,871,-1
632,871,1
1029,871,-1
23,872,-1
778,872,-1
779,872,1
23,873,-1
24,873,1
1026,873,-1
29,874,-1
30,874,1
666,874,-1
29,875,-1
31,875,1
162,875,-1
31,876,-1
32,876,1
189,876,-1
36,877,-1
37,877,1
269,877,-1
36,878,-1
1406,878,-1
1407,878,1
1931,878,0
1391,879,-1
1392,879,1
1560,879,-1
304,880,-1
304,880,1
824,881,-1
833,881,1
1381,881,-1
835,882,-1
836,882,1
1419,882,-1
824,883,-1
832,883,1
861,883,-1
824,884,-1
1418,884,-1
1419,884,1
824,885,-1
905,885,-1
917,885,1
1064,885,-1
328,886,-1
329,886,1
905,886,-1
269,887,-1
905,887,-1
916,887,1
864,888,-1
905,888,-1
919,888,1
861,889,-1
905,889,-1
918,889,1
1347,889,0
905,890,-1
920,890,1
953,890,-1
905,891,-1
921,891,1
1380,891,-1
2,892,-1
3,892,1
905,892,-1
508,893,-1
509,893,1
905,893,-1
905,894,-1
1409,894,-1
1410,894,1
905,895,-1
1326,895,-1
1327,895,1
1260,896,-1
1299,896,-1
1300,896,1
1205,897,-1
1285,897,-1
1286,897,1
1205,898,-1
1288,898,-1
1289,898,1
1205,899,-1
1290,899,-1
1291,899,1
21,900,-1
22,900,1
1796,900,-1
1381,901,-1
1384,901,1
2019,901,-1
1448,902,-1
1449,902,1
2022,902,-1
1450,903,-1
1451,903,1
2022,903,-1
557,904,-1
686,904,-1
687,904,1
688,904,1
557,905,-1
694,905,1
695,905,-1
557,906,-1
686,906,1
696,906,-1
1381,907,-1
1385,907,1
1814,907,-1
25,908,-1
26,908,1
1821,908,-1
25,909,-1
27,909,1
1825,909,-1
640,910,-1
1343,910,-1
1344,910,1
953,911,-1
960,911,1
1344,911,-1
1119,912,0
1303,912,-1
1900,912,-1
1901,912,1
330,913,-1
1308,913,-1
1309,913,1
1308,914,-1
1310,914,1
1722,914,-1
1320,915,1
1321,915,-1
1928,915,0
516,916,1
540,916,-1
1971,916,-1
1972,916,1
516,917,1
540,917,-1
1971,917,-1
1972,917,1
516,918,1
540,918,-1
1971,918,-1
1972,918,1
516,919,1
540,919,-1
1971,919,-1
1972,919,1
516,920,1
540,920,-1
1971,920,-1
1972,920,1
516,921,1
540,921,-1
1971,921,-1
1972,921,1
516,922,1
540,922,-1
1971,922,-1
1972,922,1
258,923,1
1183,923,-1
1193,923,-1
1941,923,-1
49,924,1
91,924,-1
730,924,0
902,924,-1
903,924,1
49,925,1
91,925,-1
730,925,-1
49,926,1
91,926,-1
556,926,1
904,926,-1
1325,927,-1
1710,927,-1
1836,927,1
1325,928,-1
1834,928,-1
1840,928,1
1091,929,1
1092,929,-1
1938,929,0
1346,930,1
1349,930,-1
1761,930,-1
712,931,-1
713,931,1
1353,931,-1
1145,932,-1
1356,932,1
2035,932,-1
557,933,-1
1072,933,1
1085,933,-1
2035,934,-1
2035,934,1
1206,935,1
1219,935,-1
347,936,-1
406,936,1
1043,937,1
1429,937,-1
1368,938,-1
1368,938,1
556,939,-1
558,939,1
1031,939,-1
556,940,-1
558,940,1
1031,940,-1
1260,941,-1
1369,941,-1
1370,941,1
1256,942,-1
1257,942,1
1729,942,-1
643,943,-1
1255,943,1
1260,943,-1
1370,943,0
1729,943,-1
2047,944,-1
2048,944,1
556,945,1
909,945,1
1792,945,-1
1829,945,-1
317,946,1
1997,946,-1
2046,946,-1
1739,947,-1
1739,947,1
556,948,1
1453,948,1
1455,948,-1
1679,948,1
2048,948,-1
1695,949,-1
2045,949,1
1723,950,-1
1723,950,1
2048,951,-1
2048,951,1
612,952,-1
1372,952,1
808,953,1
809,953,-1
49,954,1
91,954,-1
713,954,-1
714,954,1
49,955,1
91,955,-1
247,955,-1
248,955,1
49,956,1
91,956,-1
711,956,-1
712,956,1
167,957,1
681,957,1
682,957,-1
2089,957,1
166,958,1
681,958,1
682,958,-1
2089,958,1
409,959,1
1372,959,-1
512,960,1
627,960,-1
161,961,-1
1051,961,-1
1052,961,1
904,962,0
1017,962,-1
1107,962,1
1272,962,-1
1278,962,1
1017,963,-1
1278,963,-1
1279,963,1
905,964,0
1017,964,-1
1107,964,1
1287,964,-1
1017,965,-1
1107,965,1
1294,965,-1
1295,965,1
1372,966,-1
1594,966,1
1206,967,-1
1208,967,1
1215,968,1
1218,968,-1
1220,968,0
1673,968,0
1692,968,-1
1383,969,1
1635,969,-1
1698,969,-1
49,970,1
91,970,-1
1384,970,0
2091,970,1
2092,970,-1
833,971,0
1311,971,1
1382,971,-1
2090,971,-1
2093,971,1
604,972,-1
614,972,1
600,973,-1
602,973,1
1260,974,-1
1395,974,-1
1397,974,1
1281,975,-1
1399,975,-1
1400,975,1
1250,976,1
1257,976,-1
1403,976,0
560,977,0
643,977,1
1001,977,0
1251,977,1
1255,977,-1
1403,977,0
1401,978,-1
1402,978,-1
1403,978,1
1416,979,-1
1417,979,1
1678,979,-1
629,980,0
953,980,-1
1421,980,-1
1422,980,1
1420,981,-1
1421,981,-1
1432,981,1
1040,982,-1
1421,982,1
650,983,-1
682,983,-1
2089,983,1
682,984,1
2087,984,-1
152,985,1
153,985,-1
355,985,0
530,985,-1
1741,985,1
234,986,-1
235,986,1
1312,986,-1
49,987,1
91,987,-1
368,987,-1
49,988,1
91,988,-1
398,988,-1
400,988,0
401,988,0
49,989,1
91,989,-1
148,989,-1
100,990,-1
651,990,-1
1435,990,1
1015,991,1
1640,991,-1
1731,991,1
1732,991,1
1733,991,1
1015,992,1
1644,992,1
1645,992,-1
1732,992,1
1733,992,1
1658,993,1
1659,993,-1
683,994,-1
744,994,1
697,995,0
716,995,-1
1007,995,-1
1008,995,1
1026,996,1
1826,996,-1
298,997,-1
298,997,1
1026,997,0
1296,997,-1
1296,997,1
1408,997,-1
1408,997,1
1413,997,-1
1413,997,1
1458,997,-1
1458,997,1
1496,997,-1
1526,997,-1
1526,997,1
1591,998,-1
1591,998,1
1026,999,1
1230,999,-1
1781,1000,-1
1781,1000,1
567,1001,1
570,1001,-1
651,1001,1
1026,1001,0
1026,1001,1
866,1002,-1
866,1002,1
1026,1002,0
1021,1003,1
1022,1003,-1
1594,1004,-1
1594,1004,1
1594,1005,-1
1594,1005,1
553,1006,-1
555,1006,-1
555,1006,1
991,1006,-1
991,1006,1
1998,1006,-1
1998,1006,1
1436,1007,-1
1436,1007,1
1437,1008,-1
1437,1008,1
550,1009,-1
551,1009,1
2046,1010,1
2049,1010,-1
154,1011,1
155,1011,-1
1438,1011,-1
1433,1012,1
1434,1012,-1
1440,1012,-1
1441,1012,1
556,1013,-1
927,1013,-1
1438,1013,1
1439,1013,-1
428,1014,1
1443,1014,-1
1683,1014,-1
1034,1015,-1
1035,1015,1
1446,1015,-1
1037,1016,-1
1039,1016,1
1447,1016,-1
20,1017,-1
1558,1017,-1
1559,1017,1
235,1018,-1
1558,1018,-1
1783,1018,1
331,1019,-1
1558,1019,-1
1561,1019,1
332,1020,-1
1558,1020,-1
1562,1020,1
333,1021,-1
1558,1021,-1
1563,1021,1
1700,1022,-1
1772,1022,1
905,1023,1
1701,1023,-1
49,1024,1
91,1024,-1
556,1024,1
1831,1024,1
1891,1024,-1
49,1025,1
91,1025,-1
1617,1025,-1
1618,1025,1
904,1026,-1
904,1026,1
618,1027,-1
618,1027,1
1016,1027,-1
1107,1027,1
620,1028,-1
620,1028,1
1016,1028,-1
704,1029,1
714,1029,-1
1093,1029,-1
49,1030,1
91,1030,-1
557,1030,-1
1129,1030,1
2072,1030,1
2073,1030,-1
1586,1031,-1
1587,1031,-1
1588,1031,1
639,1032,0
685,1032,0
1045,1032,-1
1050,1032,-1
1054,1032,-1
1597,1032,1
161,1033,-1
342,1033,0
528,1033,0
1004,1033,0
1598,1033,1
2094,1033,-1
357,1034,-1
578,1034,1
580,1034,-1
890,1034,-1
2094,1035,-1
2094,1035,1
828,1036,-1
831,1036,1
1009,1036,-1
1256,1037,1
1258,1037,-1
101,1038,1
556,1038,-1
722,1038,-1
682,1039,-1
1026,1039,-1
1087,1039,1
188,1040,-1
233,1040,-1
234,1040,1
90,1041,-1
503,1041,-1
1613,1041,-1
1614,1041,1
246,1042,-1
247,1042,1
1301,1042,-1
1615,1042,-1
497,1043,-1
914,1043,-1
1616,1043,1
1616,1044,-1
1617,1044,1
1897,1044,-1
1404,1045,-1
1405,1045,1
1621,1045,-1
1275,1046,-1
1626,1046,-1
1627,1046,1
1626,1047,-1
1628,1047,1
1763,1047,-1
1002,1048,1
1069,1048,-1
1636,1048,-1
538,1049,1
556,1049,0
1352,1049,1
1638,1049,1
1641,1049,-1
1642,1049,1
538,1050,-1
1352,1050,-1
1639,1050,-1
1641,1050,1
1315,1051,-1
1316,1051,1
1318,1051,1
1641,1052,-1
1641,1052,1
556,1053,0
1355,1053,1
1643,1053,1
1647,1053,-1
1648,1053,1
538,1054,-1
1355,1054,-1
1644,1054,-1
1646,1054,1
1575,1055,-1
1582,1055,1
1646,1056,-1
1647,1056,1
556,1057,0
1649,1057,1
1651,1057,1
1652,1057,-1
538,1058,-1
1650,1058,-1
1652,1058,1
1315,1059,-1
1317,1059,1
1340,1060,-1
1341,1060,1
1342,1060,1
1652,1061,-1
1652,1061,1
514,1062,1
556,1062,0
1653,1062,1
1655,1062,1
1656,1062,-1
514,1063,-1
1352,1063,-1
1654,1063,-1
1656,1063,1
1568,1064,-1
1570,1064,1
1573,1064,1
1575,1065,-1
1577,1065,1
1581,1065,1
1656,1066,-1
1656,1066,1
538,1067,1
556,1067,0
1351,1067,1
1657,1067,1
1660,1067,1
1661,1067,-1
538,1068,-1
1351,1068,-1
1658,1068,-1
1661,1068,1
1315,1069,-1
1319,1069,1
1661,1070,-1
1661,1070,1
538,1071,1
556,1071,0
1352,1071,1
1662,1071,1
1664,1071,1
1665,1071,-1
538,1072,-1
1352,1072,-1
1663,1072,-1
1665,1072,1
1568,1073,-1
1569,1073,1
1572,1073,1
1575,1074,-1
1576,1074,1
1580,1074,1
1665,1075,-1
1665,1075,1
191,1076,1
538,1076,1
556,1076,0
1354,1076,1
1667,1076,1
1668,1076,-1
538,1077,-1
1354,1077,-1
1666,1077,-1
1668,1077,1
1568,1078,-1
1571,1078,1
1574,1078,1
1575,1079,-1
1579,1079,1
1583,1079,1
1668,1080,-1
1668,1080,1
1095,1081,-1
1096,1081,1
1669,1081,-1
1094,1082,1
1096,1082,-1
1670,1082,1
728,1083,-1
990,1083,-1
1016,1083,-1
1597,1083,1
2077,1083,1
1680,1084,-1
1681,1084,1
1750,1084,-1
1990,1084,-1
1680,1085,-1
1682,1085,1
1750,1085,-1
1992,1085,-1
168,1086,-1
1702,1086,-1
1703,1086,1
374,1087,-1
1702,1087,-1
1704,1087,1
1070,1088,-1
1702,1088,-1
1705,1088,1
1396,1089,-1
1702,1089,-1
1706,1089,1
1702,1090,-1
1702,1090,1
1707,1091,-1
1708,1091,-1
1709,1091,1
594,1092,-1
595,1092,1
1709,1092,-1
1709,1093,-1
1709,1093,1
41,1094,-1
1729,1094,-1
1730,1094,1
42,1095,-1
42,1095,1
45,1096,-1
45,1096,1
278,1097,-1
1751,1097,-1
1752,1097,1
556,1098,-1
924,1098,1
925,1098,-1
1696,1098,1
1697,1098,-1
789,1099,-1
790,1099,1
1753,1099,-1
789,1100,1
790,1100,-1
1761,1101,-1
2004,1101,1
1761,1102,-1
2015,1102,1
1765,1103,-1
1792,1103,1
18,1104,1
1766,1104,-1
1767,1105,-1
1790,1105,1
1768,1106,-1
1791,1106,1
904,1107,1
1769,1107,-1
904,1108,1
1769,1108,-1
557,1109,-1
1129,1109,1
1143,1109,1
1144,1109,-1
557,1110,-1
1797,1110,-1
1806,1110,1
1808,1110,1
412,1111,-1
413,1111,1
1799,1111,-1
692,1112,1
693,1112,-1
1800,1112,1
2018,1112,-1
1816,1113,-1
1817,1113,1
1821,1113,-1
2018,1113,-1
540,1114,-1
915,1114,1
1107,1114,1
1815,1114,-1
1017,1115,-1
1107,1115,1
1268,1115,0
1273,1115,-1
1017,1116,-1
1107,1116,1
1267,1116,-1
1268,1116,0
1017,1117,-1
1107,1117,1
1288,1117,-1
1289,1117,0
327,1118,-1
1801,1118,1
2019,1118,-1
1818,1119,-1
1819,1119,1
2019,1119,-1
49,1120,1
91,1120,-1
1129,1120,1
1265,1120,-1
49,1121,1
91,1121,-1
1129,1121,1
1264,1121,-1
557,1122,-1
962,1122,1
1269,1122,-1
1273,1122,1
540,1123,-1
557,1123,-1
1107,1123,1
1129,1123,1
1246,1123,1
1247,1123,-1
1276,1123,-1
1773,1123,1
540,1124,-1
557,1124,-1
1107,1124,1
1129,1124,1
1247,1124,-1
1277,1124,-1
1774,1124,1
540,1125,-1
557,1125,-1
1107,1125,1
1129,1125,1
1246,1125,1
1247,1125,-1
1279,1125,-1
1770,1125,1
540,1126,-1
557,1126,-1
1107,1126,1
1129,1126,1
1246,1126,1
1247,1126,-1
1292,1126,-1
540,1127,-1
557,1127,-1
1107,1127,1
1129,1127,1
1246,1127,1
1247,1127,-1
1293,1127,-1
540,1128,-1
557,1128,-1
1107,1128,1
1129,1128,1
1246,1128,1
1247,1128,-1
1295,1128,-1
1771,1128,1
1798,1129,-1
1799,1129,1
2020,1129,-1
1799,1130,-1
1817,1130,-1
1818,1130,1
1167,1131,-1
1802,1131,-1
1803,1131,1
1802,1132,-1
1819,1132,-1
1820,1132,1
13,1133,1
1266,1133,1
1284,1133,-1
1802,1134,1
2021,1134,-1
1203,1135,1
1247,1135,-1
1757,1135,1
1773,1135,-1
1203,1136,1
1246,1136,1
1247,1136,-1
1758,1136,1
1774,1136,-1
1203,1137,1
1246,1137,1
1247,1137,-1
1770,1137,-1
1203,1138,1
1246,1138,1
1247,1138,-1
1775,1138,-1
1203,1139,1
1246,1139,1
1247,1139,-1
1776,1139,-1
1203,1140,1
1247,1140,-1
1756,1140,1
1771,1140,-1
1589,1141,-1
1804,1141,1
2022,1141,-1
1798,1142,-1
1805,1142,1
2022,1142,-1
2022,1143,-1
2022,1143,1
1100,1144,-1
1807,1144,-1
1809,1144,1
1203,1145,1
1805,1145,-1
1811,1145,-1
1820,1145,-1
557,1146,-1
1796,1146,1
1797,1146,-1
1806,1146,1
1807,1146,1
1812,1146,1
556,1147,1
910,1147,1
1630,1147,-1
1807,1147,-1
557,1148,-1
1808,1148,-1
1812,1148,1
556,1149,1
911,1149,1
1630,1149,-1
1808,1149,-1
912,1150,1
1630,1150,-1
1812,1150,-1
1827,1150,1
1814,1151,-1
1814,1151,1
1815,1152,-1
1816,1152,1
1821,1152,-1
835,1153,-1
1821,1153,-1
1822,1153,1
1017,1154,-1
1107,1154,1
1267,1154,1
1272,1154,-1
1823,1155,-1
1824,1155,1
1823,1156,-1
1825,1156,1
105,1157,-1
106,1157,1
118,1158,-1
1842,1158,1
126,1159,1
128,1159,-1
141,1160,-1
1842,1160,1
49,1161,1
91,1161,-1
704,1161,-1
707,1161,1
49,1162,1
91,1162,-1
1988,1162,-1
527,1163,-1
1985,1163,-1
1988,1163,1
837,1164,-1
860,1164,-1
1149,1164,-1
1893,1164,-1
1894,1164,1
1975,1164,0
49,1165,1
91,1165,-1
1894,1165,-1
1895,1165,1
49,1166,1
91,1166,-1
1964,1166,1
1965,1166,-1
516,1167,1
540,1167,-1
1971,1167,-1
221,1168,-1
223,1168,1
2033,1168,1
256,1169,-1
1938,1169,-1
1939,1169,1
988,1170,-1
989,1170,1
1938,1170,-1
1940,1171,1
1962,1171,-1
1857,1172,-1
1940,1172,1
1938,1173,1
1940,1173,-1
1944,1174,-1
1944,1174,1
516,1175,1
540,1175,-1
1147,1175,-1
1148,1175,1
49,1176,1
91,1176,-1
239,1176,-1
1927,1176,1
49,1177,1
91,1177,-1
240,1177,-1
1930,1177,1
49,1178,1
91,1178,-1
241,1178,-1
1950,1178,1
865,1179,1
866,1179,-1
1982,1179,1
76,1180,-1
1994,1180,1
1996,1180,-1
77,1181,-1
1995,1181,1
1996,1181,-1
556,1182,0
1060,1182,0
1681,1182,-1
1750,1182,1
1990,1182,1
556,1183,0
1060,1183,0
1680,1183,1
1682,1183,-1
1750,1183,1
557,1184,-1
2004,1184,-1
2006,1184,1
2009,1184,1
2011,1184,1
2004,1185,-1
2005,1185,1
1148,1186,-1
1618,1186,-1
1619,1186,1
985,1187,-1
986,1187,1
1619,1187,-1
1558,1188,1
2075,1188,-1
879,1189,-1
2033,1189,-1
2034,1189,1
2033,1190,-1
2033,1190,1
1314,1191,-1
1373,1191,1
1449,1191,0
1451,1191,0
1754,1191,-1
515,1192,1
518,1192,1
556,1192,0
2040,1192,1
2042,1192,1
2043,1192,-1
515,1193,-1
518,1193,-1
2041,1193,-1
2043,1193,1
1575,1194,-1
1578,1194,1
1582,1194,1
725,1195,1
726,1195,-1
990,1195,-1
1016,1195,-1
1597,1195,1
1671,1195,1
2077,1195,1
321,1196,1
1026,1196,0
1129,1196,1
1151,1196,-1
2082,1196,-1
2086,1196,1