0,0,-1
1054,0,1
2271,0,1
20,1,1
443,1,1
540,1,-1
560,1,-1
24,2,1
443,2,1
540,2,-1
763,2,-1
263,3,1
1080,3,1
1459,3,-1
1460,3,1
219,4,-1
266,4,1
1080,4,1
1459,4,-1
1460,4,1
4,5,-1
1083,5,1
1549,5,-1
2316,5,1
9,6,-1
54,6,1
1082,6,-1
1738,6,1
316,7,1
1082,7,-1
1738,7,1
9,8,-1
9,8,1
197,9,1
748,9,0
899,9,-1
900,9,1
1433,9,0
2062,9,0
192,10,-1
197,10,1
1093,10,1
193,11,1
1239,11,1
1723,11,-1
192,12,-1
197,12,1
899,12,-1
900,12,1
221,13,1
1080,13,1
1459,13,-1
1460,13,1
224,14,1
1080,14,1
1459,14,-1
1460,14,1
225,15,1
1080,15,1
1459,15,-1
1460,15,1
413,16,1
1080,16,1
1459,16,-1
1460,16,1
15,17,-1
220,17,1
1080,17,1
1459,17,-1
1460,17,1
16,18,-1
222,18,1
1080,18,1
1459,18,-1
1460,18,1
223,19,1
1080,19,1
1459,19,-1
1460,19,1
1080,20,1
1316,20,-1
1459,20,-1
1460,20,1
1552,20,1
933,21,1
1082,21,1
1316,21,-1
19,22,-1
20,22,1
540,22,1
32,23,1
443,23,-1
540,23,1
19,24,1
20,24,-1
443,24,1
540,24,-1
18,25,1
21,25,-1
443,25,0
1082,25,-1
1738,25,1
23,26,-1
26,26,1
443,26,-1
540,26,1
23,27,1
26,27,-1
443,27,1
540,27,-1
22,28,1
25,28,-1
443,28,0
1082,28,-1
1738,28,1
22,29,1
25,29,-1
1082,29,-1
1738,29,1
28,30,1
443,30,-1
540,30,1
27,31,1
443,31,1
540,31,-1
29,32,-1
1075,32,1
1082,32,-1
1738,32,1
29,33,-1
1075,33,1
1082,33,-1
1738,33,1
30,34,-1
33,34,1
443,34,1
540,34,-1
30,35,-1
33,35,1
443,35,1
540,35,-1
30,36,1
443,36,-1
540,36,1
30,37,1
33,37,-1
540,37,1
34,38,1
1082,38,-1
1515,38,1
1738,39,-1
1756,39,1
2038,39,1
749,40,1
898,40,-1
1934,40,1
749,41,1
781,41,-1
1934,41,1
35,42,-1
781,42,1
1082,42,-1
1738,42,1
37,43,1
2044,43,-1
36,44,-1
36,44,1
38,45,-1
258,45,1
540,45,1
38,46,-1
970,46,1
1080,46,-1
1459,46,1
1460,46,-1
1738,46,1
39,47,1
44,47,-1
443,47,1
540,47,-1
40,48,1
45,48,-1
443,48,1
540,48,-1
40,49,1
45,49,-1
443,49,1
540,49,-1
749,50,1
1573,50,1
2072,50,-1
749,51,1
1573,51,1
2072,51,-1
749,52,1
1586,52,1
2072,52,-1
48,53,-1
1022,53,1
1082,53,-1
1276,53,1
48,54,-1
1022,54,1
1082,54,-1
1276,54,1
49,55,-1
749,55,1
1600,55,1
49,56,-1
1023,56,1
1082,56,-1
1276,56,1
749,57,1
1607,57,1
2072,57,-1
749,58,1
1607,58,1
2072,58,-1
749,59,1
1624,59,1
2072,59,-1
52,60,-1
749,60,1
1693,60,1
2072,60,-1
1017,61,1
1150,61,-1
1574,61,1
54,62,-1
1082,62,-1
1204,62,1
1738,62,1
54,63,-1
54,63,1
57,64,-1
59,64,1
58,65,-1
58,65,1
66,66,1
67,66,-1
1028,66,-1
1030,66,1
1082,66,1
68,67,1
70,67,-1
1028,67,-1
1030,67,1
1082,67,1
71,68,-1
71,68,1
85,69,1
87,69,-1
1080,69,1
1457,69,-1
1458,69,1
87,70,1
1028,70,-1
1030,70,1
1082,70,1
1080,71,-1
1461,71,1
1462,71,-1
2156,71,1
96,72,-1
1080,72,-1
1461,72,1
1462,72,-1
2157,72,1
112,73,-1
1080,73,1
1459,73,-1
1460,73,1
2279,73,1
117,74,-1
117,74,1
123,75,-1
123,75,1
1082,76,-1
1250,76,1
443,77,1
540,77,-1
625,77,1
1096,77,-1
1475,77,0
1738,77,1
413,78,1
547,78,-1
749,78,1
2250,79,-1
2268,79,1
138,80,-1
869,80,1
1080,80,1
1082,80,-1
2232,80,1
781,81,-1
1073,81,1
1934,81,1
1073,82,1
1082,82,-1
2175,82,1
142,83,-1
781,83,1
1073,83,1
200,84,-1
258,84,1
200,85,-1
1082,85,1
1602,85,1
749,86,1
1586,86,1
2072,86,-1
1022,87,1
1082,87,-1
1276,87,1
1022,88,1
1082,88,-1
1276,88,1
749,89,1
1600,89,1
2072,89,-1
1023,90,1
1082,90,-1
1276,90,1
148,91,-1
749,91,1
1607,91,1
749,92,1
1607,92,1
2072,92,-1
149,93,-1
749,93,1
1624,93,1
749,94,1
1693,94,1
2072,94,-1
1073,95,1
1082,95,-1
1276,95,1
184,96,1
434,96,-1
669,96,1
183,97,1
184,97,-1
1080,97,1
1082,97,-1
1459,97,-1
1460,97,1
260,98,-1
930,98,1
1744,98,1
192,99,1
1093,99,-1
1909,99,1
197,100,-1
197,100,1
2064,100,-1
2064,100,1
11,101,1
1082,101,-1
162,102,-1
163,102,1
1080,102,-1
1082,102,1
1461,102,1
1462,102,-1
1549,102,-1
162,103,-1
163,103,1
1080,103,-1
1082,103,1
1461,103,1
1462,103,-1
1549,103,-1
129,104,1
163,104,-1
7,105,-1
7,105,1
159,106,-1
162,106,1
1080,106,-1
1082,106,1
1461,106,1
1462,106,-1
1549,106,-1
168,107,-1
976,107,1
168,108,-1
168,108,1
168,109,-1
168,109,1
169,110,-1
169,110,1
170,111,-1
170,111,1
171,112,-1
171,112,1
172,113,-1
219,113,1
1082,113,-1
172,114,1
1083,114,1
1549,114,-1
1083,115,1
1549,115,-1
1956,115,1
1553,116,1
1556,116,-1
176,117,-1
744,117,1
1080,117,-1
1082,117,1
1461,117,1
1462,117,-1
1480,117,0
1549,117,-1
497,118,1
899,118,-1
926,118,1
1082,118,-1
240,119,1
250,119,-1
1080,119,-1
1461,119,1
1462,119,-1
443,120,1
540,120,-1
1597,120,-1
1598,120,1
443,121,1
540,121,-1
1709,121,-1
1710,121,1
443,122,1
540,122,-1
1711,122,-1
1712,122,1
1083,123,1
1549,123,-1
1712,123,1
1082,124,-1
1083,124,1
1515,124,1
1549,124,-1
1712,124,1
497,125,1
540,125,-1
1244,125,-1
1672,125,1
1683,125,-1
1684,125,1
497,126,1
540,126,-1
1996,126,1
926,127,-1
1082,127,-1
1738,127,1
1786,127,1
214,128,-1
215,128,1
1580,128,1
217,129,1
1580,129,1
1581,129,-1
218,130,-1
219,130,1
497,130,1
540,130,-1
749,130,-1
1082,130,1
1684,130,1
218,131,-1
219,131,1
497,131,1
540,131,-1
749,131,-1
1082,131,1
1684,131,1
218,132,-1
218,132,1
219,133,-1
219,133,1
547,134,1
749,134,-1
1568,134,1
221,135,-1
547,135,1
749,135,-1
790,135,1
222,136,-1
547,136,1
601,136,1
223,137,-1
547,137,1
749,137,-1
1145,137,1
547,138,1
749,138,-1
1405,138,1
225,139,-1
547,139,1
749,139,-1
1273,139,1
200,140,1
258,140,-1
434,141,1
1549,141,-1
242,142,1
245,142,-1
1082,142,-1
1239,142,1
231,143,1
1080,143,1
1459,143,-1
1460,143,1
547,144,1
749,144,-1
2311,144,1
231,145,-1
271,145,1
749,145,-1
2282,145,1
232,146,-1
1461,146,1
1462,146,-1
1838,146,1
267,147,-1
802,147,1
1080,147,-1
1082,147,1
1461,147,1
1462,147,-1
1549,147,-1
262,148,-1
1080,148,-1
1082,148,1
1461,148,1
1549,148,-1
1995,148,1
2,149,1
1082,149,-1
264,150,-1
1080,150,-1
1082,150,1
1461,150,1
1462,150,-1
1549,150,-1
1955,150,1
218,151,1
265,151,-1
1080,151,-1
1082,151,1
1461,151,1
1462,151,-1
1549,151,-1
669,152,1
1661,152,1
1672,152,-1
1082,153,-1
1110,153,1
1515,153,1
84,154,1
1080,154,-1
1461,154,1
1462,154,-1
84,155,1
270,155,-1
1080,155,-1
1461,155,1
1462,155,-1
278,156,1
1080,156,-1
1082,156,1
1461,156,1
1462,156,-1
1549,156,-1
271,157,-1
272,157,1
547,157,1
1080,157,1
1082,157,-1
1083,157,1
1459,157,-1
1460,157,1
1549,157,-1
2282,157,1
272,158,-1
273,158,1
749,158,1
509,159,-1
1082,159,1
1234,159,1
512,160,-1
1082,160,1
1234,160,1
285,161,-1
669,161,1
1080,161,1
1459,161,-1
1460,161,1
2060,161,1
281,162,-1
349,162,1
1080,162,-1
1461,162,1
1462,162,-1
344,163,1
1080,163,-1
1461,163,1
1462,163,-1
345,164,1
1080,164,-1
1461,164,1
1462,164,-1
282,165,-1
346,165,1
1080,165,-1
1461,165,1
1462,165,-1
347,166,1
1080,166,-1
1461,166,1
1462,166,-1
284,167,-1
348,167,1
1080,167,-1
1461,167,1
1462,167,-1
1080,168,1
1082,168,-1
1511,168,1
278,169,-1
669,169,1
1080,169,1
1459,169,-1
1460,169,1
2155,169,1
293,170,1
1080,170,-1
1461,170,1
1462,170,-1
285,171,1
293,171,-1
1080,171,-1
1082,171,1
1461,171,1
1549,171,-1
402,172,0
941,172,-1
1537,172,-1
1538,172,-1
1539,172,1
1802,172,-1
299,173,-1
1082,173,1
2285,173,1
56,174,1
306,174,-1
1082,174,-1
306,175,1
308,175,-1
1080,175,1
1461,175,-1
1462,175,1
1071,176,-1
1261,176,1
1958,176,1
1080,177,1
1082,177,-1
2029,177,1
1080,178,1
1082,178,-1
2032,178,1
118,179,1
303,179,-1
1461,179,1
1462,179,-1
124,180,1
1461,180,1
1462,180,-1
321,181,1
1080,181,1
1461,181,-1
1462,181,1
375,182,1
1080,182,1
1461,182,-1
1462,182,1
372,183,-1
376,183,1
1080,183,1
1461,183,-1
1462,183,1
39,184,1
315,184,-1
443,184,1
540,184,-1
315,185,-1
315,185,1
316,186,-1
1082,186,-1
1204,186,1
1738,186,1
40,187,1
316,187,-1
443,187,1
540,187,-1
317,188,1
443,188,1
540,188,-1
317,189,1
443,189,1
540,189,-1
316,190,-1
316,190,1
443,191,1
540,191,-1
1071,191,-1
1080,191,1
1688,191,1
1738,191,1
92,192,-1
92,192,1
321,192,1
1248,193,-1
1249,193,1
1684,193,1
1685,193,1
1692,193,-1
338,194,1
344,194,-1
1080,194,-1
1461,194,1
1462,194,-1
339,195,1
345,195,-1
1461,195,1
1462,195,-1
340,196,1
349,196,-1
1080,196,-1
1461,196,1
1462,196,-1
322,197,1
1080,197,1
1461,197,-1
1462,197,1
332,198,-1
1082,198,1
1293,198,1
331,199,1
1028,199,-1
1030,199,1
1082,199,1
334,200,1
340,200,-1
267,201,1
1080,201,1
1461,201,-1
1462,201,1
336,202,-1
342,202,1
1080,202,-1
1082,202,1
1461,202,1
1462,202,-1
1549,202,-1
336,203,1
343,203,-1
262,204,1
337,204,-1
1080,204,-1
1082,204,1
1461,204,1
1462,204,-1
1549,204,-1
337,205,1
338,205,-1
1080,205,-1
1082,205,1
1461,205,1
1462,205,-1
1549,205,-1
338,206,-1
338,206,1
264,207,1
1080,207,1
1461,207,-1
1462,207,1
333,208,1
339,208,-1
265,209,1
335,209,-1
1080,209,-1
1082,209,1
1461,209,1
1462,209,-1
1549,209,-1
341,210,-1
353,210,1
342,211,-1
342,211,1
341,212,1
1080,212,-1
1461,212,1
1462,212,-1
342,213,1
347,213,-1
1080,213,-1
1461,213,1
1462,213,-1
343,214,1
348,214,-1
1080,214,-1
1461,214,1
1462,214,-1
669,215,1
1080,215,1
1461,215,-1
1462,215,1
1790,215,1
284,216,1
364,216,-1
1080,216,1
1459,216,-1
1460,216,1
390,217,1
391,217,-1
857,217,1
1082,217,-1
1738,217,1
2307,217,1
908,218,1
1082,218,-1
2090,218,-1
2091,218,1
412,219,-1
413,219,1
497,219,1
540,219,-1
749,219,-1
1684,219,1
277,220,1
1082,220,-1
1623,220,-1
2068,220,1
443,221,1
540,221,-1
1082,221,-1
1738,221,1
2103,221,-1
2103,221,1
593,222,-1
593,222,1
443,223,1
540,223,-1
1082,223,-1
1738,223,1
1779,223,1
443,224,1
540,224,-1
598,224,-1
598,224,1
1082,224,-1
1738,224,1
443,225,1
540,225,-1
1738,225,1
2104,225,1
443,226,1
540,226,-1
1082,226,-1
1738,226,1
1779,226,-1
1779,226,1
443,227,1
540,227,-1
1082,227,-1
1738,227,1
1779,227,-1
1779,227,1
443,228,1
540,228,-1
598,228,1
1082,228,-1
1738,228,1
443,229,1
540,229,-1
1082,229,-1
1738,229,1
2190,229,1
501,230,-1
1056,230,1
1082,230,-1
1364,230,1
602,231,1
1082,231,-1
1655,231,1
1656,231,-1
133,232,1
1082,232,-1
1287,232,-1
1775,232,1
1018,233,1
1082,233,-1
2071,233,1
397,234,1
2018,234,1
2022,234,-1
577,235,1
1078,235,-1
2018,235,1
251,236,1
749,236,1
2072,236,-1
900,237,1
1803,237,1
1804,237,-1
589,238,-1
801,238,1
900,238,1
413,239,1
547,239,-1
749,239,1
1082,239,1
424,240,1
425,240,-1
1327,240,-1
426,241,-1
427,241,1
1277,241,-1
443,242,1
540,242,-1
547,242,1
660,242,-1
1362,242,0
1551,242,1
1738,242,1
749,243,1
1082,243,-1
1325,243,1
1327,243,-1
4,244,-1
1083,244,1
1549,244,-1
2316,244,1
43,245,1
1082,245,-1
1406,245,-1
1738,245,1
434,246,-1
1082,246,1
1752,246,1
497,247,1
540,247,-1
749,247,-1
1684,247,1
2052,247,1
497,248,1
540,248,-1
749,248,-1
1324,248,-1
1326,248,1
1684,248,1
497,249,1
540,249,-1
749,249,-1
1684,249,1
2051,249,-1
2052,249,1
497,250,1
540,250,-1
749,250,-1
1082,250,1
1574,250,-1
1577,250,1
1684,250,1
399,251,-1
400,251,1
497,251,1
540,251,-1
749,251,-1
1082,251,1
1684,251,1
497,252,1
540,252,-1
749,252,-1
1574,252,-1
1577,252,1
1684,252,1
497,253,1
540,253,-1
749,253,-1
1684,253,1
1888,253,-1
1889,253,1
497,254,1
601,254,1
602,254,-1
1684,254,1
497,255,1
540,255,-1
547,255,1
749,255,-1
1684,255,1
466,256,1
648,256,1
1082,256,-1
466,257,1
648,257,1
1082,257,-1
1082,258,-1
1218,258,1
1515,258,1
1080,259,-1
1082,259,-1
1194,259,1
1438,259,-1
2217,259,1
1080,260,-1
1082,260,-1
1440,260,-1
2139,260,1
2217,260,1
1080,261,1
1459,261,-1
1460,261,1
1805,261,1
1806,261,-1
439,262,-1
440,262,1
441,262,-1
1080,263,1
1142,263,1
1549,263,-1
443,264,-1
497,264,1
540,264,1
540,265,1
749,265,1
1738,265,-1
1907,265,-1
1908,265,1
443,266,-1
543,266,1
886,266,-1
1738,266,-1
443,267,-1
497,267,1
968,267,1
447,268,-1
497,268,1
1082,268,-1
1757,268,1
457,269,-1
458,269,1
1082,269,-1
1082,270,-1
1097,270,1
1252,270,1
1513,270,-1
464,271,-1
470,271,1
831,271,-1
457,272,1
464,272,-1
1082,272,-1
464,273,-1
464,273,1
466,274,-1
466,274,1
469,275,-1
469,275,1
443,276,1
540,276,-1
1283,276,1
1315,276,-1
590,277,1
592,277,-1
1073,277,1
1082,277,1
1549,277,-1
2076,277,-1
2176,277,1
559,278,1
568,278,-1
1082,278,-1
1100,278,1
476,279,-1
478,279,1
1941,279,-1
477,280,-1
479,280,1
530,280,-1
206,281,1
477,281,1
478,281,-1
478,282,-1
478,282,1
480,283,-1
481,283,1
55,284,-1
903,284,1
1957,284,1
483,285,-1
623,285,1
1080,285,1
31,286,1
32,286,-1
443,286,1
540,286,-1
31,287,1
32,287,-1
443,287,1
540,287,-1
31,288,1
32,288,-1
443,288,1
540,288,-1
458,289,-1
459,289,1
1080,289,-1
1461,289,1
1462,289,-1
606,290,1
609,290,-1
1461,290,-1
1462,290,1
772,291,-1
1080,291,-1
1267,291,1
1461,291,1
1462,291,-1
774,292,1
1054,292,-1
1080,292,-1
1461,292,1
1462,292,-1
852,293,1
871,293,-1
1080,293,1
1462,293,1
1080,294,-1
1461,294,1
1462,294,-1
1772,294,1
2165,295,1
2253,295,-1
443,296,1
540,296,-1
2242,296,1
393,297,-1
394,297,1
1728,297,-1
2062,297,1
1080,298,1
1082,298,1
1585,298,1
2129,298,-1
669,299,1
749,299,1
1071,299,-1
1080,299,-1
1907,299,-1
2129,299,1
2190,299,0
489,300,-1
491,300,1
289,301,-1
479,301,0
481,301,0
710,301,1
1080,301,1
1082,301,-1
1461,301,-1
1462,301,1
795,302,1
969,302,-1
1080,302,1
1082,302,-1
1459,302,-1
1460,302,1
647,303,-1
648,303,1
1080,303,1
1082,303,-1
1460,303,1
56,304,-1
669,304,1
1080,304,1
1082,304,-1
1461,304,-1
1462,304,1
1958,304,1
56,305,-1
669,305,1
1080,305,1
1082,305,-1
1461,305,-1
1462,305,1
1958,305,1
1080,306,1
1082,306,-1
1102,306,-1
1459,306,-1
1460,306,1
1574,306,1
1080,307,1
1459,307,-1
1460,307,1
2281,307,1
1080,308,1
1082,308,-1
1148,308,-1
1459,308,-1
1460,308,1
1574,308,1
1080,309,1
1082,309,-1
1148,309,-1
1459,309,-1
1460,309,1
1574,309,1
274,310,1
275,310,-1
1080,310,1
1459,310,-1
1460,310,1
1080,311,1
1082,311,-1
1249,311,1
1250,311,-1
1459,311,-1
1460,311,1
586,312,1
1082,312,-1
1459,312,-1
1460,312,1
1080,313,1
1082,313,-1
1459,313,-1
1460,313,1
1949,313,-1
1950,313,1
799,314,1
947,314,-1
969,314,1
1293,315,-1
1300,315,1
1549,315,-1
72,316,1
82,316,-1
1461,316,-1
1462,316,1
73,317,1
82,317,-1
1462,317,1
82,318,1
797,318,-1
1549,318,-1
83,319,1
1549,319,-1
81,320,1
1549,320,-1
101,321,-1
111,321,1
1462,321,1
99,322,1
104,322,-1
1461,322,-1
1462,322,1
1549,323,-1
1597,323,1
1,324,1
1549,324,-1
119,325,-1
125,325,1
104,326,1
1549,326,-1
105,327,1
1549,327,-1
103,328,1
842,328,-1
1549,328,-1
493,329,-1
494,329,1
495,329,-1
97,330,1
1461,330,-1
1462,330,1
297,331,1
1461,331,-1
1462,331,1
298,332,1
1461,332,-1
1462,332,1
378,333,1
1461,333,-1
1462,333,1
367,334,-1
377,334,1
1461,334,-1
1462,334,1
370,335,1
1461,335,-1
1462,335,1
443,336,1
496,336,-1
540,336,-1
2247,336,1
1549,337,-1
1801,337,1
82,338,-1
365,338,1
1549,338,-1
1412,339,1
1549,339,-1
86,340,-1
93,340,1
1549,340,-1
88,341,-1
1300,341,1
1549,341,-1
268,342,1
1549,342,-1
367,343,1
1549,343,-1
269,344,1
1549,344,-1
368,345,1
1549,345,-1
369,346,1
1549,346,-1
303,347,1
1549,347,-1
119,348,-1
304,348,1
1549,348,-1
303,349,-1
329,349,1
1549,349,-1
330,350,1
1549,350,-1
371,351,1
1549,351,-1
372,352,1
839,352,-1
1549,352,-1
312,353,1
862,353,-1
1549,353,-1
67,354,-1
1146,354,1
571,355,1
1082,355,-1
1738,355,1
2266,355,-1
443,356,1
540,356,-1
497,357,-1
1082,357,-1
1194,357,1
1515,357,1
443,358,0
559,358,1
1082,358,-1
1738,358,1
497,359,-1
502,359,-1
503,359,1
307,360,1
987,360,1
1514,360,1
1957,360,-1
1080,361,1
1082,361,-1
1083,361,1
1188,361,1
1514,361,1
1549,361,-1
288,362,1
1080,362,1
1082,362,-1
1083,362,1
1514,362,1
1549,362,-1
604,363,1
605,363,-1
1080,363,1
1082,363,-1
1083,363,1
1514,363,1
1549,363,-1
1082,364,-1
1083,364,1
1549,364,-1
1599,364,1
1754,365,-1
1807,365,1
521,366,-1
522,366,1
2291,366,-1
497,367,1
558,367,-1
1684,367,1
443,368,1
540,368,-1
1582,368,1
619,369,-1
745,369,1
1082,369,-1
1835,369,1
739,370,1
1082,370,-1
1835,370,1
651,371,-1
651,371,1
568,372,1
569,372,-1
2084,372,-1
2218,372,1
568,373,1
2161,373,1
2219,373,-1
533,374,-1
548,374,1
1697,374,-1
1888,374,1
549,375,1
1699,375,-1
1888,375,1
648,376,1
1082,376,-1
1242,376,1
1082,377,-1
1242,377,1
1514,377,1
1082,378,-1
1242,378,1
1259,378,1
1423,378,1
2085,378,-1
497,379,1
532,379,1
540,379,-1
1242,379,-1
1243,379,-1
1684,379,1
536,380,-1
536,380,1
38,381,1
443,381,1
540,381,-1
543,382,-1
544,382,1
1082,382,1
525,383,-1
557,383,-1
749,383,1
2083,383,1
749,384,1
1577,384,-1
1578,384,1
749,385,1
2087,385,1
2091,385,-1
749,386,1
781,386,1
1314,386,-1
101,387,1
797,387,-1
1549,387,-1
107,388,1
1549,388,-1
108,389,1
1549,389,-1
121,390,1
862,390,-1
1549,390,-1
429,391,0
742,391,1
1082,391,-1
2067,391,1
554,392,-1
1081,392,-1
1082,392,1
1456,392,1
1461,392,-1
1462,392,1
1549,392,-1
547,393,-1
660,393,1
749,393,1
1082,393,-1
1552,393,-1
553,394,-1
654,394,-1
1436,394,1
643,395,-1
1082,395,-1
1775,395,1
1840,395,1
555,396,1
1080,396,1
1082,396,-1
1738,396,1
292,397,1
555,397,-1
1097,397,1
1549,397,-1
540,398,-1
1684,398,1
2106,398,1
540,399,-1
1684,399,1
2106,399,1
781,400,1
1082,400,-1
1178,400,1
1217,401,-1
1660,401,1
2058,401,0
484,402,-1
485,402,1
540,402,-1
749,402,-1
1684,402,1
2074,402,1
540,403,-1
749,403,-1
1269,403,1
1281,403,-1
1684,403,1
2074,403,1
2070,404,-1
2070,404,1
559,405,1
1082,405,-1
1919,405,1
497,406,1
1082,406,-1
1580,406,-1
1738,406,1
562,407,1
570,407,-1
1168,407,-1
1422,407,1
471,408,-1
1082,408,-1
1749,408,1
2039,408,1
453,409,0
952,409,-1
954,409,1
993,409,1
451,410,-1
452,410,-1
453,410,1
1042,411,1
1082,411,-1
1302,411,1
593,412,-1
771,412,1
2082,412,1
2188,413,-1
2188,413,1
2188,414,-1
2188,414,1
2015,415,1
2063,415,1
2082,415,-1
582,416,1
611,416,-1
582,417,1
612,417,-1
582,418,1
2189,418,-1
771,419,-1
1901,419,1
2082,419,1
1553,420,-1
1556,420,1
1713,420,-1
545,421,-1
546,421,1
399,422,-1
399,422,1
63,423,1
399,423,-1
399,424,-1
1147,424,1
1549,424,-1
311,425,1
399,425,-1
1080,425,-1
1082,425,1
1461,425,1
1462,425,-1
1549,425,-1
380,426,1
399,426,-1
1080,426,-1
1082,426,1
1461,426,1
1462,426,-1
1549,426,-1
98,427,1
399,427,-1
1080,427,-1
1082,427,1
1461,427,1
1462,427,-1
1549,427,-1
130,428,1
1080,428,-1
1082,428,1
1461,428,1
1462,428,-1
1549,428,-1
158,429,1
399,429,-1
1080,429,-1
1082,429,1
1461,429,1
1549,429,-1
67,430,1
1549,430,-1
70,431,1
1549,431,-1
86,432,1
399,432,-1
1080,432,-1
1082,432,1
1461,432,1
1462,432,-1
1549,432,-1
88,433,1
1549,433,-1
332,434,1
399,434,-1
1549,434,-1
1549,435,-1
1615,435,1
1549,436,-1
1615,436,1
471,437,1
669,437,1
1240,437,-1
1050,438,1
1082,438,-1
1835,438,1
1931,438,-1
575,439,-1
576,439,1
849,439,1
1080,439,-1
575,440,1
576,440,-1
592,440,1
1037,441,-1
2018,441,1
2020,441,-1
2228,441,1
1038,442,-1
2018,442,1
2020,442,-1
2229,442,1
1040,443,-1
2018,443,1
2020,443,-1
2230,443,1
1041,444,-1
2018,444,1
2231,444,1
1052,445,-1
1053,445,1
2018,445,1
1044,446,1
2018,446,1
2021,446,-1
1067,447,-1
2011,447,1
2018,447,1
2021,447,-1
1059,448,1
2018,448,1
2023,448,-1
1059,449,1
2018,449,1
2023,449,-1
1235,450,1
2018,450,1
2024,450,-1
991,451,1
992,451,-1
2018,451,1
2022,451,-1
1917,452,1
2018,452,1
2022,452,-1
579,453,-1
580,453,1
1271,453,-1
1433,453,0
2021,453,0
1054,454,-1
1301,454,1
2018,454,1
1047,455,1
2018,455,1
2021,455,-1
1237,456,1
2018,456,1
2021,456,-1
1048,457,1
1450,457,-1
2018,457,1
2021,457,-1
1235,458,-1
1236,458,1
2018,458,1
197,459,-1
626,459,1
669,459,1
1549,459,-1
1908,459,1
581,460,1
669,460,1
749,460,-1
1228,460,-1
1459,460,-1
1460,460,1
443,461,1
540,461,-1
2237,461,1
1549,462,-1
2089,462,1
513,463,1
1549,463,-1
2099,463,1
2102,463,-1
582,464,-1
582,464,1
244,465,-1
412,465,1
1080,465,1
1459,465,-1
1460,465,1
586,466,-1
586,466,1
592,467,1
2243,467,1
2244,467,-1
591,468,1
592,468,-1
2163,468,1
828,469,1
1100,469,-1
1256,469,1
1080,470,1
1256,470,1
1831,470,-1
489,471,-1
594,471,1
595,472,1
1034,472,-1
593,473,1
595,473,-1
1034,473,1
593,474,-1
593,474,1
489,475,1
593,475,1
594,475,-1
593,476,1
603,476,-1
1461,476,1
1462,476,-1
598,477,-1
598,477,1
443,478,1
540,478,-1
1791,478,-1
2255,478,1
38,479,-1
141,479,1
437,480,1
1082,480,-1
1265,480,1
2040,480,-1
1080,481,1
1270,481,-1
1270,481,1
1080,482,-1
1080,482,1
1270,482,-1
1270,482,1
449,483,1
1080,483,1
1082,483,-1
1459,483,-1
1463,483,1
583,484,-1
593,484,1
1056,484,1
1082,484,-1
1461,484,1
1462,484,-1
620,485,-1
1080,485,-1
1082,485,1
1461,485,1
1462,485,-1
1549,485,-1
1732,485,1
1042,486,1
1070,486,1
1082,486,-1
1010,487,-1
1011,487,1
1042,487,1
1082,487,-1
490,488,1
2104,488,-1
489,489,1
490,489,-1
2104,489,1
2103,490,-1
2103,490,1
894,491,-1
2105,491,1
894,492,1
2104,492,1
2105,492,-1
1051,493,1
1052,493,1
1069,493,-1
1082,493,-1
443,494,1
540,494,-1
547,494,-1
660,494,0
1096,494,-1
1340,494,0
1413,494,1
1738,494,1
443,495,1
540,495,-1
547,495,-1
660,495,0
1340,495,0
1413,495,1
1738,495,1
755,496,1
899,496,-1
900,496,1
14,497,1
1080,497,-1
1082,497,1
1446,497,-1
625,498,-1
1080,498,1
1446,498,1
1738,498,1
443,499,1
540,499,-1
625,499,1
1080,499,1
1082,499,-1
1096,499,-1
1248,499,-1
1249,499,1
1738,499,1
443,500,1
623,500,-1
1080,500,1
1242,500,-1
1738,500,1
1811,500,1
626,501,-1
626,501,1
443,502,1
540,502,-1
1080,502,1
1462,502,1
1738,502,1
1807,502,-1
568,503,1
569,503,-1
572,503,1
443,504,1
540,504,-1
627,504,1
1251,504,-1
1738,504,1
2092,504,-1
630,505,-1
631,505,1
834,506,-1
835,506,1
1461,506,1
1462,506,-1
600,507,1
1246,507,1
1247,507,-1
635,508,-1
1947,508,1
635,509,1
1946,509,1
1947,509,-1
1574,510,-1
1574,510,1
449,511,1
1080,511,1
1082,511,-1
1459,511,-1
1463,511,1
226,512,1
1244,512,-1
1549,512,-1
662,513,1
781,513,-1
1586,513,1
662,514,1
781,514,-1
1586,514,1
641,515,-1
662,515,1
967,515,-1
1621,515,1
662,516,1
1219,516,-1
1624,516,1
662,517,1
781,517,-1
1600,517,1
1060,518,1
1087,518,-1
1087,518,1
443,519,1
540,519,-1
615,519,1
643,519,-1
643,520,-1
2110,520,1
644,521,1
645,521,-1
1675,521,1
643,522,1
645,522,1
1565,522,0
2110,522,-1
584,523,1
671,523,-1
1080,523,1
1082,523,-1
1423,523,1
650,524,-1
651,524,1
1082,524,-1
1276,524,1
756,525,1
1028,525,-1
1561,525,1
587,526,1
742,526,-1
2195,526,-1
2196,526,1
1890,527,-1
1891,527,1
1895,527,1
1896,527,-1
2018,528,1
2023,528,-1
2119,528,1
2018,529,1
2022,529,-1
2120,529,1
655,530,1
656,530,-1
1580,530,1
1581,530,-1
1232,531,1
1580,531,1
1581,531,-1
621,532,1
1580,532,1
1581,532,-1
2120,532,-1
2018,533,1
2119,533,-1
2120,533,1
2018,534,1
2023,534,-1
2119,534,1
573,535,-1
1169,535,1
1537,535,1
1538,535,1
1539,535,-1
658,536,-1
659,536,1
48,537,-1
1346,537,1
1586,537,1
49,538,-1
1346,538,1
1600,538,1
1082,539,-1
1276,539,1
1346,539,1
661,540,-1
2109,540,1
1082,541,-1
1558,541,1
1559,541,-1
2160,541,1
663,542,-1
761,542,1
1082,542,-1
1738,542,1
1071,543,1
1082,543,-1
1244,543,1
235,544,1
670,544,-1
1328,544,-1
1370,544,-1
1498,544,-1
1968,544,-1
443,545,1
540,545,-1
749,545,1
540,546,-1
836,546,1
1661,546,-1
1684,546,1
216,547,-1
239,547,1
568,547,1
569,547,-1
830,548,-1
850,548,1
1080,548,-1
1082,548,1
1461,548,1
1462,548,-1
1549,548,-1
932,549,-1
1082,549,-1
1684,549,1
2190,549,-1
2192,549,1
2191,550,1
2192,550,-1
684,551,-1
685,551,1
737,551,0
1641,551,-1
669,552,1
1083,552,1
1549,552,-1
1674,552,1
626,553,-1
749,553,1
1258,553,1
1413,553,0
1793,553,0
1080,554,-1
1082,554,1
1407,554,1
1461,554,1
1462,554,-1
1549,554,-1
520,555,-1
692,555,1
1141,555,-1
227,556,1
1080,556,1
1267,556,-1
1459,556,-1
1460,556,1
1080,557,-1
1461,557,1
1462,557,-1
1570,557,-1
1673,557,1
619,558,1
695,558,1
1082,558,-1
699,559,-1
699,559,1
709,560,1
976,560,-1
168,561,1
705,561,1
706,561,-1
631,562,-1
708,562,1
631,563,1
707,563,1
708,563,-1
576,564,1
711,564,1
712,564,-1
711,565,-1
712,565,1
1080,565,-1
1459,565,1
1460,565,-1
714,566,1
1549,566,-1
713,567,1
714,567,-1
1080,567,-1
1461,567,1
1462,567,-1
1521,567,-1
1522,567,1
120,568,1
1080,568,-1
1461,568,1
1462,568,-1
1549,568,-1
8,569,-1
164,569,1
1080,569,-1
1082,569,1
1461,569,1
1549,569,-1
161,570,-1
715,570,1
716,570,-1
1080,570,-1
1082,570,1
1210,570,1
1461,570,1
1462,570,-1
1549,570,-1
1686,570,1
59,571,-1
677,571,1
1080,571,-1
1082,571,1
1461,571,1
1462,571,-1
1549,571,-1
1658,571,0
127,572,1
676,572,-1
1080,572,-1
1082,572,1
1461,572,1
1462,572,-1
1549,572,-1
676,573,1
1080,573,-1
1082,573,1
1461,573,1
1462,573,-1
1549,573,-1
127,574,-1
492,574,1
1080,574,-1
1082,574,1
1461,574,1
1462,574,-1
1549,574,-1
113,575,1
1080,575,-1
1082,575,1
1461,575,1
1462,575,-1
1549,575,-1
1571,575,-1
112,576,1
1080,576,-1
1082,576,1
1461,576,1
1462,576,-1
1549,576,-1
112,577,-1
647,577,1
807,577,1
1080,577,-1
1082,577,1
1461,577,1
1462,577,-1
1549,577,-1
1658,577,0
113,578,-1
504,578,1
647,578,1
1080,578,-1
1082,578,1
1461,578,1
1462,578,-1
1549,578,-1
574,579,-1
717,579,-1
718,579,1
504,580,-1
852,580,1
1080,580,-1
1082,580,1
1097,580,1
1461,580,1
1462,580,-1
1549,580,-1
871,581,1
1080,581,-1
1082,581,1
1097,581,1
1461,581,1
1462,581,-1
1549,581,-1
1952,581,-1
356,582,1
646,582,1
1080,582,-1
1082,582,1
1461,582,1
1462,582,-1
1549,582,-1
456,583,-1
460,583,1
1080,583,-1
1082,583,1
1461,583,1
1462,583,-1
1549,583,-1
456,584,-1
462,584,1
1080,584,-1
1082,584,1
1461,584,1
1462,584,-1
1549,584,-1
464,585,1
1080,585,-1
1082,585,1
1461,585,1
1462,585,-1
1549,585,-1
295,586,1
479,586,0
481,586,0
871,586,-1
1080,586,-1
1082,586,1
1461,586,1
1462,586,-1
1549,586,-1
58,587,1
1080,587,-1
1082,587,1
1461,587,1
1462,587,-1
1549,587,-1
1571,587,-1
57,588,1
113,588,-1
1080,588,-1
1082,588,1
1461,588,1
1462,588,-1
1549,588,-1
701,589,-1
702,589,1
1080,589,-1
1082,589,1
1461,589,1
1462,589,-1
1549,589,-1
700,590,1
946,590,0
1080,590,-1
1082,590,1
1461,590,1
1462,590,-1
1549,590,-1
296,591,1
1080,591,-1
1082,591,1
1461,591,1
1549,591,-1
2088,591,-1
294,592,1
396,592,-1
1080,592,-1
1082,592,1
1461,592,1
1462,592,-1
1549,592,-1
333,593,1
334,593,-1
1080,593,-1
1082,593,1
1461,593,1
1462,593,-1
1549,593,-1
335,594,1
1080,594,-1
1082,594,1
1461,594,1
1462,594,-1
1549,594,-1
178,595,1
651,595,-1
1080,595,-1
1082,595,1
1461,595,1
1462,595,-1
36,596,1
946,596,0
1080,596,-1
1082,596,1
1461,596,1
1462,596,-1
1549,596,-1
460,597,-1
461,597,1
1080,597,-1
1082,597,1
1461,597,1
1462,597,-1
1549,597,-1
1080,598,-1
1082,598,1
1124,598,1
1461,598,1
1462,598,-1
1549,598,-1
1735,598,-1
1080,599,-1
1082,599,1
1121,599,1
1311,599,-1
1461,599,1
1462,599,-1
1549,599,-1
1082,600,1
1127,600,1
1461,600,1
1462,600,-1
1549,600,-1
1706,600,-1
1080,601,-1
1082,601,1
1144,601,1
1461,601,1
1462,601,-1
1549,601,-1
1940,601,-1
847,602,-1
1080,602,-1
1082,602,1
1103,602,1
1461,602,1
1462,602,-1
1549,602,-1
77,603,1
78,603,-1
1080,603,-1
1082,603,1
1461,603,1
1462,603,-1
1549,603,-1
79,604,1
1080,604,-1
1082,604,1
1461,604,1
1462,604,-1
1549,604,-1
248,605,1
1080,605,-1
1082,605,1
1342,605,-1
1461,605,1
1462,605,-1
1549,605,-1
399,606,-1
1080,606,-1
1082,606,1
1461,606,1
1462,606,-1
1549,606,-1
2122,606,1
168,607,1
1080,607,-1
1082,607,1
1461,607,1
1462,607,-1
1549,607,-1
296,608,1
1080,608,-1
1082,608,1
1461,608,1
1462,608,-1
1549,608,-1
2088,608,-1
131,609,1
399,609,-1
1080,609,-1
1082,609,1
1461,609,1
1462,609,-1
1549,609,-1
1080,610,-1
1082,610,1
1198,610,-1
1461,610,1
1462,610,-1
1549,610,-1
1569,610,1
653,611,1
1080,611,-1
1082,611,1
1461,611,1
1462,611,-1
1549,611,-1
721,612,-1
722,612,-1
725,612,1
1080,613,-1
1082,613,1
1284,613,-1
1448,613,1
1461,613,1
1462,613,-1
1549,613,-1
723,614,-1
724,614,1
2292,614,-1
456,615,-1
463,615,1
1080,615,-1
1082,615,1
1461,615,1
1462,615,-1
1549,615,-1
456,616,-1
464,616,1
1080,616,-1
1082,616,1
1461,616,1
1462,616,-1
1549,616,-1
354,617,1
1080,617,-1
1082,617,1
1461,617,1
1462,617,-1
1549,617,-1
1951,617,-1
354,618,1
1080,618,-1
1082,618,1
1461,618,1
1462,618,-1
1549,618,-1
1951,618,-1
1080,619,-1
1082,619,1
1408,619,1
1461,619,1
1462,619,-1
1549,619,-1
167,620,1
651,620,-1
1080,620,-1
1082,620,1
1461,620,1
1462,620,-1
1549,620,-1
65,621,1
789,621,-1
1080,621,-1
1082,621,1
1461,621,1
1462,621,-1
1549,621,-1
62,622,1
399,622,-1
1080,622,-1
1082,622,1
1461,622,1
1462,622,-1
1549,622,-1
213,623,1
254,623,-1
1080,623,-1
1082,623,1
1461,623,1
1462,623,-1
1549,623,-1
128,624,1
399,624,-1
1080,624,-1
1082,624,1
1461,624,1
1462,624,-1
1549,624,-1
159,625,1
1080,625,-1
1082,625,1
1294,625,-1
1461,625,1
1462,625,-1
1549,625,-1
160,626,1
1080,626,-1
1082,626,1
1461,626,1
1462,626,-1
1549,626,-1
2005,626,-1
159,627,1
1080,627,-1
1082,627,1
1294,627,-1
1461,627,1
1549,627,-1
132,628,1
1080,628,-1
1082,628,1
1461,628,1
1462,628,-1
1549,628,-1
1080,629,-1
1082,629,1
1461,629,1
1462,629,-1
1549,629,-1
2198,629,1
270,630,1
1080,630,-1
1082,630,1
1097,630,1
1272,630,-1
1461,630,1
1462,630,-1
1549,630,-1
364,631,1
651,631,-1
1080,631,-1
1082,631,1
1461,631,1
1462,631,-1
1480,631,0
1549,631,-1
652,632,1
1080,632,-1
1082,632,1
1461,632,1
1462,632,-1
1480,632,0
1549,632,-1
279,633,1
1080,633,-1
1082,633,1
1461,633,1
1462,633,-1
1549,633,-1
280,634,1
1080,634,-1
1082,634,1
1461,634,1
1462,634,-1
1549,634,-1
281,635,1
284,635,-1
1080,635,-1
1082,635,1
1461,635,1
1462,635,-1
1549,635,-1
78,636,1
797,636,-1
1080,636,-1
1082,636,1
1461,636,1
1462,636,-1
1549,636,-1
737,637,-1
737,637,1
669,638,-1
1080,638,1
1082,638,-1
1096,638,1
669,639,1
1080,639,-1
1082,639,1
1096,639,-1
669,640,1
1080,640,-1
1082,640,1
669,641,1
1080,641,-1
1082,641,1
1096,641,-1
669,642,1
1080,642,-1
1082,642,1
669,643,-1
1080,643,1
1082,643,-1
1096,643,1
669,644,-1
1080,644,1
1082,644,-1
1096,644,1
1080,645,1
1082,645,-1
1096,645,1
443,646,1
540,646,-1
1892,646,-1
2248,646,1
628,647,1
2164,647,1
2168,647,-1
1070,648,1
2018,648,1
2020,648,-1
749,649,1
1072,649,-1
2111,649,1
547,650,-1
553,650,1
749,650,1
443,651,1
540,651,-1
1593,651,1
742,652,-1
742,652,1
632,653,1
2113,653,-1
282,654,1
1080,654,1
1459,654,-1
1460,654,1
283,655,1
1080,655,1
1459,655,-1
1460,655,1
792,656,1
1080,656,-1
1461,656,1
1462,656,-1
379,657,1
657,657,-1
1080,657,-1
1082,657,1
1461,657,1
1462,657,-1
1549,657,-1
175,658,1
651,658,-1
1080,658,-1
1082,658,1
1461,658,1
1462,658,-1
1549,658,-1
651,659,1
1890,659,1
1891,659,-1
749,660,1
1072,660,-1
2114,660,1
618,661,-1
698,661,1
1580,661,1
618,662,1
1580,662,1
1581,662,-1
1080,663,-1
1352,663,-1
1353,663,1
1459,663,-1
1460,663,1
674,664,0
750,664,-1
1080,664,-1
1080,664,1
1459,664,1
1751,664,1
749,665,1
797,665,1
798,665,-1
1082,665,-1
443,666,1
540,666,-1
967,666,1
1082,667,-1
1083,667,1
1549,667,-1
1567,667,1
2188,667,-1
629,668,1
754,668,-1
1825,668,-1
677,669,-1
677,669,1
678,670,-1
1080,670,-1
1082,670,1
1098,670,1
1461,670,1
1462,670,-1
1549,670,-1
678,671,-1
1080,671,-1
1082,671,1
1098,671,1
1461,671,1
1462,671,-1
694,672,1
1542,672,-1
1542,672,1
243,673,1
755,673,-1
1082,673,-1
569,674,-1
1035,674,-1
1082,674,-1
1256,674,1
1684,674,1
1743,674,1
2128,674,1
683,675,-1
1080,675,-1
1082,675,1
1099,675,1
1461,675,1
1462,675,-1
1549,675,-1
756,676,-1
756,676,1
205,677,1
759,677,-1
1084,677,1
1365,677,1
1082,678,-1
1084,678,1
1261,678,1
2189,679,-1
2189,679,1
749,680,1
1082,680,-1
1325,680,1
1588,680,0
2223,681,-1
2223,681,1
673,682,-1
673,682,1
497,683,1
1082,683,-1
1757,683,1
749,684,1
1072,684,-1
2103,684,1
497,685,1
540,685,-1
633,685,-1
749,685,-1
1082,685,1
1684,685,1
2117,685,1
927,686,-1
927,686,1
968,687,1
1738,687,-1
1738,687,1
412,688,1
1080,688,1
1459,688,-1
1460,688,1
497,689,0
948,689,1
1082,689,-1
1738,689,1
799,690,1
885,690,-1
970,690,1
443,691,0
443,691,1
497,691,0
540,691,-1
540,691,0
660,691,0
768,691,0
885,691,1
443,692,1
540,692,-1
768,692,0
768,692,1
948,692,-1
856,693,-1
970,693,1
1826,693,1
948,694,-1
968,694,1
769,695,-1
1082,695,-1
1595,695,1
856,696,1
970,696,-1
2058,696,1
38,697,1
1080,697,1
1459,697,-1
1460,697,1
1738,697,-1
1757,698,1
1826,698,-1
2058,698,1
799,699,1
970,699,-1
1255,700,1
1336,700,-1
136,701,1
1431,701,0
1692,701,1
1738,701,0
1757,701,-1
2132,701,-1
497,702,1
540,702,-1
1692,702,1
1757,703,1
1790,703,-1
749,704,1
781,704,-1
1934,704,1
142,705,1
1082,705,-1
1276,705,1
443,706,1
540,706,-1
970,706,1
784,707,-1
785,707,1
786,708,-1
788,708,1
1596,708,-1
351,709,1
352,709,-1
1080,709,1
1082,709,-1
1684,709,1
1080,710,-1
1268,710,-1
1461,710,1
1462,710,-1
2322,710,1
825,711,1
1082,711,-1
1243,711,1
47,712,1
1082,712,-1
1276,712,1
1573,712,-1
767,713,-1
1082,713,-1
1083,713,1
1515,713,1
1549,713,-1
1551,713,1
1080,714,-1
1279,714,-1
1461,714,1
1462,714,-1
2305,714,1
647,715,1
970,715,1
2144,715,-1
749,716,1
781,716,-1
1934,716,1
2072,716,-1
749,717,1
799,717,-1
1017,717,1
2072,717,-1
799,718,-1
967,718,1
1080,718,-1
1459,718,1
1460,718,-1
800,719,-1
806,719,1
1080,719,-1
1082,719,1
1461,719,1
1462,719,-1
1549,719,-1
169,720,1
497,720,1
540,720,-1
802,720,-1
1684,720,1
169,721,1
497,721,1
540,721,-1
749,721,-1
1684,721,1
802,722,-1
802,722,1
166,723,1
1080,723,-1
1461,723,1
1462,723,-1
1858,723,0
1080,724,-1
1461,724,1
1462,724,-1
2059,724,-1
2061,724,1
373,725,-1
651,725,1
1080,725,-1
1461,725,1
1462,725,-1
568,726,1
806,726,-1
1080,726,1
1338,726,1
810,727,-1
1080,727,-1
1461,727,1
1462,727,-1
1957,727,1
811,728,-1
812,728,1
813,728,-1
810,729,1
927,729,-1
1080,729,-1
1461,729,1
1462,729,-1
810,730,1
927,730,-1
1080,730,-1
1461,730,1
1462,730,-1
815,731,-1
884,731,1
1246,731,1
1247,731,-1
817,732,-1
1676,732,1
1702,732,1
818,733,-1
819,733,-1
820,733,1
750,734,-1
1564,734,1
1751,734,1
1017,735,-1
1080,735,-1
1149,735,1
1461,735,1
1462,735,-1
1239,736,1
1343,736,-1
1932,736,1
2004,736,0
749,737,1
824,737,-1
1346,737,1
2072,737,-1
824,738,-1
824,738,1
987,739,-1
1080,739,1
1460,739,1
2209,739,1
646,740,1
1082,740,-1
1813,740,1
828,741,-1
828,741,1
1080,742,-1
1082,742,1
1333,742,1
1461,742,1
1462,742,-1
1549,742,-1
187,743,1
1076,743,1
1082,743,-1
2136,743,-1
840,744,-1
840,744,1
841,745,-1
841,745,1
843,746,-1
843,746,1
1071,747,1
1082,747,-1
1331,747,1
466,748,1
467,748,-1
1071,748,1
695,749,1
740,749,1
778,749,-1
1082,749,-1
699,750,1
846,750,-1
846,750,1
846,751,-1
846,751,1
1080,752,-1
1083,752,1
1461,752,1
1462,752,-1
1549,752,-1
138,753,1
1082,753,-1
849,754,-1
1082,754,-1
1083,754,-1
2232,754,1
2312,754,1
568,755,1
850,755,-1
1080,755,1
1750,755,1
899,756,-1
900,756,1
2310,756,1
326,757,1
327,757,-1
669,757,1
634,758,-1
747,758,1
2007,758,1
1080,759,-1
1082,759,1
1091,759,-1
1094,759,1
1461,759,1
1462,759,-1
1549,759,-1
1953,759,1
139,760,1
1082,760,1
1391,760,-1
76,761,1
1461,761,-1
1462,761,1
74,762,-1
75,762,1
1462,762,1
109,763,1
1461,763,-1
1462,763,1
110,764,1
1461,764,-1
1462,764,1
41,765,-1
42,765,1
91,766,1
1082,766,1
2152,766,-1
1738,767,1
2246,767,-1
2254,767,1
1349,768,1
1738,768,1
2249,768,-1
1349,769,1
1738,769,1
2254,769,-1
1082,770,-1
1606,770,1
1738,770,1
2267,770,-1
777,771,1
779,771,-1
1580,771,1
1581,771,-1
844,772,1
845,772,-1
999,773,1
1082,773,1
1269,773,-1
1459,773,1
1549,773,-1
485,774,-1
1082,774,1
1459,774,1
1460,774,-1
1549,774,-1
1821,774,1
400,775,1
796,775,-1
1082,775,1
1459,775,1
1460,775,-1
1549,775,-1
863,776,1
873,776,-1
1082,776,1
1459,776,1
1460,776,-1
1549,776,-1
1082,777,1
1459,777,1
1549,777,-1
1954,777,1
1977,777,-1
1082,778,1
1459,778,1
1460,778,-1
1549,778,-1
1977,778,1
781,779,-1
1690,779,-1
1747,779,1
823,780,-1
1183,780,1
1264,780,1
1461,780,1
1462,780,-1
1670,781,1
1671,781,-1
1692,781,0
669,782,1
780,782,1
1246,782,-1
1082,783,1
1247,783,1
1549,783,-1
816,784,1
851,784,-1
669,785,1
814,785,1
851,785,-1
780,786,-1
849,786,1
1082,786,1
1476,786,1
1549,786,-1
780,787,-1
780,787,1
1247,788,-1
1308,788,1
760,789,1
1247,789,-1
1298,790,1
2061,790,-1
1082,791,-1
2096,791,1
188,792,1
261,792,-1
809,793,1
859,793,-1
1082,793,-1
228,794,-1
230,794,1
1080,794,1
1459,794,-1
1460,794,1
228,795,1
1082,795,-1
253,796,1
669,796,1
749,796,1
1413,796,-1
255,797,1
669,797,1
749,797,1
1413,797,-1
1948,797,-1
256,798,1
669,798,1
749,798,1
1577,798,-1
252,799,1
669,799,1
749,799,1
1190,799,-1
743,800,1
1082,800,-1
1314,800,1
2213,800,-1
749,801,-1
1082,801,-1
1580,801,1
1661,801,1
607,802,1
608,802,-1
1082,802,-1
1080,803,-1
1411,803,1
864,804,-1
867,804,1
868,805,1
1681,805,-1
865,806,1
1082,806,-1
1738,806,1
866,807,1
1082,807,-1
1738,807,1
735,808,-1
736,808,1
1637,808,0
1028,809,1
1082,809,-1
1805,809,-1
2178,809,1
737,810,0
1024,810,-1
1024,810,1
443,811,1
540,811,-1
872,811,-1
1603,811,1
875,812,1
876,812,-1
1751,812,1
877,813,-1
878,813,1
1028,813,-1
878,814,-1
879,814,1
1249,814,1
880,815,1
1071,815,1
1082,815,-1
1163,816,1
2018,816,1
2024,816,-1
1163,817,-1
1164,817,1
2018,817,1
1162,818,1
2018,818,1
2023,818,-1
1058,819,-1
1166,819,1
2018,819,1
643,820,1
743,820,1
1082,820,-1
167,821,-1
167,821,1
178,822,-1
178,822,1
1054,823,-1
1054,823,1
679,824,0
680,824,0
681,824,0
764,824,1
766,824,0
1080,824,-1
1080,824,1
1082,824,1
1549,824,-1
750,825,-1
750,825,1
765,825,1
1080,825,-1
1080,825,1
1751,825,-1
1751,825,1
669,826,1
749,826,1
848,826,1
1082,826,1
1415,826,-1
1462,826,-1
669,827,1
749,827,1
1082,827,1
1415,827,-1
1461,827,1
1462,827,-1
1977,827,1
669,828,1
749,828,1
1082,828,1
1415,828,-1
1462,828,-1
1981,828,1
669,829,1
749,829,1
838,829,1
863,829,-1
1082,829,1
1415,829,-1
1461,829,1
1462,829,-1
669,830,1
749,830,1
796,830,1
1082,830,1
1415,830,-1
1461,830,1
1462,830,-1
669,831,1
749,831,1
873,831,1
1082,831,1
1415,831,-1
1461,831,1
1462,831,-1
1821,831,-1
709,832,-1
709,832,1
540,833,1
544,833,-1
886,833,1
1080,833,-1
1080,833,1
72,834,-1
1082,834,-1
1409,834,1
1082,835,-1
1410,835,1
97,836,-1
1082,836,-1
1594,836,1
370,837,-1
1082,837,-1
1798,837,1
479,838,0
481,838,0
617,838,-1
882,838,1
1080,838,-1
1082,838,1
1461,838,1
1462,838,-1
1549,838,-1
196,839,1
1082,839,-1
1425,839,1
1514,839,1
1084,840,1
1244,840,-1
1244,840,0
1253,840,1
1084,841,1
1100,841,-1
1100,841,0
1109,841,1
197,842,-1
197,842,1
1316,842,-1
1316,842,1
197,843,-1
197,843,1
1211,843,-1
1211,843,1
1239,844,1
1244,844,-1
2303,844,1
626,845,1
1258,845,-1
1258,845,1
362,846,-1
737,846,-1
737,846,1
953,846,0
1199,846,-1
1199,846,1
1220,846,1
1740,846,0
1832,846,-1
1833,846,1
1903,846,-1
1904,846,1
1916,846,-1
2041,846,-1
2053,846,0
2062,846,1
1114,847,-1
1115,847,1
1372,847,0
1665,847,0
1879,847,0
804,848,1
805,848,-1
1882,848,0
403,849,1
404,849,-1
405,849,0
1665,849,0
406,850,1
407,850,-1
1665,850,0
421,851,1
422,851,-1
1665,851,0
432,852,-1
433,852,1
1665,852,0
435,853,1
436,853,-1
1665,853,0
473,854,1
474,854,-1
1665,854,0
486,855,1
487,855,-1
488,855,0
870,855,0
1665,855,0
505,856,-1
506,856,1
1665,856,0
1669,856,0
507,857,1
508,857,-1
1665,857,0
514,858,-1
515,858,1
1665,858,0
516,859,-1
517,859,1
1665,859,0
518,860,1
519,860,-1
1665,860,0
414,861,1
415,861,-1
1871,861,0
417,862,1
418,862,-1
1872,862,0
1819,863,1
1820,863,-1
1875,863,0
302,864,1
636,864,-1
1665,864,0
1669,864,0
686,865,1
687,865,-1
1665,865,0
1787,865,0
688,866,1
689,866,-1
1665,866,0
479,867,0
481,867,0
719,867,1
720,867,-1
1665,867,0
728,868,1
729,868,-1
1665,868,0
732,869,1
733,869,-1
1480,869,0
1665,869,0
1401,870,1
1402,870,-1
1878,870,0
860,871,1
861,871,-1
1861,871,0
890,872,1
891,872,-1
1665,872,0
901,873,1
902,873,-1
1665,873,0
1665,874,0
1827,874,1
1828,874,-1
922,875,1
923,875,-1
1665,875,0
911,876,1
912,876,-1
1863,876,0
909,877,1
910,877,-1
1665,877,0
1865,877,0
905,878,1
907,878,-1
1874,878,0
963,879,1
964,879,-1
1665,879,0
1000,880,1
1001,880,-1
1665,880,0
1026,881,1
1027,881,-1
1665,881,0
996,882,1
997,882,-1
1883,882,0
1019,883,-1
1020,883,1
1873,883,0
1118,884,1
1119,884,-1
1665,884,0
1116,885,1
1117,885,-1
1665,885,0
1864,885,0
1191,886,1
1192,886,-1
1884,886,0
730,887,1
731,887,-1
1881,887,0
1291,888,1
1292,888,-1
1877,888,0
1816,889,1
1817,889,-1
1880,889,0
1334,890,1
1335,890,-1
1665,890,0
1403,891,1
1404,891,-1
1885,891,0
1527,892,1
1528,892,-1
1531,892,0
1665,892,0
1788,892,0
1604,893,1
1605,893,-1
1665,893,0
1649,894,1
1650,894,-1
1665,894,0
1663,895,1
1664,895,-1
1665,895,0
2238,895,0
1653,896,1
1654,896,-1
1886,896,0
1665,897,0
1782,897,1
1783,897,-1
1665,898,0
1910,898,1
1911,898,-1
1848,899,1
1849,899,-1
1887,899,0
1665,900,0
1961,900,1
1962,900,-1
1866,901,0
1964,901,1
1965,901,-1
1665,902,0
1974,902,1
1975,902,-1
1665,903,0
1979,903,1
1980,903,-1
1665,904,0
1992,904,1
1993,904,-1
1665,905,0
2027,905,1
2028,905,-1
582,906,-1
610,906,1
1254,906,1
1233,907,-1
1233,907,1
888,908,1
2017,908,-1
887,909,1
888,909,-1
937,910,1
939,910,-1
1080,910,-1
936,911,1
937,911,-1
191,912,1
1082,912,1
1549,912,-1
399,913,1
455,913,-1
872,913,1
1082,913,-1
399,914,1
455,914,-1
872,914,1
1082,914,-1
895,915,-1
896,915,1
1276,915,-1
669,916,1
1552,916,-1
1723,916,1
903,917,-1
1082,917,1
1194,917,1
749,918,1
1150,918,1
1461,918,1
1462,918,-1
1577,918,-1
749,919,1
1080,919,-1
1150,919,1
1461,919,1
1462,919,-1
1577,919,-1
827,920,-1
1025,920,1
1684,920,1
904,921,1
1205,921,-1
1684,921,1
913,922,-1
914,922,1
915,922,1
1080,922,1
944,923,-1
1080,923,1
1728,923,0
2190,923,1
917,924,-1
918,924,-1
919,924,1
920,925,1
2293,925,-1
956,926,1
993,926,1
1035,926,-1
443,927,1
483,927,1
540,927,-1
1080,927,1
1738,927,1
443,928,1
540,928,-1
921,928,1
1080,928,1
1082,928,-1
1248,928,-1
1249,928,1
1738,928,1
5,929,1
925,929,-1
1934,929,-1
540,930,-1
899,930,1
1684,930,1
2190,931,-1
2190,931,1
2190,932,-1
2190,932,1
1080,933,-1
1082,933,1
1461,933,1
1462,933,-1
1549,933,-1
1935,933,-1
1936,933,1
1080,934,-1
1082,934,1
1396,934,-1
1397,934,1
1461,934,1
1462,934,-1
1549,934,-1
1080,935,-1
1082,935,1
1461,935,1
1462,935,-1
1549,935,-1
1966,935,-1
1967,935,1
928,936,-1
929,936,1
927,937,1
928,937,1
929,937,-1
319,938,-1
320,938,1
443,938,1
540,938,-1
1738,938,1
443,939,1
540,939,-1
1249,939,-1
1738,939,1
1958,939,1
1205,940,-1
1684,940,1
2077,940,1
993,941,1
994,941,-1
1078,941,1
993,942,1
1303,942,-1
1304,942,1
993,943,1
1305,943,-1
1306,943,1
993,944,1
1079,944,1
2011,944,-1
993,945,1
994,945,-1
2162,945,1
993,946,1
2010,946,-1
2294,946,1
993,947,1
1303,947,1
2011,947,-1
993,948,1
994,948,-1
2295,948,1
993,949,1
1305,949,1
2013,949,-1
135,950,-1
913,950,1
914,950,-1
914,950,0
935,950,1
1239,950,1
751,951,-1
753,951,1
890,951,1
892,951,-1
1665,951,1
591,952,-1
592,952,1
945,952,1
1008,953,1
1009,953,-1
1135,953,0
1208,953,-1
1209,953,1
741,954,1
1348,954,-1
547,955,1
749,955,-1
798,955,1
749,956,-1
798,956,1
2282,956,1
1447,957,-1
1449,957,1
2018,957,1
2023,957,-1
905,958,-1
906,958,1
497,959,0
1015,959,0
1194,959,0
1670,959,-1
1671,959,1
135,960,1
934,960,-1
944,960,-1
948,961,1
1082,961,-1
1738,961,1
933,962,-1
1082,962,-1
1316,962,1
1233,963,1
1580,963,1
1581,963,-1
564,964,-1
950,964,1
438,965,1
566,965,-1
949,965,-1
563,966,-1
565,966,1
960,966,-1
47,967,1
749,967,1
2072,967,-1
47,968,1
749,968,1
2072,968,-1
1054,969,1
1082,969,-1
1738,969,1
968,970,-1
1054,970,1
1082,970,-1
1738,970,1
1054,971,1
1082,971,-1
1738,971,1
1054,972,1
1082,972,-1
2181,972,-1
2272,972,1
2020,973,1
2021,973,-1
443,974,1
540,974,-1
1049,974,1
1043,975,-1
1046,975,1
1082,975,-1
1835,975,1
966,976,1
2020,976,-1
2021,976,1
1080,977,1
1442,977,1
1688,977,-1
1957,977,1
2182,978,1
2274,978,-1
2183,979,1
2275,979,-1
2184,980,1
2276,980,-1
190,981,0
592,981,0
817,981,1
1035,981,-1
1082,981,-1
1097,981,1
1259,981,0
190,982,1
981,982,-1
982,982,-1
443,983,1
540,983,-1
1244,983,-1
1249,983,-1
1738,983,1
2179,983,1
967,984,1
1074,984,-1
1082,984,-1
1219,984,1
749,985,1
1035,985,1
1738,985,-1
1907,985,-1
1908,985,1
1022,986,1
1082,986,-1
1276,986,1
1312,986,-1
1022,987,1
1082,987,-1
1276,987,1
1312,987,-1
742,988,1
967,988,1
1082,988,-1
1244,989,1
1561,989,1
2179,989,-1
827,990,-1
1025,990,1
1684,990,1
904,991,1
1205,991,-1
1684,991,1
756,992,1
1028,992,-1
1082,992,-1
1249,992,1
1082,993,-1
1249,993,1
1330,993,1
1082,994,-1
1249,994,1
1591,994,1
1071,995,1
1082,995,-1
1591,995,-1
1592,995,1
1249,996,1
1776,996,-1
1777,996,1
1071,997,1
1082,997,-1
1777,997,-1
1778,997,1
99,998,-1
1028,998,-1
1590,998,1
1082,999,-1
1249,999,1
1295,999,-1
1296,999,1
467,1000,1
469,1000,-1
1082,1000,-1
1249,1000,1
1042,1001,1
1064,1001,1
1082,1001,-1
775,1002,1
1042,1002,1
1082,1002,-1
1129,1003,-1
1130,1003,1
1132,1004,-1
1133,1004,1
10,1005,1
1028,1005,-1
1337,1005,-1
1003,1006,1
1006,1006,-1
2215,1006,-1
1004,1007,-1
1005,1007,1
993,1008,1
1002,1008,1
1003,1008,-1
1029,1009,-1
1029,1009,1
615,1010,-1
615,1010,1
749,1011,1
1071,1011,-1
1906,1011,1
257,1012,1
443,1012,1
540,1012,-1
795,1012,-1
1080,1012,1
1080,1013,-1
1194,1013,1
1461,1013,1
1462,1013,-1
1515,1013,1
568,1014,1
569,1014,-1
1071,1014,-1
1813,1014,1
948,1015,1
1062,1015,-1
1082,1015,-1
1515,1015,1
197,1016,-1
1249,1016,1
1552,1016,1
249,1017,1
1244,1017,-1
1249,1017,1
742,1018,1
967,1018,1
1022,1018,-1
1082,1018,-1
872,1019,1
967,1019,1
1082,1019,-1
100,1020,1
101,1020,-1
1030,1020,1
1082,1020,1
102,1021,1
104,1021,-1
1028,1021,-1
1030,1021,1
1082,1021,1
114,1022,1
115,1022,-1
1028,1022,-1
1030,1022,1
1082,1022,1
119,1023,1
120,1023,-1
1030,1023,1
1082,1023,1
1028,1024,-1
1028,1024,1
443,1025,1
540,1025,-1
1028,1025,0
1028,1025,1
1071,1025,-1
1738,1025,1
1033,1026,1
2094,1026,-1
1028,1027,-1
1030,1027,1
1085,1027,1
1028,1028,1
1031,1028,1
1032,1028,-1
1080,1028,-1
1461,1028,1
1462,1028,-1
568,1029,1
569,1029,-1
1028,1029,1
1428,1029,1
881,1030,-1
1028,1030,-1
2174,1030,1
2173,1031,-1
2174,1031,1
637,1032,-1
833,1032,1
1028,1032,-1
1101,1032,1
1028,1033,-1
1329,1033,1
576,1034,1
1028,1034,-1
1030,1034,1
1028,1035,-1
1030,1035,1
1082,1035,1
2219,1035,1
786,1036,0
1028,1036,0
1082,1036,-1
1101,1036,1
2188,1036,1
6,1037,-1
1056,1037,1
1066,1037,1
1082,1037,-1
696,1038,-1
1056,1038,1
1082,1038,-1
1242,1038,0
2205,1038,1
1056,1039,1
1061,1039,-1
1063,1039,1
1082,1039,-1
1680,1040,1
2020,1040,-1
2030,1040,1
2018,1041,1
2020,1041,-1
2274,1041,1
1679,1042,-1
1681,1042,1
2030,1042,1
2018,1043,1
2020,1043,-1
2276,1043,1
643,1044,1
1054,1044,1
1082,1044,-1
1012,1045,-1
1013,1045,1
953,1046,1
954,1046,-1
960,1046,1
1055,1047,-1
1187,1047,1
2079,1048,-1
2079,1048,1
734,1049,-1
979,1049,-1
980,1049,1
949,1050,1
961,1050,1
962,1050,-1
993,1050,1
1035,1050,-1
643,1051,1
1054,1051,1
1070,1051,-1
1082,1051,-1
1054,1052,1
1082,1052,-1
1445,1052,1
643,1053,1
1054,1053,1
1070,1053,-1
1082,1053,-1
799,1054,1
900,1054,1
967,1054,-1
1643,1055,-1
1644,1055,1
955,1056,1
956,1056,-1
959,1056,1
1087,1057,1
1088,1057,-1
1080,1058,-1
1082,1058,-1
1515,1058,1
2055,1058,1
1079,1059,-1
1079,1059,1
568,1060,1
569,1060,-1
1425,1060,1
524,1061,1
540,1061,-1
1086,1061,-1
1684,1061,1
1090,1062,1
1830,1062,-1
10,1063,-1
1028,1063,1
1270,1063,1
1083,1064,1
1549,1064,-1
2187,1064,-1
2188,1064,1
199,1065,-1
201,1065,1
1083,1065,1
1549,1065,-1
1097,1066,-1
1097,1066,1
1082,1067,-1
1707,1067,1
1708,1067,-1
1738,1067,1
1051,1068,1
1082,1068,-1
1215,1068,1
1045,1069,1
1051,1069,1
1082,1069,-1
1061,1070,1
1063,1070,1
1066,1070,-1
1082,1070,-1
1051,1071,1
1082,1071,-1
1215,1071,1
1045,1072,1
1051,1072,1
1065,1072,-1
1082,1072,-1
1061,1073,1
1063,1073,1
1066,1073,-1
1082,1073,-1
547,1074,-1
749,1074,1
1153,1074,1
547,1075,-1
749,1075,1
1158,1075,1
1106,1076,-1
1107,1076,1
443,1077,1
540,1077,-1
968,1077,1
1080,1077,1
360,1078,1
361,1078,-1
497,1078,1
540,1078,-1
610,1078,-1
1684,1078,1
359,1079,1
363,1079,-1
497,1079,1
540,1079,-1
1684,1079,1
416,1080,-1
497,1080,1
540,1080,-1
611,1080,1
1684,1080,1
419,1081,-1
497,1081,1
540,1081,-1
610,1081,-1
612,1081,1
1684,1081,1
300,1082,1
301,1082,-1
497,1082,1
540,1082,-1
610,1082,-1
1684,1082,1
1082,1083,1
1110,1083,-1
2033,1083,1
412,1084,1
547,1084,1
1111,1084,-1
412,1085,1
547,1085,1
2098,1085,-1
1112,1086,-1
1113,1086,1
2299,1086,-1
749,1087,1
1080,1087,-1
1398,1087,1
1461,1087,1
1462,1087,-1
413,1088,-1
749,1088,1
1080,1088,1
1082,1088,-1
2098,1088,1
603,1089,1
668,1089,1
944,1089,1
1082,1089,1
1461,1089,1
1462,1089,-1
1549,1089,-1
568,1090,1
1167,1090,-1
1421,1090,1
1120,1091,-1
1723,1091,1
2188,1091,1
122,1092,-1
126,1092,1
1459,1092,-1
1460,1092,1
106,1093,1
1459,1093,-1
1460,1093,1
1795,1093,-1
1016,1094,1
1077,1094,-1
1684,1094,1
1692,1094,-1
1312,1095,1
1465,1095,1
1586,1095,-1
1600,1095,-1
180,1096,-1
196,1096,1
1514,1096,1
1134,1097,-1
1134,1097,1
1131,1098,1
1580,1098,1
1581,1098,-1
1132,1099,1
1580,1099,1
1581,1099,-1
1132,1100,1
1580,1100,1
1581,1100,-1
1133,1101,-1
1134,1101,1
1580,1101,1
2091,1102,-1
2091,1102,1
675,1103,1
677,1103,-1
1080,1103,1
1462,1103,1
871,1104,1
1080,1104,-1
1461,1104,1
1462,1104,-1
852,1105,1
1080,1105,1
1461,1105,-1
1462,1105,1
1137,1106,-1
1138,1106,1
2206,1106,-1
852,1107,1
854,1107,-1
1080,1107,1
1461,1107,-1
1462,1107,1
852,1108,1
854,1108,-1
1080,1108,1
1461,1108,-1
1462,1108,1
246,1109,1
256,1109,-1
1080,1109,-1
1461,1109,1
1462,1109,-1
504,1110,-1
1080,1110,-1
1461,1110,1
1462,1110,-1
1658,1110,0
1952,1110,1
2180,1110,0
230,1111,1
1080,1111,1
1459,1111,-1
1460,1111,1
228,1112,1
1082,1112,-1
2315,1112,-1
504,1113,1
1080,1113,1
1459,1113,-1
1460,1113,1
1658,1113,0
624,1114,1
1140,1114,-1
2167,1114,-1
2168,1114,1
1080,1115,1
1082,1115,-1
1142,1115,-1
1459,1115,-1
1460,1115,1
1937,1115,1
1143,1116,-1
1143,1116,1
1082,1117,-1
2006,1117,1
6,1118,1
7,1118,-1
1082,1118,-1
696,1119,1
746,1119,-1
1082,1119,-1
325,1120,-1
328,1120,1
993,1120,1
1035,1120,-1
1082,1121,-1
1128,1121,1
1155,1121,1
1082,1122,-1
1128,1122,1
1134,1122,-1
1154,1122,1
949,1123,1
958,1123,-1
960,1123,1
899,1124,-1
900,1124,1
1145,1124,-1
2317,1124,1
1012,1125,1
1013,1125,-1
1014,1125,1
1051,1125,1
1082,1125,-1
669,1126,1
1167,1126,1
1251,1126,-1
196,1127,1
1082,1127,-1
1084,1127,1
1514,1127,1
7,1128,1
1090,1128,-1
1090,1128,1
41,1129,1
1082,1129,-1
749,1130,1
1082,1130,-1
2113,1130,1
399,1131,1
1082,1131,-1
1285,1131,1
1586,1131,-1
80,1132,1
82,1132,-1
2233,1132,1
2233,1133,1
2287,1133,-1
2288,1133,1
268,1134,-1
539,1134,1
2233,1134,1
269,1135,-1
2233,1135,1
2289,1135,1
374,1136,1
2233,1136,1
2287,1136,-1
538,1137,1
2233,1137,1
2287,1137,-1
1800,1138,1
2233,1138,1
2287,1138,-1
1082,1139,-1
1184,1139,1
1738,1139,1
1082,1140,-1
1184,1140,1
1738,1140,1
1082,1141,-1
1172,1141,1
1173,1141,-1
1738,1141,1
1082,1142,-1
1173,1142,-1
1180,1142,1
1738,1142,1
443,1143,1
540,1143,-1
1173,1143,-1
1174,1143,1
443,1144,1
540,1144,-1
1173,1144,-1
1176,1144,1
1082,1145,-1
1173,1145,1
1174,1145,-1
1738,1145,1
1082,1146,-1
1173,1146,1
1738,1146,1
1082,1147,-1
1178,1147,1
1738,1147,1
1082,1148,-1
1174,1148,-1
1178,1148,1
1738,1148,1
443,1149,1
540,1149,-1
1175,1149,1
1174,1150,-1
1174,1150,1
1174,1151,-1
1174,1151,1
1082,1152,-1
1175,1152,-1
1179,1152,1
1738,1152,1
1082,1153,-1
1181,1153,1
1738,1153,1
315,1154,1
443,1154,1
540,1154,-1
315,1155,1
443,1155,1
540,1155,-1
1175,1155,-1
443,1156,1
540,1156,-1
1175,1156,-1
1204,1156,1
443,1157,1
540,1157,-1
1204,1157,1
1175,1158,-1
1175,1158,1
1175,1159,-1
1175,1159,1
1175,1160,-1
1175,1160,1
1175,1161,-1
1175,1161,1
1082,1162,-1
1173,1162,1
1176,1162,-1
1738,1162,1
1082,1163,-1
1176,1163,-1
1182,1163,1
1738,1163,1
443,1164,1
540,1164,-1
1175,1164,1
1176,1165,-1
1176,1165,1
1082,1166,-1
1177,1166,-1
1189,1166,1
1738,1166,1
1082,1167,-1
1177,1167,1
1738,1167,1
1082,1168,-1
1177,1168,1
1738,1168,1
443,1169,1
540,1169,-1
1174,1169,1
1178,1169,-1
443,1170,1
540,1170,-1
1174,1170,1
1178,1171,-1
1178,1171,1
1178,1172,-1
1178,1172,1
443,1173,1
540,1173,-1
1175,1173,1
1179,1173,-1
1179,1174,-1
1179,1174,1
1082,1175,-1
1180,1175,-1
1187,1175,1
1738,1175,1
443,1176,1
540,1176,-1
1175,1176,1
1181,1176,-1
443,1177,1
540,1177,-1
1176,1177,1
1082,1178,-1
1184,1178,-1
1219,1178,1
1738,1178,1
1082,1179,-1
1219,1179,1
1738,1179,1
1082,1180,-1
1189,1180,-1
1219,1180,1
1738,1180,1
1513,1181,1
1549,1181,-1
1513,1182,1
1549,1182,-1
1082,1183,-1
1159,1183,-1
1160,1183,1
1835,1183,1
738,1184,1
1082,1184,-1
1835,1184,1
1082,1185,-1
1155,1185,-1
1156,1185,1
2075,1185,1
1082,1186,-1
1160,1186,-1
1161,1186,1
2075,1186,1
649,1187,1
1082,1187,-1
1215,1187,-1
2075,1187,1
1082,1188,-1
1083,1188,1
1259,1188,-1
1514,1188,1
1549,1188,-1
2200,1188,1
1080,1189,1
1082,1189,-1
1197,1189,0
1459,1189,-1
1460,1189,1
2056,1189,0
2056,1189,1
454,1190,0
454,1190,1
885,1190,0
993,1190,0
993,1190,1
1015,1190,0
1035,1190,-1
1080,1190,1
1194,1190,-1
1738,1190,1
1082,1191,-1
1310,1191,0
1580,1191,-1
1738,1191,1
2074,1191,1
1195,1192,-1
1196,1192,-1
1197,1192,1
1202,1193,-1
1221,1193,1
1492,1193,-1
1493,1193,-1
1178,1194,-1
1203,1194,-1
1214,1194,1
475,1195,0
737,1195,-1
737,1195,1
1178,1195,0
1082,1196,-1
1171,1196,1
1738,1196,1
45,1197,1
443,1197,1
540,1197,-1
1204,1197,-1
316,1198,1
443,1198,1
540,1198,-1
316,1199,1
443,1199,1
540,1199,-1
1204,1200,-1
1204,1200,1
1204,1201,-1
1204,1201,1
1204,1202,-1
1204,1202,1
1080,1203,1
1082,1203,-1
1194,1203,1
1213,1203,-1
1431,1203,0
1684,1203,1
1080,1204,1
1082,1204,-1
1431,1204,0
1684,1204,1
2056,1204,1
2057,1204,-1
1080,1205,1
1082,1205,-1
1431,1205,0
1684,1205,1
2139,1205,1
2140,1205,-1
167,1206,-1
167,1206,1
176,1207,1
178,1207,-1
1122,1208,-1
1222,1208,1
234,1209,1
1367,1209,-1
1494,1209,-1
1495,1209,-1
1080,1210,-1
1082,1210,1
1083,1210,-1
1183,1210,-1
1185,1210,1
1461,1210,1
1462,1210,-1
1183,1211,-1
1183,1211,1
1542,1211,1
3,1212,-1
4,1212,1
169,1213,-1
173,1213,1
170,1214,-1
174,1214,1
2,1215,1
171,1215,-1
219,1216,-1
219,1216,1
233,1217,-1
2310,1217,1
2121,1218,-1
2314,1218,1
827,1219,1
1205,1219,-1
540,1220,-1
1054,1220,0
1226,1220,-1
1227,1220,1
1432,1220,1
1637,1220,0
1765,1220,0
1767,1220,0
2062,1220,0
227,1221,-1
669,1221,1
1268,1221,1
443,1222,0
443,1222,1
540,1222,-1
947,1222,1
1223,1222,0
1233,1223,-1
1233,1223,1
1043,1224,1
1082,1224,-1
1231,1224,1
1233,1224,-1
134,1225,1
1082,1225,1
1250,1225,-1
960,1226,0
2053,1226,1
2054,1226,-1
1080,1227,1
1270,1227,-1
1459,1227,-1
1460,1227,1
1723,1227,1
1080,1228,-1
1270,1228,1
1459,1228,1
1723,1228,-1
1080,1229,-1
1270,1229,1
1459,1229,1
1460,1229,-1
1723,1229,-1
691,1230,-1
691,1230,1
706,1231,1
709,1231,-1
1082,1232,-1
1738,1232,1
350,1233,1
1256,1233,1
1802,1233,-1
2209,1233,1
2224,1233,-1
145,1234,1
1082,1234,-1
1276,1234,1
822,1235,-1
986,1235,1
2209,1235,-1
2210,1235,1
1490,1236,1
2224,1236,1
2225,1236,-1
443,1237,1
503,1237,-1
540,1237,-1
556,1237,1
691,1238,1
782,1238,1
1278,1238,1
2214,1238,-1
897,1239,-1
1768,1239,1
2090,1239,1
1770,1240,1
1772,1240,-1
2090,1240,1
1290,1241,1
1946,1241,-1
1289,1242,1
1290,1242,-1
1946,1242,1
709,1243,-1
709,1243,1
692,1244,-1
692,1244,1
877,1245,1
1293,1245,-1
1028,1246,-1
1295,1246,1
1082,1247,-1
1294,1247,1
358,1248,1
1082,1248,-1
1293,1249,-1
1293,1249,1
8,1250,1
1082,1250,-1
534,1251,1
1082,1251,-1
297,1252,-1
537,1252,1
1082,1252,-1
1082,1253,-1
1799,1253,1
116,1254,1
1082,1254,-1
122,1255,1
330,1255,-1
1082,1255,-1
377,1256,-1
535,1256,1
1082,1256,-1
1082,1257,-1
1796,1257,1
64,1258,1
1080,1258,1
1461,1258,-1
1462,1258,1
1295,1259,-1
1295,1259,1
72,1260,-1
1028,1260,-1
1329,1260,1
1028,1261,-1
1776,1261,1
1071,1262,1
1082,1262,-1
1297,1262,1
94,1263,1
1080,1263,1
1299,1263,-1
1459,1263,-1
1460,1263,1
1300,1264,-1
1300,1264,1
851,1265,1
1246,1265,1
1247,1265,-1
1309,1266,-1
1309,1266,1
420,1267,0
547,1267,1
749,1267,-1
899,1267,-1
900,1267,1
1080,1267,1
1082,1267,-1
1280,1267,-1
1459,1267,-1
1460,1267,1
2008,1267,0
2121,1267,1
378,1268,1
1461,1268,-1
1462,1268,1
104,1269,-1
366,1269,1
1549,1269,-1
953,1270,0
1739,1270,-1
1740,1270,1
1082,1271,-1
1416,1271,1
2079,1271,-1
2080,1271,1
1068,1272,1
1082,1272,-1
1416,1272,1
2080,1272,-1
1082,1273,-1
1416,1273,1
2078,1273,-1
2079,1273,1
1063,1274,1
1068,1274,-1
1416,1274,1
1317,1275,-1
1318,1275,-1
1319,1275,1
324,1276,1
1082,1276,-1
1083,1276,1
1514,1276,1
1549,1276,-1
1320,1277,-1
1321,1277,-1
1322,1277,1
1082,1278,-1
1083,1278,1
1123,1278,1
1514,1278,1
1549,1278,-1
1994,1278,-1
1082,1279,-1
1083,1279,1
1514,1279,1
1549,1279,-1
1601,1279,-1
1734,1279,1
1080,1280,-1
1082,1280,1
1240,1280,1
1459,1280,1
1460,1280,-1
1523,1280,-1
540,1281,-1
569,1281,1
1082,1281,-1
1684,1281,1
1738,1281,1
540,1282,-1
569,1282,1
1082,1282,-1
1256,1282,-1
1684,1282,1
1738,1282,1
749,1283,1
1414,1283,1
1662,1283,-1
568,1284,1
569,1284,-1
830,1284,1
1080,1284,1
669,1285,1
1080,1285,1
1461,1285,-1
1462,1285,1
1723,1285,1
540,1286,0
669,1286,1
933,1286,0
1080,1286,1
1316,1286,-1
1459,1286,-1
1460,1286,1
1723,1286,1
669,1287,1
1080,1287,1
1461,1287,-1
1462,1287,1
1723,1287,1
790,1288,1
1080,1288,-1
1461,1288,1
1462,1288,-1
2310,1288,-1
647,1289,1
883,1289,-1
1080,1289,-1
1082,1289,1
1461,1289,1
1462,1289,-1
1549,1289,-1
1286,1290,1
1542,1290,-1
1542,1290,1
465,1291,-1
469,1291,1
1028,1291,-1
669,1292,1
829,1292,1
1338,1292,-1
1339,1293,-1
1340,1293,1
1960,1293,-1
1056,1294,1
1080,1294,1
1082,1294,1
1549,1294,-1
48,1295,1
1586,1295,-1
2109,1295,1
49,1296,1
1600,1296,-1
2109,1296,1
749,1297,1
2072,1297,-1
2109,1297,1
661,1298,1
749,1298,1
1346,1298,-1
824,1299,1
1082,1299,-1
1276,1299,1
1346,1300,-1
1346,1300,1
207,1301,-1
208,1301,1
540,1302,-1
567,1302,1
899,1302,1
1080,1302,1
1676,1302,1
2123,1302,-1
1028,1303,-1
1080,1303,1
1352,1303,1
1753,1303,1
1779,1303,-1
667,1304,-1
1080,1304,-1
1095,1304,1
1350,1304,-1
1353,1304,1
1461,1304,1
1462,1304,-1
1351,1305,1
1354,1305,-1
1350,1306,1
1351,1306,-1
1354,1306,1
2123,1306,1
182,1307,-1
749,1307,1
781,1307,1
1080,1308,-1
1080,1308,1
1723,1308,-1
1723,1308,1
249,1309,-1
1139,1309,-1
1723,1309,1
1809,1309,1
249,1310,-1
758,1310,1
1723,1310,1
249,1311,-1
1136,1311,1
1723,1311,1
1095,1312,-1
1136,1312,1
1723,1312,1
2300,1312,-1
558,1313,1
1371,1313,-1
1390,1313,1
306,1314,-1
308,1314,1
1080,1314,-1
1461,1314,1
1462,1314,-1
56,1315,1
443,1315,1
540,1315,-1
1097,1315,-1
1738,1315,1
1958,1315,-1
56,1316,-1
306,1316,1
1082,1316,1
55,1317,1
443,1317,1
540,1317,-1
1738,1317,1
1957,1317,-1
55,1318,-1
540,1318,1
1097,1318,1
1738,1318,-1
1957,1318,1
55,1319,1
305,1319,-1
1082,1319,-1
305,1320,1
307,1320,-1
1460,1320,1
320,1321,1
1080,1321,-1
1461,1321,1
1462,1321,-1
306,1322,1
318,1322,-1
443,1322,1
540,1322,-1
1080,1322,1
1738,1322,1
1373,1323,-1
1374,1323,1
1376,1323,-1
1377,1324,-1
1380,1324,1
1375,1325,-1
1377,1325,-1
1379,1325,1
1378,1326,-1
1382,1326,1
1815,1326,-1
1377,1327,-1
1378,1327,1
1383,1328,-1
1384,1328,1
1389,1328,-1
1385,1329,-1
1386,1329,1
1387,1330,-1
1388,1330,1
1389,1330,-1
1100,1331,-1
1256,1331,1
1394,1331,1
319,1332,-1
1393,1332,1
1957,1332,1
568,1333,1
569,1333,-1
1080,1333,1
1393,1333,1
1461,1333,1
1462,1333,-1
1255,1334,-1
1907,1334,1
443,1335,1
540,1335,-1
669,1335,1
1205,1335,1
1400,1335,-1
1738,1335,1
1417,1336,-1
1417,1336,1
1418,1337,-1
1418,1337,1
568,1338,1
569,1338,-1
1420,1338,1
1082,1339,-1
1085,1339,1
1423,1339,1
1425,1339,-1
568,1340,1
569,1340,-1
1419,1340,1
1080,1341,-1
1082,1341,1
1426,1341,-1
1427,1341,1
1461,1341,1
1462,1341,-1
1080,1342,-1
1082,1342,1
1425,1342,1
1427,1342,-1
1461,1342,1
1462,1342,-1
1082,1343,-1
1425,1343,1
2093,1343,1
144,1344,1
1426,1344,1
1428,1344,-1
1082,1345,-1
1425,1345,1
1429,1345,-1
1514,1345,1
2284,1345,1
408,1346,1
1430,1346,-1
550,1347,-1
568,1347,1
569,1347,-1
1080,1347,1
1347,1347,1
1390,1348,-1
1391,1348,1
1390,1349,1
1391,1349,-1
443,1350,1
540,1350,-1
1399,1350,1
443,1351,1
540,1351,-1
1399,1351,-1
1400,1351,1
1071,1352,1
1239,1352,-1
1723,1352,1
582,1353,-1
610,1353,1
1254,1353,1
443,1354,1
540,1354,-1
1249,1354,-1
1738,1354,1
1957,1354,-1
1958,1354,1
448,1355,-1
497,1355,1
1082,1355,-1
1757,1355,1
2129,1356,-1
2129,1356,1
1689,1357,-1
1689,1357,1
237,1358,-1
237,1358,1
2092,1359,-1
2092,1359,1
944,1360,-1
944,1360,1
497,1361,1
540,1361,-1
1082,1361,-1
1366,1361,-1
1434,1361,1
1435,1361,-1
1684,1361,1
1183,1362,1
1264,1362,1
1343,1362,-1
1461,1362,1
1462,1362,-1
1017,1363,-1
1017,1363,1
956,1364,1
957,1364,-1
993,1364,1
443,1365,1
540,1365,-1
1249,1365,-1
1452,1365,-1
1454,1365,1
1467,1366,-1
1467,1366,1
1468,1367,-1
1468,1367,1
547,1368,-1
550,1368,1
749,1368,1
1064,1369,-1
1065,1369,1
1082,1369,-1
1835,1369,1
622,1370,-1
646,1370,1
1080,1370,-1
1082,1370,1
1461,1370,1
1462,1370,-1
1549,1370,-1
1727,1370,1
924,1371,1
1249,1371,1
1511,1371,-1
401,1372,1
1451,1372,-1
1580,1372,1
1581,1372,-1
411,1373,-1
1080,1373,-1
1082,1373,1
1461,1373,1
1462,1373,-1
1516,1373,1
1549,1373,-1
1437,1374,1
1524,1374,-1
568,1375,1
569,1375,-1
826,1375,1
1355,1375,-1
1452,1376,-1
1452,1376,1
1249,1377,1
1454,1377,-1
1455,1377,1
443,1378,1
540,1378,-1
1080,1378,1
1459,1378,-1
1461,1378,1
443,1379,1
540,1379,-1
1459,1379,-1
1461,1379,1
1080,1380,-1
1080,1380,1
1459,1380,-1
1460,1380,1
1461,1380,1
1462,1380,-1
1080,1381,1
1461,1381,1
1462,1381,-1
1482,1381,-1
1483,1381,1
915,1382,-1
916,1382,1
1080,1382,-1
1461,1382,1
1462,1382,-1
497,1383,1
540,1383,-1
1082,1383,-1
1248,1383,-1
1249,1383,1
1459,1383,1
1684,1383,1
1063,1384,1
1082,1384,-1
1158,1384,-1
1159,1384,1
696,1385,1
1063,1385,1
1082,1385,-1
1463,1386,-1
1464,1386,1
1684,1386,1
1692,1386,-1
1080,1387,-1
1431,1387,0
1464,1387,1
1478,1387,-1
1684,1387,1
1469,1388,1
1470,1388,1
1471,1388,-1
552,1389,-1
1472,1389,1
1473,1389,1
1474,1389,-1
547,1390,-1
749,1390,1
1080,1390,1
1452,1390,1
392,1391,1
1368,1391,-1
1369,1391,-1
648,1392,1
1082,1392,-1
1164,1392,-1
1165,1392,1
1129,1393,1
1165,1393,-1
1580,1393,1
1581,1393,-1
931,1394,1
1488,1394,-1
1491,1394,-1
1499,1394,-1
1501,1394,-1
1503,1394,-1
1509,1394,-1
1510,1394,-1
1202,1395,1
1489,1395,-1
1497,1395,-1
1500,1395,-1
1504,1395,-1
1505,1395,-1
866,1396,-1
1224,1396,1
1225,1396,1
2184,1396,1
865,1397,-1
1224,1397,1
1225,1397,1
2037,1397,-1
2182,1397,1
443,1398,1
540,1398,-1
1485,1398,-1
1536,1398,1
540,1399,-1
1453,1399,1
1464,1399,-1
1684,1399,1
540,1400,-1
1453,1400,1
1684,1400,1
540,1401,-1
1459,1401,1
1518,1401,-1
1684,1401,1
1453,1402,1
1464,1402,-1
1684,1402,1
443,1403,1
540,1403,-1
1080,1403,1
1464,1403,1
443,1404,1
540,1404,-1
1080,1404,1
1518,1404,1
1530,1404,-1
443,1405,1
540,1405,-1
1080,1405,1
1464,1405,1
1466,1405,-1
443,1406,1
540,1406,-1
1080,1406,1
1518,1406,1
1530,1406,-1
568,1407,1
569,1407,-1
1363,1407,1
1714,1407,-1
568,1408,1
569,1408,-1
1357,1408,1
1463,1408,-1
2171,1409,-1
2171,1409,1
984,1410,-1
984,1410,1
1529,1411,-1
1555,1411,1
1347,1412,0
1780,1412,-1
1781,1412,1
2197,1412,1
2286,1412,-1
2290,1412,0
787,1413,-1
1532,1413,-1
1533,1413,1
1479,1414,-1
1480,1414,1
1481,1414,-1
1533,1414,-1
1792,1414,-1
520,1415,1
690,1415,1
692,1415,-1
908,1415,1
1080,1415,1
1082,1415,-1
1141,1415,1
2091,1415,1
690,1416,1
691,1416,-1
908,1416,1
1080,1416,1
1082,1416,-1
2091,1416,1
498,1417,-1
561,1417,1
1082,1417,-1
1738,1417,1
1082,1418,-1
1459,1418,-1
1518,1418,1
1738,1418,1
1082,1419,-1
1518,1419,-1
1534,1419,1
1738,1419,1
1080,1420,1
1082,1420,-1
1520,1420,1
1738,1420,1
1080,1421,1
1082,1421,-1
1484,1421,1
1535,1421,-1
1738,1421,1
444,1422,1
541,1422,-1
1080,1422,1
1082,1422,-1
1738,1422,1
1080,1423,1
1082,1423,-1
1520,1423,1
1738,1423,1
1080,1424,1
1082,1424,-1
1484,1424,1
1535,1424,-1
1738,1424,1
1080,1425,1
1082,1425,-1
1738,1425,1
2019,1425,-1
2031,1425,1
1080,1426,1
1082,1426,-1
1738,1426,1
2019,1426,1
2036,1426,-1
445,1427,-1
499,1427,1
1080,1427,1
1082,1427,-1
1738,1427,1
638,1428,-1
665,1428,1
1080,1428,1
1082,1428,-1
1738,1428,1
639,1429,1
704,1429,-1
1080,1429,1
1082,1429,-1
1738,1429,1
500,1430,1
1080,1430,1
1082,1430,-1
1738,1430,1
446,1431,1
542,1431,-1
1080,1431,1
1082,1431,-1
1738,1431,1
287,1432,-1
1540,1432,-1
1541,1432,1
1486,1433,-1
1487,1433,1
1540,1433,1
1541,1433,-1
1506,1434,-1
1507,1434,1
1508,1434,-1
1509,1434,1
1540,1434,1
1541,1434,-1
152,1435,1
153,1435,-1
1080,1435,1
1082,1435,-1
1684,1435,1
154,1436,1
155,1436,-1
1080,1436,1
1082,1436,-1
1684,1436,1
384,1437,1
385,1437,-1
1080,1437,1
1082,1437,-1
1684,1437,1
387,1438,1
1080,1438,1
1082,1438,-1
1684,1438,1
1080,1439,1
1082,1439,-1
1438,1439,1
1439,1439,-1
1684,1439,1
1080,1440,1
1082,1440,-1
1440,1440,1
1441,1440,-1
1684,1440,1
1080,1441,1
1082,1441,-1
1544,1441,1
1545,1441,-1
1684,1441,1
497,1442,-1
1080,1442,1
1082,1442,-1
1460,1442,-1
1519,1442,1
443,1443,1
510,1443,1
511,1443,-1
1082,1443,-1
386,1444,-1
387,1444,1
1080,1444,1
1082,1444,-1
1738,1444,1
387,1445,1
388,1445,-1
1080,1445,1
1082,1445,-1
1684,1445,1
1080,1446,1
1082,1446,-1
1193,1446,-1
1194,1446,1
1431,1446,0
1738,1446,1
1080,1447,1
1082,1447,-1
1431,1447,0
1738,1447,1
2138,1447,-1
2139,1447,1
381,1448,-1
382,1448,1
1080,1448,1
1082,1448,-1
1738,1448,1
383,1449,-1
384,1449,1
1080,1449,1
1082,1449,-1
1738,1449,1
387,1450,1
1080,1450,1
1082,1450,-1
1738,1450,1
212,1451,1
889,1451,-1
1082,1451,-1
2073,1451,1
212,1452,1
749,1452,-1
1082,1452,-1
1661,1452,1
2214,1453,1
2223,1453,-1
2297,1453,1
2298,1453,-1
1082,1454,-1
1302,1454,1
1543,1454,1
1082,1455,-1
1302,1455,1
1543,1455,1
1014,1456,-1
1082,1456,-1
1302,1456,1
1543,1456,1
643,1457,-1
1082,1457,-1
1775,1457,1
1840,1457,1
72,1458,-1
374,1458,1
1082,1458,-1
450,1459,1
568,1459,1
569,1459,-1
1080,1459,1
1476,1459,-1
1476,1460,-1
1476,1460,1
2254,1461,-1
2254,1461,1
646,1462,1
793,1462,-1
794,1462,1
1080,1462,-1
1082,1462,1
1461,1462,1
1462,1462,-1
1549,1462,-1
626,1463,-1
626,1463,1
1542,1463,1
791,1464,1
906,1464,1
1082,1464,-1
2151,1464,-1
443,1465,1
540,1465,-1
1082,1465,-1
1249,1465,1
1738,1465,1
175,1466,-1
175,1466,1
1633,1466,-1
1633,1466,1
1633,1467,1
1693,1467,-1
1693,1467,1
175,1468,-1
175,1468,1
413,1469,1
1907,1469,-1
1908,1469,1
899,1470,-1
900,1470,1
1568,1470,-1
2319,1470,1
1080,1471,-1
1316,1471,1
1459,1471,1
1460,1471,-1
1552,1471,-1
161,1472,1
165,1472,-1
1080,1472,-1
1082,1472,1
1461,1472,1
1462,1472,-1
1549,1472,-1
165,1473,1
651,1473,-1
1080,1473,-1
1082,1473,1
1461,1473,1
1462,1473,-1
1549,1473,-1
1083,1474,1
1549,1474,-1
2153,1474,1
185,1475,1
1572,1475,-1
641,1476,1
703,1476,-1
1684,1476,1
641,1477,1
703,1477,-1
1684,1477,1
781,1478,1
1082,1478,-1
1573,1478,-1
1738,1478,1
47,1479,1
1082,1479,-1
1276,1479,1
47,1480,1
1082,1480,-1
1276,1480,1
1573,1480,-1
47,1481,1
1082,1481,-1
1276,1481,1
1573,1481,-1
1642,1481,0
47,1482,1
1082,1482,-1
1276,1482,1
1573,1482,-1
1573,1483,-1
1573,1483,1
299,1484,1
592,1484,-1
1259,1484,-1
1264,1484,1
1549,1484,-1
443,1485,1
540,1485,-1
1683,1485,1
443,1486,1
540,1486,-1
1683,1486,1
1725,1486,-1
236,1487,1
1082,1487,-1
1083,1487,1
1467,1487,-1
1549,1487,-1
1695,1487,1
236,1488,1
1082,1488,-1
1083,1488,1
1468,1488,-1
1549,1488,-1
1845,1488,1
443,1489,1
540,1489,-1
1581,1489,1
523,1490,1
540,1490,-1
1684,1490,1
1080,1491,-1
1082,1491,1
1461,1491,1
1462,1491,-1
1580,1491,1
1582,1491,-1
1922,1491,1
742,1492,1
1261,1492,-1
1693,1492,1
1586,1493,1
1587,1493,-1
1636,1493,1
146,1494,1
1082,1494,-1
1276,1494,1
1586,1494,-1
48,1495,1
1082,1495,-1
1276,1495,1
1586,1495,-1
1642,1495,0
48,1496,1
1082,1496,-1
1276,1496,1
1586,1496,-1
48,1497,1
1082,1497,-1
1276,1497,1
48,1498,1
1082,1498,-1
1276,1498,1
1586,1498,-1
146,1499,1
1082,1499,-1
1276,1499,1
1586,1499,-1
742,1500,1
1082,1500,-1
1573,1500,1
1586,1500,-1
742,1501,1
1073,1501,-1
1607,1501,1
1587,1502,-1
1587,1502,1
1588,1503,-1
1589,1503,1
640,1504,1
1593,1504,-1
1684,1504,1
742,1505,1
1082,1505,-1
1738,1505,1
1594,1506,-1
1594,1506,1
443,1507,1
540,1507,-1
547,1507,0
788,1507,0
1460,1507,0
1723,1507,0
1793,1507,0
2208,1507,-1
2258,1507,1
1082,1508,-1
1431,1508,0
1738,1508,1
2208,1508,1
2258,1508,-1
872,1509,1
1261,1509,-1
1693,1509,1
49,1510,1
1082,1510,-1
1276,1510,1
1642,1510,0
49,1511,1
1082,1511,-1
1276,1511,1
49,1512,1
1082,1512,-1
1276,1512,1
1600,1512,-1
147,1513,1
1082,1513,-1
1276,1513,1
147,1514,1
1082,1514,-1
1276,1514,1
1600,1514,-1
568,1515,1
569,1515,-1
1586,1515,1
1600,1515,-1
1600,1516,-1
1600,1516,1
189,1517,-1
1080,1517,-1
1461,1517,1
1462,1517,-1
1737,1517,1
642,1518,1
703,1518,-1
1684,1518,1
872,1519,1
1082,1519,-1
1603,1519,-1
1738,1519,1
641,1520,-1
662,1520,1
2109,1520,1
599,1521,1
1607,1521,-1
148,1522,1
1082,1522,-1
1276,1522,1
1607,1522,-1
50,1523,1
1082,1523,-1
1276,1523,1
1607,1523,-1
50,1524,1
1082,1524,-1
1276,1524,1
1607,1524,-1
50,1525,1
1082,1525,-1
1276,1525,1
1607,1525,-1
1642,1525,0
50,1526,1
1082,1526,-1
1276,1526,1
1607,1526,-1
148,1527,1
1082,1527,-1
1276,1527,1
1607,1527,-1
1607,1528,-1
1607,1528,1
89,1529,1
1082,1529,1
1608,1529,-1
1608,1530,-1
1610,1530,1
1609,1531,1
1610,1531,-1
90,1532,1
1082,1532,1
1611,1532,-1
1082,1533,1
1611,1533,-1
1619,1533,1
61,1534,1
1080,1534,-1
1461,1534,1
1462,1534,-1
1611,1534,-1
95,1535,1
1080,1535,1
1460,1535,1
1612,1535,-1
1080,1536,-1
1461,1536,1
1462,1536,-1
1613,1536,-1
1614,1536,1
1082,1537,1
1608,1537,1
1613,1537,-1
1080,1538,-1
1082,1538,1
1615,1538,-1
1616,1538,1
1080,1539,-1
1082,1539,1
1357,1539,0
1615,1539,-1
1616,1539,1
1700,1539,0
1616,1540,-1
1616,1540,1
69,1541,1
1332,1541,1
1616,1541,-1
1611,1542,1
1616,1542,-1
1611,1543,1
1616,1543,-1
1613,1544,1
1616,1544,-1
1080,1545,-1
1461,1545,1
1462,1545,-1
1614,1545,1
1616,1545,-1
1614,1546,1
1616,1546,-1
1989,1546,1
1990,1546,-1
1082,1547,1
1617,1547,-1
1620,1547,1
357,1548,1
1082,1548,-1
1618,1548,-1
1619,1549,-1
2152,1549,1
1620,1550,-1
2324,1550,1
966,1551,-1
968,1551,1
966,1552,1
968,1552,-1
2143,1553,-1
2144,1553,1
1755,1554,-1
1757,1554,1
38,1555,-1
258,1555,1
965,1555,1
1080,1555,1
258,1556,-1
1073,1556,1
1082,1556,-1
1738,1556,1
800,1557,1
1622,1557,-1
1684,1557,1
2077,1557,-1
258,1558,-1
259,1558,1
1080,1558,1
1459,1558,-1
1460,1558,1
1586,1559,-1
1587,1559,1
1624,1559,1
1636,1559,-1
51,1560,1
1082,1560,-1
1276,1560,1
51,1561,1
1082,1561,-1
1276,1561,1
1624,1561,-1
51,1562,1
1082,1562,-1
1276,1562,1
1624,1562,-1
1642,1562,0
149,1563,1
1082,1563,-1
1276,1563,1
1624,1563,-1
443,1564,1
540,1564,-1
1624,1564,-1
1631,1564,1
443,1565,1
540,1565,-1
1624,1565,-1
1631,1565,1
443,1566,1
540,1566,-1
1631,1566,1
443,1567,1
540,1567,-1
1633,1567,1
443,1568,1
540,1568,-1
1633,1568,1
443,1569,1
540,1569,-1
1624,1569,-1
1633,1569,1
443,1570,1
1624,1570,-1
1633,1570,1
443,1571,1
540,1571,-1
1624,1571,-1
1633,1571,1
443,1572,1
540,1572,-1
1624,1572,-1
1634,1572,1
443,1573,1
540,1573,-1
1634,1573,1
1082,1574,-1
1631,1574,1
1738,1574,1
1082,1575,-1
1631,1575,1
1738,1575,1
1082,1576,-1
1633,1576,1
1738,1576,1
1082,1577,-1
1633,1577,1
1738,1577,1
443,1578,1
540,1578,-1
1626,1578,1
1625,1579,-1
1625,1579,1
1625,1580,1
1626,1580,-1
1738,1580,1
1082,1581,-1
1631,1581,1
1738,1581,1
1082,1582,-1
1627,1582,-1
1631,1582,1
1738,1582,1
1082,1583,-1
1627,1583,-1
1631,1583,1
1738,1583,1
1082,1584,-1
1631,1584,1
1738,1584,1
1082,1585,-1
1627,1585,-1
1634,1585,1
1738,1585,1
1082,1586,-1
1627,1586,-1
1634,1586,1
1738,1586,1
1082,1587,-1
1627,1587,-1
1634,1587,1
1738,1587,1
1082,1588,-1
1634,1588,1
1738,1588,1
1082,1589,-1
1627,1589,-1
1634,1589,1
1738,1589,1
1082,1590,-1
1627,1590,-1
1634,1590,1
1738,1590,1
1627,1591,-1
1627,1591,1
1627,1592,-1
1627,1592,1
1082,1593,-1
1633,1593,1
1738,1593,1
1082,1594,-1
1628,1594,-1
1633,1594,1
1738,1594,1
1082,1595,-1
1628,1595,-1
1634,1595,1
1738,1595,1
781,1596,1
1082,1596,-1
1178,1596,1
781,1597,1
1082,1597,-1
1178,1597,1
443,1598,1
540,1598,-1
1626,1598,1
1628,1598,-1
1082,1599,-1
1629,1599,-1
1635,1599,1
1738,1599,1
1082,1600,-1
1624,1600,1
1631,1600,-1
1738,1600,1
1082,1601,-1
1624,1601,1
1631,1601,-1
1738,1601,1
1082,1602,-1
1624,1602,1
1738,1602,1
1082,1603,-1
1624,1603,1
1631,1603,-1
1738,1603,1
1082,1604,-1
1624,1604,1
1631,1604,-1
1738,1604,1
1082,1605,-1
1624,1605,1
1631,1605,-1
1738,1605,1
1082,1606,-1
1624,1606,1
1738,1606,1
1082,1607,-1
1624,1607,1
1738,1607,1
443,1608,1
1625,1608,1
1631,1608,-1
443,1609,1
540,1609,-1
1627,1609,1
443,1610,1
540,1610,-1
1627,1610,1
1631,1610,-1
443,1611,1
540,1611,-1
1627,1611,1
1631,1611,-1
443,1612,1
540,1612,-1
1627,1612,1
1631,1612,-1
527,1613,-1
528,1613,1
1632,1613,-1
1082,1614,-1
1624,1614,1
1633,1614,-1
1738,1614,1
1624,1615,1
1633,1615,-1
1738,1615,1
1082,1616,-1
1624,1616,1
1633,1616,-1
1738,1616,1
443,1617,1
540,1617,-1
1625,1617,1
443,1618,1
540,1618,-1
1625,1618,1
443,1619,1
540,1619,-1
1625,1619,1
443,1620,1
540,1620,-1
1628,1620,1
1633,1621,-1
1633,1621,1
443,1622,1
540,1622,-1
1628,1622,1
1634,1622,-1
443,1623,1
540,1623,-1
1628,1623,1
1636,1624,-1
1636,1624,1
1915,1625,-1
2014,1625,1
2277,1625,1
1083,1626,1
1549,1626,-1
1572,1626,1
1573,1627,-1
1573,1627,1
1624,1627,-1
1624,1627,1
1637,1628,1
1639,1628,-1
2108,1628,1
781,1629,1
1082,1629,-1
1178,1629,1
1628,1629,-1
150,1630,1
1082,1630,-1
1276,1630,1
1693,1630,-1
1022,1631,1
1082,1631,-1
1276,1631,1
2212,1631,-1
1082,1632,-1
1574,1632,1
2091,1632,1
1082,1633,-1
1341,1633,0
1573,1633,1
1607,1633,1
526,1634,-1
529,1634,1
1633,1634,-1
1645,1634,-1
1646,1635,-1
1647,1635,1
1082,1636,-1
1259,1636,1
2226,1636,1
2227,1636,-1
1082,1637,1
1259,1637,-1
2227,1637,1
497,1638,1
540,1638,-1
540,1638,1
1082,1639,-1
1574,1639,1
1789,1639,-1
2091,1639,1
1076,1640,1
1738,1640,-1
1756,1640,1
1170,1641,1
1218,1641,-1
1738,1641,-1
1756,1641,1
951,1642,1
1076,1642,-1
1738,1642,1
1170,1643,-1
1218,1643,1
1738,1643,1
781,1644,1
1082,1644,-1
1276,1644,1
1934,1644,-1
1082,1645,-1
1575,1645,1
1651,1645,0
2091,1645,1
781,1646,1
1082,1646,-1
1276,1646,1
1022,1647,1
1082,1647,-1
1276,1647,1
1022,1648,1
1082,1648,-1
1276,1648,1
313,1649,1
314,1649,-1
1082,1649,-1
726,1650,1
727,1650,-1
1461,1650,1
1462,1650,-1
1082,1651,-1
1175,1651,1
1659,1651,-1
1738,1651,1
1082,1652,-1
1431,1652,0
1684,1652,-1
1738,1652,1
1661,1653,-1
1661,1653,1
1666,1654,1
1730,1654,-1
1792,1654,-1
753,1655,1
1667,1655,-1
1668,1655,1
2177,1655,-1
1666,1656,-1
1667,1656,1
1938,1656,-1
1939,1656,-1
1082,1657,-1
1738,1657,1
2207,1657,1
2237,1657,-1
1083,1658,1
1549,1658,-1
1689,1658,1
1677,1659,-1
1678,1659,1
2182,1659,-1
1677,1660,-1
1679,1660,1
1082,1661,-1
1574,1661,1
1579,1661,-1
2283,1661,1
749,1662,1
1082,1662,-1
1574,1662,1
1577,1662,-1
443,1663,1
540,1663,-1
644,1663,-1
2245,1663,1
134,1664,1
899,1664,-1
900,1664,1
1080,1664,1
134,1665,1
899,1665,-1
900,1665,1
1082,1665,1
53,1666,1
1126,1666,-1
669,1667,1
1600,1667,1
1693,1667,-1
52,1668,1
1082,1668,-1
1276,1668,1
1693,1668,-1
52,1669,1
1082,1669,-1
1276,1669,1
1642,1669,0
1693,1669,-1
52,1670,1
1082,1670,-1
1276,1670,1
150,1671,1
1082,1671,-1
1276,1671,1
1693,1671,-1
1693,1672,-1
1693,1672,1
1082,1673,-1
1261,1673,1
1738,1673,1
1082,1674,-1
1628,1674,1
1738,1674,1
1616,1675,-1
1618,1675,1
1696,1676,-1
1697,1676,-1
1698,1676,1
1699,1677,-1
1700,1677,1
1701,1677,-1
74,1678,1
1549,1678,-1
71,1679,1
1549,1679,-1
862,1680,-1
1549,1680,-1
1617,1680,1
592,1681,1
1461,1681,1
1462,1681,-1
1702,1681,-1
140,1682,1
1082,1682,1
2050,1682,-1
1082,1683,-1
1607,1683,1
1738,1683,1
1703,1684,-1
1704,1684,1
443,1685,1
540,1685,-1
1705,1685,-1
2239,1685,1
226,1686,-1
669,1686,1
1142,1686,1
1082,1687,1
1245,1687,1
1261,1687,-1
540,1688,-1
547,1688,1
749,1688,-1
1071,1688,1
1080,1688,1
1684,1688,1
197,1689,1
259,1689,-1
1249,1689,-1
1546,1689,1
196,1690,1
1082,1690,-1
1244,1690,1
1245,1690,-1
1514,1690,1
1239,1691,1
1244,1691,-1
1359,1691,1
1361,1691,-1
197,1692,-1
1249,1692,1
1551,1692,1
647,1693,1
1082,1693,-1
1514,1693,1
1603,1693,-1
1738,1693,1
185,1694,1
328,1694,-1
1082,1694,-1
1514,1694,1
1738,1694,1
1120,1695,1
1242,1695,1
1552,1695,-1
307,1696,-1
1082,1696,-1
1261,1696,1
1957,1696,1
1239,1697,-1
1249,1697,1
1723,1697,1
197,1698,1
1239,1698,1
1249,1698,-1
669,1699,1
697,1699,-1
1142,1699,1
669,1700,1
972,1700,1
973,1700,-1
197,1701,-1
1249,1701,1
1723,1701,1
197,1702,1
1239,1702,1
1249,1702,-1
1723,1702,-1
540,1703,0
770,1703,-1
1082,1703,1
1431,1703,0
1514,1703,1
1723,1703,1
1082,1704,1
1261,1704,-1
1514,1704,1
1723,1704,1
540,1705,0
770,1705,1
1261,1705,-1
1431,1705,0
669,1706,1
988,1706,1
2209,1706,-1
509,1707,1
1186,1707,0
1239,1707,1
1259,1707,0
1723,1707,-1
2187,1708,-1
2187,1708,1
134,1709,-1
1080,1709,-1
1260,1709,1
1459,1709,1
134,1710,-1
1080,1710,-1
1260,1710,1
1459,1710,1
1460,1710,-1
134,1711,-1
1080,1711,-1
1260,1711,1
1461,1711,1
1462,1711,-1
497,1712,1
1715,1712,-1
1717,1712,1
497,1713,-1
1715,1713,1
497,1714,1
1720,1714,-1
1722,1714,1
497,1715,-1
540,1715,0
968,1715,0
1720,1715,1
1779,1716,1
1943,1716,-1
1768,1717,1
1769,1717,-1
2091,1717,1
392,1718,-1
395,1718,1
931,1718,-1
1502,1718,-1
749,1719,1
1082,1719,-1
1325,1719,1
1327,1719,-1
837,1720,1
1977,1720,-1
616,1721,-1
616,1721,1
591,1722,1
592,1722,-1
1080,1723,1
1082,1723,-1
1549,1723,-1
1852,1723,1
2302,1723,1
1809,1724,1
1852,1724,1
2302,1724,-1
1580,1725,1
1581,1725,-1
1733,1725,1
2254,1726,-1
2254,1726,1
200,1727,1
1082,1727,-1
1602,1727,-1
1082,1728,-1
1694,1728,-1
1738,1728,1
2280,1728,1
749,1729,-1
905,1729,-1
905,1729,1
1580,1729,1
968,1730,0
2018,1730,1
2229,1730,-1
2275,1730,1
2268,1731,-1
2268,1731,1
440,1732,0
443,1732,1
497,1732,0
540,1732,-1
940,1732,0
1349,1732,-1
2249,1732,1
443,1733,1
540,1733,-1
2254,1733,1
443,1734,1
540,1734,-1
2267,1734,1
443,1735,1
540,1735,-1
2246,1735,1
373,1736,-1
2043,1736,1
1637,1737,0
1741,1737,1
1742,1737,-1
1571,1738,1
2180,1738,0
2278,1738,-1
113,1739,1
2279,1739,-1
1080,1740,1
1459,1740,-1
1460,1740,1
1686,1740,-1
2278,1740,1
1686,1741,-1
1686,1741,1
1627,1742,-1
1627,1742,1
1613,1743,1
1616,1743,-1
1746,1744,-1
1746,1744,1
443,1745,1
540,1745,-1
1323,1745,-1
2236,1745,1
1080,1746,-1
1080,1746,1
1275,1746,0
1748,1746,0
1371,1747,1
1845,1747,1
2150,1747,-1
443,1748,1
540,1748,-1
547,1748,0
669,1748,-1
1552,1748,1
1738,1748,1
669,1749,1
1080,1749,-1
1464,1749,1
1684,1749,1
1692,1749,-1
1752,1749,-1
993,1750,1
1035,1750,-1
1762,1750,-1
1763,1750,1
1765,1750,0
1767,1750,0
443,1751,1
540,1751,-1
773,1751,-1
1757,1751,1
1773,1752,-1
1774,1752,1
1984,1753,-1
1985,1753,1
1080,1754,-1
1461,1754,1
1462,1754,-1
1771,1754,-1
1772,1754,1
1080,1755,1
1459,1755,-1
1460,1755,1
2086,1755,1
2091,1755,-1
443,1756,1
540,1756,-1
926,1756,1
1784,1757,-1
1794,1757,1
1576,1758,1
1785,1758,-1
1080,1759,-1
1083,1759,1
1459,1759,1
1549,1759,-1
2154,1759,-1
202,1760,1
540,1760,0
1007,1760,-1
1082,1760,1
2132,1760,0
2141,1760,1
204,1761,1
540,1761,0
1082,1761,1
1988,1761,-1
2132,1761,0
2141,1761,1
202,1762,1
540,1762,0
1007,1762,-1
1082,1762,1
2132,1762,0
2141,1762,1
204,1763,1
540,1763,0
1082,1763,1
1485,1763,-1
2132,1763,0
2141,1763,1
1790,1764,-1
2058,1764,1
241,1765,-1
1082,1765,1
2304,1765,1
1087,1766,-1
1089,1766,1
1092,1766,-1
1151,1766,-1
876,1767,1
899,1767,1
900,1767,-1
156,1768,-1
233,1768,1
1080,1768,-1
1459,1768,1
1460,1768,-1
651,1769,1
792,1769,-1
1080,1769,-1
1461,1769,1
1462,1769,-1
1080,1770,-1
1210,1770,-1
1424,1770,1
1461,1770,1
1462,1770,-1
1080,1771,-1
1461,1771,1
1462,1771,-1
1684,1771,1
1694,1771,-1
1850,1771,1
797,1772,-1
797,1772,1
1797,1773,-1
1797,1773,1
1801,1774,-1
1801,1774,1
569,1775,-1
669,1775,1
2150,1775,1
1818,1776,1
1856,1776,1
1867,1776,-1
1856,1777,-1
1857,1777,1
482,1778,1
933,1778,1
1811,1778,-1
682,1779,1
1600,1779,-1
137,1780,1
1080,1780,1
1082,1780,-1
1682,1780,1
2137,1780,0
2142,1780,-1
646,1781,1
1071,1781,1
1082,1781,-1
1813,1781,-1
1381,1782,1
1814,1782,-1
373,1783,1
1080,1783,-1
1082,1783,1
1461,1783,1
1462,1783,-1
1549,1783,-1
942,1784,-1
943,1784,1
1080,1784,-1
1082,1784,1
1549,1784,-1
1557,1784,1
942,1785,-1
943,1785,1
1082,1785,1
1549,1785,-1
1557,1785,1
1889,1785,-1
180,1786,1
1082,1786,1
1262,1786,-1
497,1787,1
540,1787,-1
1080,1787,1
1082,1787,-1
1738,1787,1
1824,1787,1
1261,1788,-1
1261,1788,1
1082,1789,-1
1157,1789,1
1835,1789,1
1152,1790,1
1161,1790,-1
1835,1790,1
1071,1791,1
1143,1791,-1
1949,1791,1
308,1792,1
1071,1792,1
1261,1792,-1
443,1793,1
540,1793,-1
1080,1793,1
1826,1793,1
1926,1793,-1
1542,1794,1
2104,1794,-1
2104,1794,1
1480,1795,0
1542,1795,-1
1542,1795,1
2104,1795,1
319,1796,-1
319,1796,1
1959,1797,-1
1959,1797,1
1478,1798,-1
1478,1798,1
576,1799,-1
576,1799,1
1542,1799,1
1242,1800,-1
1242,1800,1
1249,1800,-1
1249,1800,1
749,1801,-1
749,1801,1
1996,1802,-1
1996,1802,1
1957,1803,-1
1957,1803,1
1957,1804,-1
1957,1804,1
1307,1805,-1
1307,1805,1
1080,1806,-1
1080,1806,1
1835,1806,-1
1835,1806,1
497,1807,1
540,1807,-1
749,1807,-1
874,1807,1
1684,1807,1
2101,1807,-1
497,1808,1
540,1808,-1
749,1808,-1
1684,1808,1
2051,1808,-1
2052,1808,1
1054,1809,-1
1054,1809,1
849,1810,-1
849,1810,1
1581,1811,-1
1581,1811,1
2023,1812,1
2024,1812,-1
2024,1812,1
2025,1813,1
2030,1813,-1
2030,1813,1
1263,1814,-1
1263,1814,1
968,1815,-1
968,1815,1
1738,1815,1
742,1816,-1
742,1816,1
927,1817,-1
927,1817,1
2104,1818,-1
2104,1818,1
899,1819,0
926,1819,0
1786,1819,-1
1786,1819,1
610,1820,-1
610,1820,1
1542,1820,1
1542,1821,1
1725,1821,-1
1725,1821,1
1542,1822,-1
1542,1822,1
2220,1822,1
2201,1823,-1
2201,1823,1
978,1824,-1
978,1824,1
593,1825,-1
593,1825,1
978,1826,-1
978,1826,1
593,1827,-1
593,1827,1
593,1828,-1
593,1828,1
238,1829,1
1082,1829,-1
1083,1829,1
1549,1829,-1
1845,1829,1
1846,1829,-1
946,1830,1
1080,1830,1
1459,1830,-1
1460,1830,1
776,1831,1
1080,1831,1
1459,1831,-1
1460,1831,1
443,1832,1
540,1832,-1
1808,1832,1
1840,1832,-1
1841,1833,-1
1842,1833,-1
1843,1833,1
443,1834,1
540,1834,-1
1808,1834,1
1840,1834,-1
1843,1834,0
1808,1835,-1
1808,1835,1
203,1836,-1
757,1836,1
1080,1836,-1
1084,1836,-1
1751,1836,1
821,1837,1
1080,1837,-1
1461,1837,1
1462,1837,-1
1658,1837,0
1952,1837,-1
1853,1838,-1
1854,1838,-1
1855,1838,1
821,1839,1
1080,1839,-1
1461,1839,1
1462,1839,-1
1658,1839,0
821,1840,1
1080,1840,-1
1461,1840,1
1462,1840,-1
1658,1840,0
1952,1840,-1
418,1841,-1
1837,1841,-1
1872,1841,1
907,1842,-1
1512,1842,-1
1837,1842,-1
1859,1842,-1
1874,1842,1
1512,1843,-1
1859,1843,-1
1873,1843,1
1859,1844,-1
1875,1844,1
1230,1845,-1
1860,1845,-1
1862,1845,1
1201,1846,-1
1869,1846,1
651,1847,-1
1200,1847,-1
1867,1847,-1
1870,1847,1
1857,1848,-1
1860,1848,1
415,1849,-1
1871,1849,1
861,1850,-1
1861,1850,1
910,1851,-1
1512,1851,-1
1837,1851,-1
1865,1851,1
1512,1852,-1
1860,1852,-1
1863,1852,1
1117,1853,-1
1860,1853,-1
1864,1853,1
1512,1854,-1
1860,1854,-1
1866,1854,1
1862,1855,-1
1862,1855,1
1216,1856,1
1761,1856,-1
1860,1856,1
1812,1857,-1
1868,1857,1
1867,1858,1
1868,1858,-1
731,1859,-1
1512,1859,-1
1876,1859,-1
1881,1859,1
805,1860,-1
1512,1860,-1
1876,1860,-1
1882,1860,1
997,1861,-1
1837,1861,-1
1876,1861,-1
1883,1861,1
1512,1862,-1
1876,1862,-1
1879,1862,1
1192,1863,-1
1512,1863,-1
1837,1863,-1
1884,1863,1
1876,1864,-1
1877,1864,1
1402,1865,-1
1878,1865,1
1404,1866,-1
1837,1866,-1
1876,1866,-1
1885,1866,1
1512,1867,-1
1654,1867,-1
1837,1867,-1
1886,1867,1
1512,1868,-1
1817,1868,-1
1880,1868,1
1512,1869,-1
1849,1869,-1
1887,1869,1
662,1870,1
2010,1870,1
2011,1870,-1
662,1871,1
2012,1871,1
2013,1871,-1
662,1872,1
2009,1872,1
2010,1872,-1
1586,1873,-1
1892,1873,-1
1893,1873,1
1288,1874,1
1893,1874,-1
1894,1874,1
786,1875,-1
1897,1875,-1
1898,1875,1
1899,1876,-1
1900,1876,1
1900,1877,-1
1900,1877,1
409,1878,1
1226,1878,-1
1905,1878,-1
1517,1879,1
1580,1879,1
1581,1879,-1
1580,1880,1
1581,1880,-1
1583,1880,-1
1584,1880,1
783,1881,1
1580,1881,1
1581,1881,-1
177,1882,1
1580,1882,1
1581,1882,-1
1580,1883,1
1581,1883,-1
1687,1883,1
531,1884,-1
1084,1884,1
1459,1884,-1
1460,1884,1
1914,1884,0
2069,1884,1
1912,1885,-1
1913,1885,1
590,1886,-1
592,1886,1
1080,1886,-1
1461,1886,1
1462,1886,-1
590,1887,1
1080,1887,-1
1461,1887,1
1462,1887,-1
196,1888,1
1082,1888,-1
1514,1888,1
1918,1888,-1
1923,1888,1
1082,1889,1
1918,1889,1
1919,1889,-1
540,1890,-1
570,1890,1
1082,1890,-1
1684,1890,1
1738,1890,1
1920,1890,-1
1030,1891,1
1032,1891,1
1080,1891,-1
1082,1891,1
1922,1891,-1
1080,1892,-1
1082,1892,1
1085,1892,1
1461,1892,1
1462,1892,-1
1922,1892,-1
1085,1893,1
1239,1893,1
1923,1893,-1
2066,1893,1
858,1894,-1
1924,1894,-1
1925,1894,1
389,1895,-1
391,1895,1
1823,1895,-1
1925,1895,-1
1082,1896,-1
1738,1896,1
1924,1896,1
1927,1896,-1
443,1897,1
540,1897,-1
1847,1897,-1
2252,1897,1
443,1898,1
540,1898,-1
1927,1898,1
1928,1898,-1
1141,1899,-1
1141,1899,1
547,1900,-1
749,1900,1
1467,1900,1
1845,1900,-1
547,1901,-1
749,1901,1
1468,1901,1
643,1902,1
743,1902,1
1082,1902,-1
1844,1902,-1
643,1903,1
743,1903,1
1082,1903,-1
643,1904,1
743,1904,1
1082,1904,-1
1844,1904,-1
53,1905,-1
275,1905,1
1082,1905,-1
1272,1906,1
1851,1906,-1
1080,1907,-1
1082,1907,1
1461,1907,1
1462,1907,-1
1549,1907,-1
1851,1907,1
807,1908,1
1082,1908,-1
1835,1908,1
933,1909,1
1908,1909,-1
1316,1910,1
1835,1910,-1
1835,1910,1
209,1911,-1
210,1911,1
1080,1911,1
1082,1911,-1
1366,1911,1
1743,1911,-1
2301,1912,-1
2301,1912,1
1082,1913,-1
1083,1913,1
1549,1913,-1
1835,1913,1
2302,1913,-1
1521,1914,-1
1731,1914,1
781,1915,1
1276,1915,1
1934,1915,-1
1616,1916,-1
1986,1916,1
1942,1917,-1
1943,1917,1
2158,1917,1
2159,1917,-1
1942,1918,-1
1944,1918,1
2124,1918,-1
1945,1919,-1
1946,1919,1
1779,1920,1
1946,1920,-1
179,1921,1
1262,1921,-1
1459,1921,-1
1460,1921,1
1263,1922,-1
1513,1922,1
443,1923,1
540,1923,-1
1996,1923,-1
1997,1923,1
1080,1924,-1
1461,1924,1
1462,1924,-1
1889,1924,1
1976,1924,-1
170,1925,1
497,1925,1
540,1925,-1
749,1925,-1
1684,1925,1
1955,1925,-1
170,1926,1
497,1926,1
540,1926,-1
749,1926,-1
1684,1926,1
1955,1926,-1
1955,1927,-1
1955,1927,1
1021,1928,1
1082,1928,-1
1652,1928,-1
2176,1928,1
1082,1929,-1
1738,1929,1
1996,1929,1
1997,1929,-1
1969,1930,-1
1969,1930,1
669,1931,1
1143,1931,1
1549,1931,-1
1908,1931,1
1970,1931,-1
1082,1932,-1
1738,1932,1
1973,1932,-1
2003,1932,1
1082,1933,-1
1738,1933,1
1972,1933,-1
2000,1933,1
568,1934,1
596,1934,-1
1356,1934,1
1630,1935,-1
1630,1935,1
355,1936,1
568,1936,1
569,1936,-1
1080,1936,1
1566,1937,1
1580,1937,1
1657,1937,-1
651,1938,-1
651,1938,1
1136,1939,1
1809,1939,-1
1834,1939,1
1982,1940,-1
1983,1940,1
2081,1940,-1
1983,1941,-1
1983,1941,1
1082,1942,-1
1987,1942,1
60,1943,1
1080,1943,1
1459,1943,-1
1460,1943,1
1987,1943,-1
758,1944,-1
759,1944,1
1991,1944,-1
1082,1945,1
1206,1945,1
1549,1945,-1
171,1946,1
497,1946,1
540,1946,-1
749,1946,-1
1082,1946,1
1684,1946,1
171,1947,1
497,1947,1
540,1947,-1
1082,1947,1
1684,1947,1
1995,1947,-1
1995,1948,-1
1995,1948,1
234,1949,-1
323,1949,1
590,1950,1
591,1950,-1
887,1951,-1
939,1951,1
2017,1951,1
395,1952,-1
752,1952,1
1328,1952,1
1491,1952,1
1492,1952,1
1493,1952,1
1494,1952,1
1495,1952,1
1496,1952,1
1963,1952,1
547,1953,-1
551,1953,1
749,1953,1
552,1954,1
749,1954,1
1472,1954,-1
1057,1955,-1
2018,1955,1
2118,1955,1
592,1956,-1
2244,1956,1
662,1957,1
666,1957,-1
1238,1957,1
936,1958,-1
938,1958,1
1080,1958,1
1056,1959,1
1063,1959,-1
1063,1959,1
263,1960,-1
749,1960,-1
2116,1960,1
2282,1960,1
266,1961,-1
2112,1961,1
2282,1961,1
1030,1962,1
1080,1962,-1
1084,1962,1
1809,1962,-1
2302,1962,1
1080,1963,-1
1183,1963,1
1461,1963,1
1462,1963,-1
1932,1963,1
1080,1964,-1
1183,1964,1
1461,1964,1
1462,1964,-1
1932,1964,1
276,1965,1
420,1965,0
547,1965,1
749,1965,-1
900,1965,1
1080,1965,1
1082,1965,-1
1459,1965,-1
1460,1965,1
2008,1965,0
2314,1965,-1
143,1966,1
292,1966,-1
1256,1966,1
1266,1966,-1
428,1967,1
741,1967,0
430,1968,-1
431,1968,1
741,1968,0
741,1969,0
905,1969,1
472,1970,1
741,1970,0
741,1971,0
1640,1971,1
1751,1972,1
1822,1972,1
1930,1972,-1
1978,1972,0
497,1973,1
540,1973,-1
1358,1973,-1
1359,1973,-1
1360,1973,1
1684,1973,1
1836,1973,1
837,1974,-1
837,1974,1
1210,1975,-1
1210,1975,1
443,1976,1
540,1976,-1
1624,1976,1
1954,1976,-1
1954,1976,1
443,1977,1
540,1977,-1
1738,1977,1
1977,1977,1
2104,1978,-1
2104,1978,1
660,1979,1
1316,1979,-1
1316,1979,1
1054,1980,-1
1054,1980,1
1150,1981,-1
1150,1981,1
299,1982,1
327,1982,1
592,1982,-1
1263,1982,-1
1549,1982,-1
823,1983,-1
1239,1983,1
1933,1983,1
2004,1983,0
904,1984,-1
1684,1984,1
1694,1984,1
1080,1985,1
1247,1985,1
1264,1985,-1
1554,1985,0
1829,1985,0
2199,1985,-1
823,1986,1
1080,1986,-1
1082,1986,1
1183,1986,-1
1264,1986,-1
1461,1986,1
1462,1986,-1
299,1987,1
592,1987,-1
1246,1987,1
1264,1987,-1
1549,1987,-1
1105,1988,1
1185,1988,-1
1343,1988,1
995,1989,-1
1344,1989,1
1684,1989,1
2216,1989,-1
443,1990,1
540,1990,-1
664,1990,1
1080,1991,1
1082,1991,-1
1459,1991,-1
1460,1991,1
2023,1991,1
583,1992,1
2018,1992,1
2023,1992,-1
593,1993,-1
597,1993,1
2018,1993,1
989,1994,-1
990,1994,1
2018,1994,1
2023,1994,-1
593,1995,-1
597,1995,1
2018,1995,1
583,1996,1
597,1996,-1
2018,1996,1
643,1997,-1
1050,1997,1
2018,1997,1
1547,1998,-1
1548,1998,1
2018,1998,1
669,1999,1
1080,1999,-1
2030,1999,1
1560,2000,1
1684,2000,1
1692,2000,-1
669,2001,1
672,2001,1
2033,2001,-1
669,2002,1
673,2002,1
2034,2002,-1
1082,2003,1
1110,2003,-1
2034,2003,1
966,2004,-1
1684,2004,1
2020,2004,1
443,2005,1
540,2005,-1
703,2005,1
1080,2005,1
1082,2005,-1
1248,2005,-1
1249,2005,1
1738,2005,1
2035,2005,-1
443,2006,1
540,2006,-1
703,2006,1
1080,2006,1
1082,2006,-1
1248,2006,-1
1249,2006,1
1738,2006,1
2035,2006,-1
1080,2007,1
1461,2007,1
1462,2007,-1
1550,2007,1
468,2008,1
547,2008,-1
749,2008,1
626,2009,-1
626,2009,1
1126,2010,-1
1126,2010,1
631,2011,-1
1779,2011,1
1702,2012,-1
2296,2012,1
975,2013,-1
977,2013,1
975,2014,1
977,2014,-1
2043,2014,1
2043,2015,-1
2043,2015,1
2043,2016,-1
2043,2016,1
1723,2017,-1
1723,2017,1
2044,2018,-1
2045,2018,-1
2046,2018,1
2047,2019,-1
2048,2019,-1
2049,2019,1
1080,2020,-1
1344,2020,1
1345,2020,-1
2049,2020,0
1080,2021,-1
1344,2021,1
181,2022,1
1725,2022,1
1726,2022,-1
186,2023,1
1080,2023,-1
1082,2023,1
1461,2023,1
1462,2023,-1
1549,2023,-1
2042,2023,-1
1080,2024,1
1082,2024,-1
1170,2024,-1
1459,2024,-1
1460,2024,1
2055,2024,1
1080,2025,1
1082,2025,-1
1459,2025,-1
1460,2025,1
2321,2025,1
1082,2026,-1
1083,2026,1
1170,2026,-1
1549,2026,-1
2055,2026,1
1082,2027,-1
1083,2027,1
1549,2027,-1
2055,2027,-1
2321,2027,1
497,2028,1
540,2028,-1
1015,2028,1
1080,2028,1
1082,2028,-1
1248,2028,-1
1249,2028,1
1684,2028,1
443,2029,1
540,2029,-1
2058,2029,1
974,2030,-1
2018,2030,1
2026,2030,-1
2323,2030,1
657,2031,1
2059,2031,-1
1080,2032,-1
1461,2032,1
1462,2032,-1
2059,2032,1
197,2033,1
1229,2033,-1
1249,2033,-1
1307,2033,1
197,2034,1
1249,2034,-1
1307,2034,1
647,2035,-1
648,2035,1
1080,2035,1
1082,2035,-1
1459,2035,-1
1460,2035,1
647,2036,-1
648,2036,1
1080,2036,1
1082,2036,-1
1459,2036,-1
1460,2036,1
647,2037,-1
647,2037,1
497,2038,1
540,2038,-1
547,2038,1
648,2038,-1
749,2038,-1
1684,2038,1
497,2039,1
540,2039,-1
547,2039,1
749,2039,-1
1684,2039,1
412,2040,-1
1080,2040,-1
1459,2040,1
2095,2040,1
413,2041,-1
547,2041,1
749,2041,-1
413,2042,-1
749,2042,1
1111,2042,1
547,2043,-1
669,2043,1
749,2043,1
1080,2043,-1
1082,2043,1
1413,2043,-1
1461,2043,1
1462,2043,-1
1574,2043,1
648,2044,1
749,2044,1
1082,2044,-1
443,2045,1
540,2045,-1
547,2045,-1
660,2045,0
1096,2045,-1
1413,2045,1
1738,2045,1
423,2046,1
547,2046,-1
749,2046,1
454,2047,-1
497,2047,1
933,2047,1
769,2048,1
1080,2048,1
1461,2048,-1
1462,2048,1
948,2049,1
968,2049,-1
184,2050,-1
1249,2050,1
2064,2050,1
184,2051,1
185,2051,-1
1080,2051,1
1082,2051,-1
1459,2051,-1
1460,2051,1
669,2052,1
749,2052,-1
998,2052,1
1459,2052,-1
1460,2052,1
2064,2052,-1
184,2053,1
197,2053,1
1249,2053,-1
2064,2053,-1
197,2054,-1
669,2054,1
749,2054,-1
1459,2054,-1
1460,2054,1
1907,2054,1
197,2055,-1
443,2055,0
1035,2055,0
1080,2055,-1
1082,2055,1
1249,2055,1
1457,2055,1
1515,2055,-1
194,2056,-1
547,2056,1
749,2056,-1
1691,2056,1
194,2057,1
1080,2057,1
1460,2057,1
2065,2057,-1
1080,2058,-1
1459,2058,1
1460,2058,-1
2065,2058,1
195,2059,-1
899,2059,-1
900,2059,1
2313,2059,1
1082,2060,-1
1257,2060,1
2039,2060,1
1082,2061,-1
1257,2061,1
2039,2061,1
971,2062,1
1071,2062,-1
1257,2062,1
532,2063,-1
933,2063,1
1240,2063,1
497,2064,1
540,2064,-1
1082,2064,-1
1241,2064,1
1248,2064,-1
1249,2064,1
1684,2064,1
1770,2065,-1
1771,2065,1
2089,2065,-1
2222,2066,-1
2223,2066,1
1768,2067,-1
1769,2067,1
1768,2068,-1
1769,2068,1
1770,2069,-1
1772,2069,1
497,2070,1
540,2070,-1
585,2070,-1
588,2070,1
749,2070,-1
1684,2070,1
749,2071,1
1071,2071,-1
1108,2071,1
1239,2072,1
1562,2072,1
1723,2072,-1
854,2073,-1
855,2073,1
1580,2073,1
1581,2073,-1
193,2074,1
1080,2074,1
1459,2074,-1
1460,2074,1
749,2075,1
1082,2075,-1
2097,2075,1
443,2076,1
540,2076,-1
1096,2076,-1
1738,2076,1
2100,2076,1
540,2077,1
1082,2077,-1
1096,2077,1
1738,2077,-1
2100,2077,-1
2100,2077,1
1082,2078,-1
2098,2078,1
2100,2078,-1
237,2079,1
669,2079,1
1080,2079,-1
1082,2079,-1
1515,2079,1
2029,2079,-1
669,2080,1
1080,2080,-1
1082,2080,-1
1515,2080,1
2092,2080,1
1764,2081,-1
1765,2081,1
2106,2081,-1
1766,2082,-1
1767,2082,1
2106,2082,-1
1637,2083,1
1638,2083,-1
2107,2083,1
625,2084,-1
1243,2084,1
1738,2084,1
643,2085,-1
1082,2085,-1
1840,2085,1
1902,2085,1
1082,2086,-1
1840,2086,1
1902,2086,1
651,2087,-1
1580,2087,1
2115,2087,1
651,2088,1
1082,2088,-1
1276,2088,1
660,2089,-1
1211,2089,1
1350,2090,1
1354,2090,1
1392,2090,-1
1395,2090,1
443,2091,1
540,2091,-1
694,2091,-1
1729,2091,1
443,2092,1
540,2092,-1
694,2092,-1
1729,2092,1
443,2093,1
540,2093,-1
664,2093,1
762,2093,-1
443,2094,1
540,2094,-1
664,2094,1
762,2094,-1
947,2095,0
948,2095,0
983,2095,1
984,2095,-1
985,2095,1
1929,2095,0
443,2096,1
540,2096,-1
2127,2096,-1
2131,2096,1
1080,2097,-1
1082,2097,-1
1515,2097,1
2134,2097,-1
2147,2097,1
443,2098,-1
540,2098,1
2148,2098,1
810,2099,1
1971,2099,1
2147,2099,-1
443,2100,1
540,2100,-1
2146,2100,1
2148,2100,-1
1080,2101,1
1082,2101,-1
1684,2101,1
2147,2101,1
2149,2101,-1
1371,2102,1
1845,2102,-1
1846,2102,1
808,2103,1
1580,2103,1
1581,2103,-1
156,2104,1
276,2104,-1
899,2104,-1
900,2104,1
443,2105,1
540,2105,-1
2126,2105,-1
2130,2105,1
443,2106,1
2133,2106,-1
2135,2106,1
2221,2107,-1
2221,2107,1
1574,2108,1
2221,2108,1
2260,2108,-1
151,2109,1
1082,2109,-1
1276,2109,1
643,2110,1
803,2110,-1
1080,2110,-1
1082,2110,1
1457,2110,1
1458,2110,-1
1080,2111,-1
1082,2111,1
1444,2111,1
1461,2111,1
1462,2111,-1
1549,2111,-1
885,2112,1
970,2112,-1
799,2113,-1
970,2113,1
628,2114,-1
2166,2114,1
1525,2115,-1
2172,2115,1
442,2116,0
1240,2116,-1
1243,2116,1
1461,2116,1
1462,2116,-1
1521,2116,1
1549,2116,-1
211,2117,-1
2260,2117,1
2166,2118,-1
2167,2118,1
1526,2119,-1
2166,2119,-1
2169,2119,1
832,2120,-1
2169,2120,-1
2170,2120,1
1443,2121,-1
2170,2121,-1
2171,2121,1
2172,2122,-1
2172,2122,1
852,2123,-1
853,2123,1
1580,2123,1
1581,2123,-1
647,2124,1
1080,2124,1
1459,2124,-1
1460,2124,1
749,2125,1
930,2125,-1
1082,2125,-1
1097,2125,1
412,2126,1
933,2126,1
1082,2126,-1
947,2127,0
948,2127,0
983,2127,-1
984,2127,1
1929,2127,0
983,2128,-1
983,2128,1
443,2129,1
540,2129,-1
1080,2129,-1
1249,2129,-1
1250,2129,1
1461,2129,1
1462,2129,-1
1738,2129,1
197,2130,1
1250,2130,-1
1257,2130,1
197,2131,1
443,2131,0
1035,2131,0
1080,2131,1
1082,2131,-1
1249,2131,-1
1457,2131,-1
1458,2131,1
1515,2131,1
443,2132,1
540,2132,-1
1248,2132,1
1249,2132,-1
1515,2132,-1
1738,2132,1
547,2133,-1
749,2133,1
1240,2133,0
1475,2133,1
1082,2134,-1
1249,2134,1
1515,2134,1
198,2135,1
1239,2135,1
1723,2135,-1
202,2136,-1
1007,2136,1
1030,2136,1
669,2137,1
899,2137,-1
900,2137,1
2125,2137,1
1028,2138,1
1030,2138,-1
1080,2138,-1
1461,2138,1
1462,2138,-1
47,2139,1
749,2139,1
967,2139,-1
1071,2140,-1
1082,2140,-1
1083,2140,1
1515,2140,1
1549,2140,-1
2188,2140,1
443,2141,1
540,2141,-1
737,2141,0
1716,2141,1
443,2142,1
540,2142,-1
737,2142,0
1718,2142,1
1719,2142,-1
443,2143,1
540,2143,-1
737,2143,0
1721,2143,1
966,2144,1
2185,2144,-1
2203,2144,1
966,2145,1
1738,2145,-1
2186,2145,-1
2204,2145,1
1080,2146,-1
1461,2146,1
1462,2146,-1
2187,2146,1
1071,2147,1
1723,2147,1
2188,2147,-1
568,2148,1
569,2148,-1
694,2148,1
971,2148,-1
1080,2148,1
616,2149,-1
1083,2149,1
1549,2149,-1
2315,2149,1
1251,2150,-1
1515,2150,1
2016,2150,1
1477,2151,-1
2193,2151,-1
2194,2151,1
291,2152,1
1104,2152,-1
1549,2152,-1
443,2153,1
540,2153,-1
2250,2153,1
899,2154,-1
900,2154,1
1207,2154,-1
1313,2154,1
197,2155,1
443,2155,0
669,2155,1
1080,2155,1
1459,2155,-1
1460,2155,1
197,2156,1
669,2156,1
1080,2156,1
1461,2156,-1
1462,2156,1
197,2157,1
669,2157,1
1080,2157,1
1211,2157,-1
1462,2157,1
660,2158,1
1211,2158,-1
900,2159,1
1212,2159,-1
2100,2159,1
197,2160,-1
512,2160,1
1249,2160,1
245,2161,1
1080,2161,-1
1082,2161,1
1252,2161,-1
1461,2161,1
1462,2161,-1
1549,2161,-1
509,2162,1
1239,2162,1
1252,2162,-1
1723,2162,-1
157,2163,1
899,2163,-1
900,2163,1
197,2164,-1
1229,2164,1
1249,2164,1
197,2165,-1
1228,2165,1
1249,2165,1
0,2166,1
2202,2166,-1
547,2167,1
669,2167,1
749,2167,-1
1460,2167,1
1723,2167,-1
1274,2168,-1
1580,2168,1
2211,2168,1
197,2169,-1
1080,2169,-1
1082,2169,1
1461,2169,1
1462,2169,-1
1810,2169,1
1080,2170,1
1459,2170,-1
1460,2170,1
1551,2170,1
197,2171,-1
197,2171,1
1316,2171,1
1316,2172,1
1738,2172,-1
1738,2172,1
286,2173,1
291,2173,-1
547,2174,1
669,2174,1
1415,2174,-1
193,2175,-1
669,2175,1
749,2175,-1
1080,2175,1
1459,2175,-1
1460,2175,1
1691,2175,1
1080,2176,-1
1459,2176,1
1460,2176,-1
2097,2176,1
443,2177,1
540,2177,-1
2240,2177,1
2240,2178,-1
2241,2178,1
645,2179,1
1082,2179,-1
1738,2179,1
900,2180,1
1405,2180,-1
2320,2180,1
983,2181,1
984,2181,-1
985,2181,1
1054,2181,0
1243,2182,-1
1243,2182,1
1257,2182,1
197,2183,-1
1249,2183,1
1250,2183,1
669,2184,1
1257,2184,-1
1749,2184,1
669,2185,1
993,2185,1
1551,2185,-1
1602,2185,1
669,2186,1
993,2186,1
1035,2186,-1
1602,2186,1
197,2187,1
1242,2187,1
1551,2187,-1
197,2188,1
1242,2188,1
1552,2188,-1
2234,2189,-1
2234,2189,1
2235,2190,-1
2235,2190,1
2255,2191,-1
2256,2191,1
1758,2192,-1
1759,2192,-1
1760,2192,-1
2255,2192,-1
2257,2192,1
2255,2193,-1
2255,2193,1
669,2194,1
1104,2194,1
1549,2194,-1
197,2195,1
1125,2195,-1
1264,2195,1
1580,2196,1
1581,2196,-1
2259,2196,1
443,2197,1
540,2197,-1
613,2197,-1
614,2197,1
46,2198,1
749,2198,1
1724,2198,-1
232,2199,1
669,2199,1
749,2199,1
1261,2199,-1
1563,2199,0
899,2200,-1
900,2200,1
2318,2200,1
211,2201,1
1577,2201,-1
626,2202,1
749,2202,-1
1724,2202,1
443,2203,1
540,2203,-1
628,2203,0
1648,2203,-1
2251,2203,1
410,2204,1
1648,2204,1
2261,2204,-1
497,2205,1
540,2205,-1
749,2205,-1
1684,2205,1
2262,2205,-1
2264,2205,1
749,2206,1
2263,2206,1
2264,2206,-1
247,2207,1
1239,2207,1
1259,2207,-1
600,2208,-1
2265,2208,1
782,2209,1
1586,2209,-1
1844,2209,1
643,2210,-1
782,2210,1
1844,2210,1
693,2211,1
1082,2211,-1
1738,2211,1
443,2212,-1
540,2212,0
540,2212,1
547,2212,0
885,2212,0
1080,2212,-1
1602,2212,-1
1723,2212,1
2106,2212,0
660,2213,1
1602,2213,-1
1602,2213,1
1082,2214,-1
1282,2214,1
1738,2214,1
893,2215,-1
2268,2215,-1
2269,2215,1
1082,2216,-1
1648,2216,1
1738,2216,1
2251,2216,-1
497,2217,1
540,2217,-1
749,2217,-1
1684,2217,1
1736,2217,-1
1737,2217,1
197,2218,-1
260,2218,1
669,2218,1
1549,2218,-1
1737,2218,-1
1908,2218,1
1082,2219,-1
1444,2219,-1
1902,2219,1
2270,2219,1
966,2220,1
1039,2220,1
2273,2220,-1
966,2221,1
1036,2221,1
2272,2221,-1
3,2222,1
497,2222,1
540,2222,-1
749,2222,-1
1684,2222,1
2281,2222,-1
443,2223,1
540,2223,-1
1336,2223,1
1691,2223,-1
1738,2223,1
626,2224,-1
749,2224,1
1745,2224,1
2282,2224,-1
1082,2225,-1
1431,2225,0
1738,2225,1
592,2226,1
1080,2226,-1
1459,2226,1
1460,2226,-1
970,2227,1
1826,2227,1
2058,2227,-1
1757,2228,-1
1790,2228,1
398,2229,1
2018,2229,1
2022,2229,-1
578,2230,1
1079,2230,-1
2018,2230,1
185,2231,1
1080,2231,1
1082,2231,-1
1249,2231,1
1459,2231,-1
1460,2231,1
856,2232,1
948,2232,1
1826,2232,-1
443,2233,1
540,2233,-1
1838,2233,-1
1839,2233,1
749,2234,1
803,2234,1
1838,2234,-1
1082,2235,-1
1738,2235,1
1838,2235,1
1839,2235,-1
1148,2236,1
1603,2236,1
1839,2236,-1
1082,2237,-1
1738,2237,1
1840,2237,1
1082,2238,-1
1738,2238,1
1840,2238,1
1738,2239,1
1808,2239,-1
1840,2239,1
1102,2240,1
1603,2240,1
1808,2240,-1
497,2241,1
540,2241,-1
1684,2241,1
1920,2241,-1
1921,2241,1
2306,2241,-1
497,2242,1
540,2242,-1
1684,2242,1
1928,2242,1
2307,2242,-1
1580,2243,1
1581,2243,-1
2308,2243,-1
2309,2243,1
547,2244,1
749,2244,-1
1080,2244,1
1082,2244,-1
1083,2244,1
1459,2244,-1
1460,2244,1
1549,2244,-1
1568,2244,1
204,2245,-1
1080,2245,-1
1461,2245,1
1462,2245,-1
1988,2245,1
443,2246,1
540,2246,-1
1971,2246,1
2002,2246,-1
1999,2247,1
2001,2247,-1
2145,2247,1
309,2248,1
1080,2248,-1
1461,2248,1
1462,2248,-1
1998,2248,-1
1738,2249,1
1999,2249,-1
2001,2249,1
1082,2250,-1
2065,2250,1
2313,2250,-1
229,2251,1
1082,2251,-1
2316,2251,-1
15,2252,1
1082,2252,-1
16,2253,1
1082,2253,-1
12,2254,1
1082,2254,-1
2318,2254,-1
17,2255,1
1082,2255,-1
13,2256,1
1082,2256,-1
781,2257,1
1082,2257,-1
1276,2257,1
1125,2258,1
1249,2258,1
1264,2258,-1
34,2259,1
1738,2259,1
2038,2259,-1
310,2260,1
1080,2260,-1
1461,2260,1
1462,2260,-1
290,2261,1
1082,2261,-1
856,2262,-1
948,2262,1
970,2262,1
1790,2263,1
2058,2263,-1
92,2264,1
1082,2264,1
2324,2264,-1