0,1
2
3
4
5
951,2243
1148
1148
10
24,212
11
12
13
14
15
16
17
18
566,1162,1444,2503,2512,2515
443,2505
129,495
129,131,495,1038,1408,2517
783,2311,2357,2508,2527
664,2341,2509
688,2510
688,2284,2351,2510,2531
688,2351,2510
1018,2513
131,1038
131,1038,1408,2517
664,1018,2259,2341,2505,2509,2513,2530
443,664,2505,2509
129,495,688,2510
740,1066,2294,2355,2507,2511,2514,2532
2357,2527
19
21
21,2365
22
23
24
26
27
28
29
30
31
32
33
34
35
36
37
38
30,222
41
42
44
45
46
47
48
49
50
51
52
53
54
55
56
57
58
59
60
61
62
63
64,65
67
68,69
71
72
73
74
76
77
78
79
80
81
82
83
84
85,86
87
88,89,90
89,90
91
92,103,118
93
94
95
96
6,40
98
99
100,383
101
102
104
105
106
107
108
109
110
111
2,111,112
112
113
114
110,114
115
115,116,117
116
117
119
120
121
122
123
124
125
126
127
128,1436,1573,2030
129
131
132
133
134
135
136
138
139
141
142
143
144
145
146
147
148
149
150
151
152
153
154
155
156
157
158
159
160
161
162
163
164
165
166
167
168
169
170
171
172
173
174
175
176
177
178
179
180
181
182
183
184
185
1007,1010
187
188
189
190
191
192
193
194
195
196
197
198
200
201
483,1299,2014
202,204
203,572
1625,2167
1625,1625
205
206
207
208
209
210
211
213
214
215
216
217
218
219
220
223
224
225
226
227
228
229
230
1448,1633,1767,1768
1595,1634,1635,1638,1778
233
234
235
236
237
238
239
240
241
242
243
244
245
246
247
248
249
250
251
252
253
254
255
256
257
258
259
260
261
262
263
264
265
266
267
268
269
270
271
272
273
274
275
276
277
278
279
280
281
282
283
284
286
287
288
289
290
291
292
293
294
295
296
297
622,1693
1693,1896
300
301
302
303
304
305
306
308
309
310
311
312
313
314
315
316
318
319
320
321
322
231,232
324
325
326
327
328
329
330
331
332
333
334
335
336
337
338
339
340
341
342
343
344
345
346
347
348
349
350
351
352
353
354
355
356
357
358,359
621,1591
623
1897
761,1446,2401
1590,1591
362
363
364
365
366
367
368
371
372
373
374
375
376
377
378
379
43,75,380
381
382
384
385
386
387
388
389,1691,2590
390,2151,2229
390,2151,2231
323,1636,1637
488,2401
488,2044,2401
391,958,1790
393
394
395
396
397
398
403
399
400
400,1745,1826
401
402
407
408
409
410
411
412
411,1693
413
414
413,1693
416
417
418
422
424,1594
423
425
425,1545
413,618
426,427
429
428
430
431
432
433
434
435
571,980
436
437,438
439,440,441
442
443
443,664,1018,1407,2341
443,664,1018,2341
444
445
446
447
447,1736
449,451
448,450
452
453
454
455
456
457
458
459
461
466
467
461,467
462,468
463,469
464,470
465,471
467,865
472
473
475
476
477,1442
478,483,1299,2014
478,2254
479,2254
480,529
481
481,529
482
484
486
487
489
490
490,1829,1978
491
491,1004
491,2562
492
493,761,971
495
129,1408,2420,2561
2420,2502,2561,2694
496
1999,2000,2004
497,1999,2000
498
499
500
501
502
503
504
505
506
507
508
509
511
512
514
515
518
519
519,2663
520
521
522
523
524
526,527
525,1942
524,1943,1953
528,530
531,533,534,535,536,537,538,539,540,541,2207
542
544
545,2432
545,2432,2433,2434,2435,2436
2433,2434
546
547
548
548,740,1066,1439,2355
443,910,2056
548,910
553
554,2031
555
1841,2015,2565
1842,2016,2565
556
557
558
559
560
561
497,2000,2626
564
565
566
566,2503
566,1162,1444,2503
567
568
569,1692
568,987
571
572
573
574
575
577
578
604,895,1968,2099
581
582
583
584
585
585,1540
191,1430,1438
588
589
590
591
592
593
594
596
597
598
599
600
491,600
600,1065
601
602
589,602
603
369,370,616,2455
606
607
608
609
610
611
612
613
614
617
618,1693
619,1693
620
624
625
626
627
629,630,631,632,633,634,636
628,638
637
639,640,641,642,643,644,646
647
648
649,761
652
653
655
656
777,2153
657
658
659
660
663
664,1018,1407,2341
664,1018,2341
665
666
667
668
694,1985
670
671
672
674
675
676
677
678
679
810,818
801,2537
680
683,685
684,2579
686
687
688
2284,2502,2694
688,2351
1408,2502,2561,2694
689
690
691
692
693
694
695
696
697,698
699
700
701
702
1561,2141,2142,2220,2242
703,704,705,706,708
707
709
710
711,712,713,714
715,1949
716
717
718
719
510,512,513,516,517,518,579,675,676,2244
720,2444
518,721,1301
722
724
586,595,735,736,828,1738,2363
725
726
727,728,729,730,731,732,734
635,645,733
737
738
739
740
740,1066,2355
741
164,741
494,741
742,1024
164,741,1002
743
744,973
744,2562
747
746,1843
748,939,943
748,940,943
749
750
751,971
751,972
752
753
754
755
756
757
759
1422,1424,1441
1421,1423,1425
761
762
764
765
766
1617,1618
767
768
769
770
628,638,763,770
771
772
773
774
654,673,723,1193,1603,1739,1740,1742,2162,2265
392,959,1790
1191,1743,1744,2155,2156
45,492,701,1881
778
779
780
781
781,2303
137,140,317
783,2311,2357
783,2357
783,2508
745,2551
745,2552
784
785
786
787
788
789
790
791
792
793
794
795,796,797,798,799,800,803
804,805,806,807,808,809,811
812,813,814,815,816,817,819
820
821
822
823
824
825,1594
826
662,826,1547
826,1909
829
830
831
832
833
834
835
836
837
838
839
840
841
842
843
844
845
846
847
848
7,8,9,307
849
850
850,852
852
854
855
587,856,1906,2405
857
858
859
860
861
862
863
864
865
866
867
868
869
870
871
872
873
1672,1675
2106,2108,2109
874
39,72,97
818,2537
635,2496
802,810,818
875
877
878
879
880
881
882
883
884
885
887,1018
887,1066
43,75,310,380
888
889
891
892
893
894,1069,1692,1987,2557
894,1070,1692,1987,2558
894,1069,1692,1987,2646
894,1070,1692,1987,2647
896
897
898
899
900
901,902,924,2420
901,902,925,2420
903
904
905
906
615,663,1719
908
909
851
549,550,551,552
966,2340
965,2340
911
912
913
912,1583
917
919
912,914,915,916,917,918,919,920,921
922,1544
1552,1855,1889,2206
923
924
925
926
927
928
930
931
931
932
1551,1854,1884,2205
933
934
935
936
937,941
938,942
924,943
925,943
944
829,1854,1884,2046,2092
944,945
946
947
948
949
950,952
953
955
956
955,956
957
1752,1764,1785,1789,1791,1797,1799,1800
960
961
962,1436,1573,2030
186,962,1436,1573,2030
963
964
965
966
967
968
969
970
971
972
974
762,974
975
976
977
1039,1066
570,980
1162,2512
982,987
978,1066
983,987
981,1066
984,986
985,986
980,987
1163,1164
991,992
989,990
979,988
993
994
995
996
997
998
999
1000
1001
1302,2248,2446
726,758,1509
474,586,595,735,736,828,1044,1045,1046,1047,1048,1049,1300,1738,2144,2145,2146,2147,2363
1002
164,1002
1002,2364
1003,2252
1006
760,1006
1008
1009
1011
1011,1012
1012
1013
853,1013
1013,2127
1014
1015
1016,1035
1017,1037
1018
1019
1020
1021
1022
1023
762,1023
1025
1026
1027
1028
979,987,1030
980,987,1030
979,987,1031
1032
1033
186,1033
1034
1035
1036
1035,1036
1037
1038
1038,1408
1040
1041
1042
1043
1050,1053
1051
1052
1054
1055
1056
1057
1058
1059
1060
1061
1062
1063
912,1064
1066
1067,1693
1067,1069,1692
1067,1692,2612
1068,1693
1068,1070,1692
1068,1692,2613
1071
1072
1073,1074,1075,1076,1077,1078,1079,1080,1081,1082,1083,1084,1085,1086,1087,1088,1089,1090,1091
1092
1093
1094,1095,1096,1097,1098,1099,1100,1101,1102,1103,1104,1105,1106,1107,1108,1109,1110,1111,1112
1113,1114,1115,1116,1117,1118,1119
1120
1121
1122
1123
1124
1125
1126
1127
1129,1130,1131,1132,1133,1141,1146
1128,1134,1135,1136,1137,1138,1139,1140,1142,1143,1144,1145
1128,1129,1130,1131,1132,1133,1134,1135,1136,1137,1138,1139,1140,1141,1142,1143,1144,1145,1146
1147
1148
1149
1150
1151
1152
1153
1154
1155
1156
1157
1158
1159
1160
1162,1444,2512,2515
1161
1161,1383
1165
1166
1167
1168
1169
1170
1171
1172
1173
1147
1147
1174,1179,1311
1175,2161
1178
661,1207,1574,2197
1180
1181
1182
1183
1184
1185
1186
1187
1188
1189
1190
1192
1194
1195
1196
1196,2579
1197
1198
1199
1200
1201
1202
1203
1204
1205
1206
1208
1209
1749,1750,1751,1753,1754,1755,1756,1757,1758,1759,1762,1771,1772,1773,1774,1775,1776,1777,1779,1780,1781,1782,1783
1211
1212
1213
1214
1215
474,1044,1045,1046,1047,1048,1049,1300,2144,2145,2146,2147
1216,1217,1218,1219,1220,1221,1222,1223,1225,1226,1227,1228
1229,1230,1231,1232,1233,1234,1235,1236,1238,1239,1240,1241
1242,1243,1244,1245,1246,1247,1248,1249,1251,1252,1253,1254
1255,1256,1257,1258,1259,1260,1261,1262,1264,1265,1266,1267
1268,1269,1270,1271,1272,1273,1274,1275,1277,1278,1279,1280
1281,1282,1283,1284,1285,1286,1287,1288,1289,1290,1291,1292
1294
1295
1296
1296,2579
1297
1298
1224,1237,1250,1263,1276,1293
1302
1303
1304
1305
1306
1306,1308
1307
1309
1310
1311
1312
1313
1314
1315
1316
1317
1318
1319
1320
1321
1322,1323,1324,1325,1326,1327,1328,1329,1330,1331,1332,1333
1334,1335,1336,1337,1338,1339,1340,1341,1342,1343,1344,1345
1346,1347,1348,1349,1350,1351,1352,1353,1354,1355,1356,1357
1358,1359,1360,1361,1362,1363,1364,1365,1366,1367,1368,1369
1370,1371,1372,1373,1374,1375,1376,1377,1378,1379,1380,1381
1382
1158,1382,1724
2566,2567,2568,2569
1383
1384
1385
1386
1387
1388
1389
1390
1391
1392
1393
1394
1395
1396
1397
1398
1399,1401
1400
1402
1403
1404
1405
1406
1407
1408
2595,2664,2683
1411,1412
1409,1410
1413
1414
1416,1417
1415,2607
1761,1770,1788,1793,1795
1420
1426
1427
1428
1430
1431,1433
285,1432
1434
1435
1438
1439
1391,1440
1443
1462,2076
1970,1971,1988
1444
1444,2515
1445
199,299
1419,1765,1766,2276
1210,1447
1449
1450
1451
405,1455
404,1456
1459,1460,1461
1459,1460,1461
1462
419,954,1458,1570,1852,1858,1996
1463,1464,1465,1466,1467,1468,1469
1470,1471,1472,1473,1474,1475,1476
1477
1478,1479,1480,1481,1482,1483,1484
1485,1486,1487,1488,1489,1490,1491
1492,1493,1494,1495,1496,1497,1498
1499,1500,1501,1502,1503,1504,1505
1506
1507
1508
1509
1510
1511
1512
1513
1514
1515
1516
1517
1518
1520
1521
1523
1524
1525
1526
1527
1528
1529
1530
1531
1532
1533
1534
1535
1536
1537
1538
1539
1540
1541
1542
1543
1544
1545
1546
1548
1550
1551
1553
1554
1555,1883
1556
1557
1558
1559
1560
1562
1563
1564
1565
1566
1567
1568
1569
1571
1571,1572
1575
1576
1577
1578
1579
1580
1519,1522,1534
1581
1577,1578,1579,1580,2223,2545,2665,2666
1582
1584
1585
1586
1587
821,1587
1588
1589
1592
1543,1592
1593
1545,1593
415,886,1763,2281
1596
1597
1598
1599
1600
1601
1602
1604
1605
1606
1607
1607,2273
1608,1609,1610
1611
1612
1613
1614
1615
1616
1617
1618
1619
1619,1621
1620,1621
1619,2499
1621
1622
1623
1624
1625
782,2401
1627,2401
1626,2401
1628
1629
1630
1631
1632
1633
1634
1635
1636
1637
1638
1639
1201,1640
1641
1641,1643
1642
1643
1644
1644
1642,1644
1643,1644
1644,2131
1645,2133
1646
1646,1649
1647
1647,1649
1648
1648,1649
1649
1653
1654
1650,1655
1651,1655
1652,1655
1656,2499
1657
1658
1659
1660
1661
1662
1663
1664
1665
1666
1667
1668
1669
1670
1671,1674
1673
1675
1676
1677
1678
1679
66,70,1668,1669
374,1670,1673
1680
1681
1682
1624,1682,2130
1683
1684
1685
1686
1687
1688
1689
1692
443,1692
1693
1694
1695
559,679
1696
1697
1698
1699
1700
1701
1838,2245
1702
1839,2246
1703,1704,1705,1706,1707,1708,1709
1710
1714
1715
1716
1717
1718
1719
1720,1722
1721,1723
1720
1721
1722
1723
1724
1725
1726
1727
1728
1729
1730
1711,1713,1734,1735
406,543,1809,2126
1731
460,1711,1733
1437,1809,2043
1732
1736
1737
1739
1739,1740,1828,2102
1740
681,1746
682,1746
1747
1748
1784,1786,1792,1794
1785,1787,1793,1795
1752
924,1760
1762
1764
1765
1766
1767
1768
1769
1769,1787
1778
284,1784
1788
1789
1790
1791
284,1792
284,1794
1796
284,953,1796
1798
284,1798
1800
1801
1804,1805,1806
1803
1807
1808
1809
1810
1811
1812
1813
1814
1815
1816
1817
1818
1819
1821
1822
1823
1824
1822,1825
1827
827,1827
1830
1831
285,1832
1834
285,1833,1834
1835
284,1835
1836
1837
1840
560,875,1809,2049
421,876,1712,2050
1843
1844
1845
1846
1848,1849,1850
1851
1823,2031
1847,2031
1853
1856
1857
1859
1860
1861,1862,1863
1864
1865
1866
1867
1879
1880
1881
1882
1883
1884
1885
1886
1887
1888
1884,2653
1890
1891
1892
1893
1894
1895
1896
1896,1945
1898
1896,1898
1899
1900
1901
1902
1903,1904
1905
1909
1910
1911
1912
1913
1914
1915
1916
1917
1918
1919
1920
1921
1922
1923
1924
1924,1925,1926
1925
1926
1927
1928
1929
1930
1931
1932
1933
495,2032
2035
2032
2036
2033
495,2034
2037
2034
1934
1935
1936
1937
1938
1939
1940
1937,1938,1940
1938,1940
1941
1942
1943
1944
1939,1941,1944
1936,1945
2001,2002,2003
1947,2461
485,1429,1947
1948
1949
1950
1951
984,1951
1952,1956
1954
1941,1955
1957
1958
1959
1960
1961,1962
1963
1964
1965
1966
1967
1969
29,221,314
1970,1971,1988
1972
1973
1974
1975
562,775,2249,2250
776,1976,2249,2250
1974,2047,2102
563,723,890,929,1193,1690,1739,1740,1741,1977,2272
971,1979,2114
1980
1981
1982
1983
1984,2361
1986
1987
1069,1692,1987,2557
1070,1692,1987,2558
1069,1692,1987,2646
1070,1692,1987,2647
1989
1990
1991
1992
1993
1994
1995
1997
1998
2005
2006
2007
2008
2009
2010
2011
2012
2013
2015,2565
2016,2565
2017,2468
2018
2019,2021
1937,2020
2022
2023
2024
2025
2026
2027
2028
2029
2031
2038
2039
2040
2041
2042
2043
2044
2045
2047
2048
2049
2051
2052
2053
2054
2055
2056
2057
2058
1452,1453,1454,1457
1452,1453,1454,1457
2059
2060
2061
10,161,544,1910
821,2005
443,548,1018,1066
2062
2063
2064
2065
2066
2067
2067,2523
2068
1066,2069
1066,2071
1066,2073
1066,2075
1018,2077
1066,2077
2078
2078,2461
2079
2079,2461
2080
2080,2445
2081
2081,2443
2081,2445
2082
2082,2445
2084
2085
2086
2087
2088
2089
2090
2091
2093
2094
2095
717,890,2096
890,1822,2096
2097
2100
2101
2102
2103,2442
2104
2105
2105,2107
2105,2107,2658,2659,2660,2661
2106,2108
2658,2659
2109
2110,2111,2112,2113
2114
2116
2117
2118
2119
2120
2121
2122
2123
2124
2125
2128,2150
2130
2131
2132
2134
2135
2136
2139
2140
2143
2148,2149,2236,2238
2151
2152
2153
2154
2157
2158
2159
2160,2610
2163
2164
761,2164,2208,2221,2360
2165
2166
2167
2168
2169
2170
2171
2172,2173
2174
2175
2176
2177
2178
2179
2180
2181
2182
2184,2185,2191
2183,2185,2190
2189
2187
889,2193
1462,2193
936,1802,2193
1204,1802,2193
934,1802,2168,2193
1802,2193,2278
2137,2186
2129,2194
1418,2137,2186
1415,2138,2186
412,2192
414,2168,2192
1042,1802,2192
932,1802,2168,2192
2140,2192
2188
1563,2195
1663,2195
1201,1802,2195
1802,2135,2195
755,1802,2168,2195
845,1802,2168,2195
1022,1802,2168,2195
1406,1802,2168,2195
1665,1802,2168,2195
1802,1964,2168,2195
1802,2179,2195
2196
2198
2198,2472
2199
1560,1896,2199
1896,2199
2200
676,2201
2202
826,1542,2202
2203
1896,2203
2204
2205
2208,2209
2209
2210
2211
2212
2213
2214
2215
2216
2216,2217
2217
2219
2218,2336
2221
2222
2223
2224
2225
2226
2227
2228
2229
2230
887,1066,2230
2232
2233
2234
2235
2148,2149,2236,2237
2239
2240
2241
2243
2245
2247
2248
2249
2250
2251
2254
2255
762,2257
659,762,2257
2256
762,2256
2258
2260
2261
2262
2263
2264
2266
2267
2268
2269
2270
2271
2273
2274
2275
2276
2277
2278
2279
2280
2282
2283
2284
2284,2320,2321,2351,2528,2531
2284,2320,2321,2529,2694
2285
2286
2287
2288
2289
2290
2291
2293
2295
2295,2427
2296
2083,2297
2298
2299
2300
2301
2302
2303
2304
2305
2306
2307
2308
2309
2310
2310,2356
2311,2357,2527
2311,2527
2311
2311,2357,2527
669,2292
2312
2312,2313
2314
1176,1177
2315
2316
2317
2318
2319
2335
2337
2338
2339
2341
664,1018,2341,2524
2342
2343
2344
2345
2346
2344,2346
2347
2348
2349
2350
2351
688,2525,2561,2694
2352
2353
2354
2355
740,1066,2355,2526
2098,2322,2323,2324,2325,2326,2327,2328,2329,2330,2331,2332,2333,2334
2356
2358
2359
2360
2362
2364
2365
2366
2412,2542,2632,2633,2695
2367,2368
2369
2370
2371
2372
2373
2375
2376
2377
2378
2398
2399
2400
2401
2402
2403
2406
2407
2408
2409
2410
2411
2413
2414
2415
1869,1870,1871,1872,1873,1874,1875,1876,1877,1878,2416
532,761,1868
2417
2418
2419
2420
491,2459
491,2457
2421
2422
2423
2424
2425
2426
2427
2428
2429
2430
2431
2437
2440
2442
2443
2438,2439,2440,2441
2445
2446
2447
2448
2449
2450
2451
2452
2453
2454
2456
1003,1005,2252,2253
657,662,1003,1005,2252,2253
657,662,1003,2252,2253
491,2458
919,2458
2461
1946,2461
485,1429,2462
2463
2464
2465
2466
2467
2468
1985,2469
2555,2677
2470
2471
2556,2678
657,662
2473
2474
2470,2474
2475,2476,2477,2478,2479,2480,2481
2482,2483,2484,2485,2486,2487,2488
2489,2490,2491,2492,2493,2494,2495
2497
43,75,310,380
2498
2499
2500
2501
2502
2503,2512
2503,2512,2515
2504
2506
129,131
129,131,2517
2507
2311,2508,2527
2510
130,2284,2529
2514
2516
2517
2518
2519
2520
2521
2522
2523
2259,2530
2531
2284,2531
2532
2533
2534
2535
2536
20,25
2538
2539
2540,2541
2543
2544
2545
2546
650,1298,2631
2547,2627
656,2631
650,2548
650,1298,2548
1820,2548
656,866,1820,2631
656,866,1820,2374,2631
1818,2631
467,908,1719
420,576,2115
2549
2550
2553
2554
1158,2248
669,1549
1693,2557
1069,1692,2557
1692,2557,2612
1070,1692,2558
1693,2557
1693,2558
2559
2560
298,360,361
2562
2563
2564
2570
2571
2572
2573
1518,1519,1522,1525,1528,1532,1533,1534
2575,2577
1693,2574
1693,2576
2578
675,1949,2243
2404,2460,2583
1907,1908,2404,2581
2586
2580,2582,2584,2585
2587
2588
2589
509,512,513,516,517,518,579,675,676,2244,2444
580,1029
2591
2592
2593
2594
607,672,907,1539,1737,2039
1985,2611
599,924,953,1696,2401,2562
510,512,513,579,675,676,2243
2444,2596
2598
1762,2597
2599
2600
1069,1692,2601
1692,2601,2612
1070,1692,2602
1692,2602,2613
2603
2604
2605
2606
62,104,375
63,105,376
2608
2404,2583,2639
1975,2609
2401,2617
2611
651,1298,2614,2627
597,651,1298,2614,2627
599,2615
2616
2618
761,971,2620
2621
2623
2624
2625
2619
2627
2628
2629
1941,2629
2070,2072,2074,2629
1907,1908,2404,2581,2640
2630
205,924,953,2401,2562
407,1957
2634
2635
2636
605
2637
2622
2624
917,2638
2641
2643,2645
1693,2642
1693,2644
1069,1692,2642
1692,2612,2642
1070,1692,2644
2648
2649
2650
2651
2652
2653
2654
2655
2656
2657
2660
2661
2662
393,2442,2445
2665
2666
2667
2668
509,675,676,1949,2244
516,517,518,2669
2670
1596,1597,1598,1899,1900,1901,2085,2086,2087
2671
2672
2673
2674
2675
2676
2679
2680
2681
2682
2684
2685
2686
2687
2688
2689
2690
2691
2692
2693
2694
2696
2379,2380,2381,2382,2383,2384,2385,2386,2387,2388,2389,2390,2391,2392,2393,2394,2395,2396,2397
2697