658,253
1024,1936
2
3273
3,2614
4
2921,2920
3199
3207
135
7
135,733
232
10
1324
1453
2941
1871,2942
3184
3207
3306
1678,2408,734
3373
17
2723,3378
2959,19
1797
2959,21
2084
2721
2959
2748,3178
25
26
28
31,30
29
257,32
35
36
36
38
2400,38
2401
40
52
54
55
57
62
59
58,107,1144,2441,2450,106
60
1845,61
729,2218,1761
1627,65
67
68
69
71
2137,70
73,2663
82
55
2667,83
3239
83
84
2759
2759,84
2628,1677,1833,85
2633,2628,1677,85
86
87
93
94
696,2048,96
101,100,98,97
192,2048,96,805,697
109
110
45
117,119,120,121,49,48,118,122
129
130
131
134
134
135
575,2699,1171
2087
144
2105,145
147
149
2136,54,1939
2489,151
152
2116
714,2232,2212
3101
157
2681,2695,2687
2690,2677
264,263
3286
1032,2223
1031,2224
167,166
161
3210,161
194,907
162
931
163
163
2157,165
163
164
164
162
2265,162
533,1301
3147
170
2465,172
3158
171,3115
3340
716,3336
692
811,2871
174
3135
796,797,794,793,792,795
179,176
177
750,753,738,747,739
179
179,1932
181
182
695
2305
448,1752,1869
448,2624,3295
2624,3291,1869
3291,1869,2626
3291,1869,2627
181,1629
185,1809
216
1632
269
270
187
186,267,9
271
3117
2614,188
3114
3118,189
1960,238,2183,190
3280,2884,1960,190
2884,3298,2183,190
1877
1171
109
109
738,2245,2209,345,505,146,56,929,928,124,123,968,649,594,1057,651,1058,648,653,853,773,2395,606,927,780,788,974,2040,2301,1053,957,990,1608,1161,2089,1957,2442,2010,1819,669,783,2214,2215,2085,2176,2229,2604,2845,2260,1900,1901,2487,2090,2403,2797,2883,405,2382,326,2765,2794,2803,2796,2468,2749,125,1898,1145,958,831,47,851,961,2303,977,1835,1004,969,1556,275,2072,111,276,2481,42,406,922,2892,44,2231,2396,1801,223,93,739
1782,137,1994,229,1820,234,980,592,593,970,467,2155,1813,2234,2897,1973,2233,43,1788,1970,1867,2236,2235,2341,2337,2615,2539,2612,2881,279,2709,541,2335,2529,571,2750,919,1743,772,2338,197,1742,502,2207,774,140,2605,1744,2708,37,945,114,2359,468,729,1143,2879
3310
196
477
2111,432
200
204
2159
205
205
208,210
211
212
473,474,1633
220
3280,1960,3327,190
2499,2559,988
221
222
223
1783
226,225,227,228
224
231
232
148
149
231
234
236
2932,3047,3389,3412,3383
237,191
239
239
240
2915
241
427
242
242
246,247
244
243
245
248
248
249
2434
250
250
2517,657,251,2371
252,2002
254
209,207
255
205
353
757
759,755
757
259,400
759,755
258
260
261
2697
1048
262
3048
1048
2872,265
2704
268
272
273
274
687,306,685,278
3005,276
277
510
279
280
280
317
281
283
282
284,286
181,289
287,3045
291
292
687
4
305
296,300
294,298
3007,3006
302,303
293
687
684
297,301
292,307
295,299
308
310,311
3365,3020,3413
312,309
314
314
315
318
316
317
319
321,311
325
325,327
322,332
320,327,328
313
325
327
331,330,329
332
333
334
336
675
338
2608,2470,2644,2641
339
1932
340
343
812,343
344
1450
347
348
351
352
2116
351
3186
354
355
359
357
358
359
361
362
363
360
365
366
367
369
14
377
378,386
400
404
407
409
409
410
2159,3113,988
413
2884
417,419,421,422
415
423,418,420
416
424
424
425
427
427
1223,427
427
428
429
429,2300
429
428
431
470
433
434
198
434
985
988
3353
440
441
445
448
450
449,453
2959
454
2295
456
456
458,596,459,598
456
456
448
462
464,463
462
686
466
332,324
469
472
476
480
483
485
485
487
489
490
489
1002
491
491,2902
2138,491,2907,2497
491,3285,2907,2497
494
498
499
2120,507
509
510
511
513
513
282
1217
520,517,519,518
523
522
523
457
688
521
515
524
525
528,529
527
533
533,1299
533,1299
1674
534
534,2849
533,1790
533,2019
535
538,2544,2549
2545,2548,539
540
538,2544
1846,542
254,543
544
545
2808
547
549
1717,550
551
551,1065
552
553
554
555
556
2658,557
561
562,864
563
566
2
441
569,570
568,323
572
572
573
574
575
576
580
581,577
1538,578
579,1653
580
614
582
583
2617,2461
2616
595
282
599,597
595
595,3045
600
600,290
601,414
2069
603
604,841
609,612
834,777
611
613
613
613
615
617
617
618
620
620
621
623
624
625
630
631
632,637
3134,3242,3125,627
633,3099
2578,629
3259,3296,3303,629
3316
3134,3242,628,3125,3263
635
626,636
635
1646,1942
638
642
642
644
645,2193
647
659
660
86
675
2204,2205
677,2203
3138,678
356
682
682,282
682,282
282,511,2324
683
516
304
686
514
683
343
690
691
196,693
1095,1097,1096,1093,1103,1094,1092,1090,1091,1085,1082,1081,1079,1075,1076,1086,1089,1074,1088,1070,1083,1087,1084,1073,1080,1078,1072,1131,1143,2991,2979,2968,1102,2967,2985,2994,2997,2978,2970,2996,1101,2971,1100,2976,2993,1099,1106,2964,2980,2966,2984,2972,2992,1071,2973,2989,2974,1098,2975,1104,2981,1105,2977,2965,1077,2990,1069,2969,2988,2982,2995,2983,2987,2986
693
567,698
699,1875
99
173
175
701
704
706
702,703
709,710
275
479,2962,1249
711,288
3287,638
712
3001
714
3122
370
371
372
373
2630
715
3185,3112
3121,3112
716
716,2940
3233
719
719,2142
2807
717,561
2767
2768,717
717
719
932,3338,718
1705
2013,717
1966
720
444,2944
723
727
725
726
727
728
728
724
731
1178
732
2954,731
733
27,2431
733
738
749
750
757
763
763
1923
766
767
764,768
765,769
767
1923
1043
1729,771
786
744,743,739
798
743
738
799
3165,3167,3168
2931,934
803
776
806
1933,807
494
2850,2870
2831
2837
2834
1878,2535,657,2503,2504,2787,2404,2369,2413,2393,856,2847,2930,2929,2405,1780,1056,1054,1927,2410,1055,2412,2411,1188,2409,785,1975,2912,2370,2565,2780,2789,2772,2841,2464
1669
2869
812
813
815
816
817
818
818
816
819
820
821
822
825
828
830,827,3019
653,831,2231
832
833
835
836
842
3029,568,3030
838,2882
846
847
943
350,349
849
852
854
855
858,864,1906
1630,862
863
867
866,865
446
447
1846,877
2619,1945
879,675,878
1847,881
2,1946,1807
883,882
713
885,888
1846,887
895,890,892
898
3386
2696
2702
903
904
905
3394
906
905
908,905
3393
909
913
917
930
931
931
931
369,3343,988
1694,933,3310
3343,933,3310
934
935
938
2108,1726,2251,125,63,1787,1898,126,2244,2250,2249,2247,2327,47,2570,2246,2670,2919,977,1835,1004,969,1556,1894,1725,1228,2248,2243,342,1555,2253,2891,1042,1658,127,2125,42,406,2252,2892,2185,105,122,1897,34,88,44,46,730,2210,346,335,337,650,104,80,654,655,217,368,2917,133,656,639,652,495,640,608,591,588,2200,641,341,2172,74,587,488,876,1173,995,1001,1170,1172,791,896,975,991,2134,979,2302,1174,824,1005,1167,721,2133,1695,77,1066,823,1175,926,2198,1882,2091,1838,2082,2208,1795,2126,2240,761,2188,2030,1917,2238,2237,1557,2239,2720,2480,512,1144,1188
2296,103,138,554,857,919,1743,1742,589,2207,140,2791,2507,1744,2708,859,51,945,552,1958,2526,114,1866,139,782,2648,128,1616,439,2511,465,781,789,770,1775,784,1773,2488,779,839,2842,266,790,2597,837,1962,2173,2653,2515,2523,2484,921,1995,2483,1620,2346,482,1761,595,462
942
135,2933
944
946
1759
985
950,3200
951
952
954
955
959
960
965
965
965
966
967
621
1507,972
976
976
982
985
986
987
988
2559
946
3119
992
2151,993
994
996
997
998
999
1000
1002
1027
962,963
1030
966
154
153,1028
2577
1031
1029
1034
1034
2812
537
2286
1035
2542
1033
2593
3210
1036,2264
1037
1038
1039
1041
1762
1045
1783
1807
2685,1045
1046
1048
1051
1061
1061
1050,840
1132
1111,1108,1109
1116,1120,1121,1117,1113,1112,1119,1123,1110,1125,1124,1115,1127,1126,1118,1122,1114,1107,1109
1077
1713,1128
196
1715
1098
1099
1710,717
1137
1134,1707
1134
1136,1703
1699,1700
1708
1140,1138
1104
1141,1719,1718
484
1106
1701,1142
1144
1146
1147
1150
3028,798
1151
1152
1153
1154
1155
1156
1157
1157
1162
1163,1164
1582,1165
1170
1170
1171
79,1176
78,1175
1177
1182,1181,1184
180,1183
2572,1186
1185
1040,1149
1503,1192,1208
1500,1194,1202
1195,1203,1200
1204,1196,1200
1209
1210
1498,1205,1197
1501,1206,1198
1207,1502,1199
2288,1211
1215
1499,1193,1201
1505,973,1520
1191,2619,682
1218
1223,1225,1222,1224
1222
1223
1226
1226
2143
1227
1229
1178,3396,2874
1231
1233
1235
1237
1916
1239,2673
1241
1243
1245
1247
1249
1251
1253
1257
1959,1220,2889
1255,1265
1262,1259
1260
1263
3126
1255,2586
1255,3204
1266,3203
3206,1266
1261
2806
1264
1264,2585
1648
3392
2849
1267
1268
1269
1269
1273
1271
2775,2781,2186,2788,2779,2785,2783,2776,2786,2773,2774,1881,2772
3026,3021
3192
1911,2259,2187,2564,195,1234,2053,694,1579,953,1256,872,536,1874,1272
1280
1278
1275
1277,1270
3128
1279,1281
1280
1282
1282,1288
1282,1289
1282,3289
1283,2576
3202
1286,1284
1285,1313
1287
1646
1297
1298
1299
1301
1301
3157,3159
533
1484
3134,1535,1484,3133
2574
1302,3199
1321,3207
1303
1303
1304,1311
1305
1306,1315
1307
1308
3323
1309
379,384,395,666,664,391,381,393,387,1940,1378,1549,1522,1365,621,625,1763,389,662,1324,1319
1523,1550,1377,382,385,1379,394,661,1320,1764,665,634,392,390,1325,383,380,663,388,2712,622
480,1389,1398,1220,861,618
860,619,1390,481,478,1399
401,1407,920,403,399,2732
402,400,398,2733,919,2258
1310
1312
2805
1316
1317
1316
1319
1320
812
1319
1322,1330
1322,3333
1323
1322,1329
1324
1324
1327
1327
1328
1331
1649
1334
2581
1335,3315
1338
1377,1379,1320,2712
1322,2715
860,1619,1621,1617,1614,2890
2889,861,1618,1616,1620
1341
1340
1516,1336
1646,1337
1339
1339,2805
1341
1342
1342
1471,1343,1468
1343,3257,3252,3251
1344
2588
3259
1345
946
2560
1346,3249
3262
1342,1470
1347
1467,1343
1348
1349
1350
1352,1355,1359
1356
1364,1357
1361
1353,1363
1362
1363
1364
1365
1366,81
1367
1369
1365
1370
1371
1365
1497
1372
1372
2505,1373
1374
1375
1414
1418,1415
2587
1376
1379
1380
1381
1382
1383
1940
1384
1398
1386
1387
1388
1388
1386
1405
1389
3050,2946
1385
1394
1393,2749
1924
1924,1392,2749
1570
3088
1396,2759
1395,3176
1391,1389
1389
1397
1398
1400
1401
1402
1479
1405
1406
1408
1409
1409
1410
3266
2587
1411
1409,1418
1412
1412,1646
1413
1418
1419
1424
1420
1472,1421
1422,2580
3314
1646,1423
1425
1425,1430
1426,1313
1432,1314
1425,3247
2265,1427
1428
1428
1429
1646
1430
1433
1433
1434
1441,1330
1326,1328,3250
1436
1437
3306,3323
1328,1440
1438
1649
1442
1442
2577
1442,1417
1443
1431
1442,1418
1444
3207
1445
1361,1446
1447
1447,1416
1448
1448,3201
1413
1313,1449
1450
1450
1538,1454
1451,1537
1451,3299
2574,1452
1453
1453
1408,1464,1470,3290
1459
2500
1459
3210
1463
1465
1461
1461
1464
1462
1464
1466
1646
1469
1469
1474
1475,1477
1476,2081
1478
2231
1479
1403
1404
1480
1480
1481
1481
620,1482
618
620,1483
1319
1484
3134,1331
2590
1485
1540
1484,1454
1484,1333,1455
2587,1321
1538,1332
1333,1539
2590,2584
1486,3199
1489
1487
1491,1488,1490
1492
1386
1493
1494
1495
1495,1496
1496
2531
1496
1496
680
1506
1504
1506
1649
1508
1508
381,1940,1378,1522,2715
1523,1377,382,1379,2712
385,585,1741,910,92,850
3022,584,1740,91,911
1508
1340
1510,2553
1509
1511
3256,1512
2589
1513,3325
1514
1514
1517
1517
1518
1519,1507
1521
1522
1524
1525
1528,1530
1531
1522
1536,1527
1526,1538
2813
1538
1531
3390,3379,3380
1534
1533
1318
1535
1536
1647
1541
1547
1470
1542
1545,1593
1543
2593
1544
2147
1546
1546
616
2587
1548
1551
1470,1554
1473,1554
1551,3269
2596
1552
1553
1646
2949,3032,1697
1560,1624
1561
1562
3362
1564
1565
1570
1571
1572
3146
1571
1577,3038
3144,1570
1570
3145
1572
3144
3146
1572
1573
1574
1574
1574
3069
440
1588,1587,1585,1581,1590,1580,1582,1589,1591
1582
1582,1589
3098
1589
2762
1591
1594,1592
1595
113
2835,1646,1839,2574,1241
1601
1974
2818
2836
1596,1599
1055,810
1602
3205
2810
1605
1600
1607
809,1595
904
1582,1595
2045
1595
1598
1609
1610
1611
1623
3268
1625
1218,1626
1631,1628
3074
873
867
874
1999
1635
1636
1638
1622
1640
1620
1613
1457,1212
1460,1216
989
2286,1643
2502
988,1644
1458,1213
1456,1214
1378
1368
1382
471
1646
1649
3391,2948,3008
1649
1650
1651
3391,2948,2932,3047
1652
2263
3258
1767
1647
1655
1659
2854,2857,2858,2853,2859,2855,2852,2862,2851,2861,2860,2865,2864,2863
1661
1662
1660
1663
1665,1664
1666
1667
1669
1670
1679
1692
1692
2665
2665
1688
1685
2633,2628,1677,1689
1671
1678
1681
1682
1684
1686
1686
1686
1692
1693
1698
1701
1702,2807
1136,1704
1706,2807
1134
1709,1135
1711
1711
1712
1713
1714
1716
1718
1719
1720
1721,548
1722
1724
1725
804,1728
2917
1730
1731
1732
1733
1734
971,443
1737
1873
1738
705
1739
1739,708
1747
1748
1749
1750
1783
3078
1752
1752,638
8
1756
1757
1758
1759
1760
180
1219,1641
1762
1763
1765
643,2079,1766
1763,1653
1767
1654
1774,1772,1775
1770
1777
1778
1779
1781
1783
3351
1786,1785
1642
1783,982
409
1792
1790
1793
1794,2730
1796
1796,3056
1798
583,935
1800
1801
1027
2014,2012
1802
1803
1804
1805
1806
1807
363
869,868
2650
1812
1814
1818
1814
256,1816
2939
1821
1822
1824
1827,1825
1826
1827
1828
1826
1829
1830
2568,1831
1832
1833
1834
1836,1840,1841
1842
1837,1843
1839
1848
1848
2751
1166,1849
1850
1851,1847
675,1852
1853,884,886,880
1854,940,941,939
1858
2020
1859
2037
1860
1862,1863
2759
1868
1769,1771
1134
2115,196
1067
1872
3053
3054
3062
1067
1645,1068
1876
2644,2641,1870,201,338
1882
1883
3023,1902
1903
871,426
1904
803
1905
1908
1909
1910
1912
1913
1923
1923
1930
320,325,327,328,332
1931
1932
1934
848,150
2905
848
2304
1920,1919
1925,160
1925
2935,1925
1926,1929
54,1935,1938
1928
1941
1947
2703
1948
1949
1950
1952,1951
1943
1810,2117
1943
1953
1954
1960
1964
1965,1190
1966
1967,889
1969
1968
2753,1972
1971,2752
1974
1982,1986,1977,1990
1991,1978,1987,1983
1981,1985,1989,1999
1984,1988,1992,1979
1980
1993
801,676
1997,2380
2380
1996,2380
252,2000
2001
2748,2001
2850,2380,3173
2003
3171
2004
3179,2001
3178,2001
2007
2049
2008
2009,1998
1049
1723
2844,1880,2843,2348,1879
2016,2015
2017
2018
2019
2020
2021
106,178
2021,2022
2618,1187,193
2023
2024
2025
2026
2027
2021,2610
2028
786,2602
786,3015,2028
2029
2031
2032
2033
2034
3046
2035
1808
2037
2043
2044,1637
2046
2047
2717,20,452,24,22,18
1645
590
2050
2051
2052
2059,2057,2054
2054
800,2649
2056
2054,2055
2057
2430
2058
2059
800,2620,2911
2060
2061
2061
2062
2070
2075
707
2076
2077
1768
2080
2080
2083
2742
10
2087
2088
2097
2093
2093
2096,2099
2094,2100
2095
2096
2098
2036,1861
2102
2103
2637
2101
352
2856
2104
2105
2106
2107
2109
3067,2963,2961
199
2110
2112
2113
2114
2115
2169
2117
2117
2127
1025,2128
2129
2130
2132
2131
2136
2137
2138
2141,2140
2139
2149,2148
2150
2142
2162,2156
2147
2142
560,586,2152,2041
2154
2157
2158
2160
2163
2165
2164,487
2153
2168
2136
2170
2171
2213,2216
2217
2174
2175
2179
2181,2180
2179
2179
2179
2182
2186
2195,2196,2194
646
2198
2199
2201
2202
2206
2212
2219
2220
2222
155
2493
156
2228
13,2322
2225
3079
3080
2226
3297
3210
2593
1649
2227
2231
2232
2241
2254
2255
2256
2257
2258
2261
2262
2263
2270,2283,2281,2285,2292,2266,2290,2287,2274,2276,2278,2272,2268
2264
2265
2279
638
2282
2286
2286
3279
3330
2265,2275,2273,2267,2291,2284,2289,2269,2271,2277,2280,2282
2297
2299
2300
2303
722
2123,2124,2122
2306
2307
2308
2309
2310
2311
2312
2313
2314
2315
2316
3161
3237,3234
3097,3094,3096
2318
353
3356,3355
2319
814,1736
1692
735,754,740,758,748,745,756,751
741,736
742,749,746,752,757,737,755
737
2320,2221
2323
526
2325
1864
2326
2074,2344,2388
959,2346
1002
492
2349
2352,2350
2351
2353
2355
2354,3376
2356
1002
2359
2360
5
2363
2364
2368,2367
2372
2373,2377
2378,2374
2375
2375,2379
2376
2375
2381
2665
3409
2389
2390
2391
2392
2394
2399,2398
2400
2400
6
903
1784,2397
180
2406
2782,2407
2414
2420
1799,412
2421
2422
2427
2428
2430
2366,2365
2432
2357
2367
675,2433
2434
2424,2425,2426
2436
2437
2438
2443
2931,2444
2448
675
2046,2447
675,2446
2449
2456
2495,2496
959,2459
1002
2460
2462
2462
2462
657,2950
0,3194
2466
2467
2469
2470
2470
2473
2472
2474,2476,2477,2475
2478
2479
2485
2486
2489
2490,2492
2678
2493
2494
1960,1963
2498
2500
2501
1558,1559
3119
2265
2505
2512,442
2510,2509
2508
2506
2514
2516
2516
2518
2519
2520
2520
2458,2521
2522
2522
948,1759
2531
2532
2533
2534
2536
2540
2541
2544
2544
2544
2545
2543
659,836,835,2546
629
2547
2549
2550
2551
2552
2554
2555
2556
2557
2558
2559
2560
2491
2563
2567
2571,2573
2583
1276
2591,2587,2574,2585
2587
2587,2574
2579
2591,2574,2590
2574,2595
2582
3324,3322,3312
2585
2587
2591
2595
1585,496,2386,2895,2038,1856,71,924,1167,2160,2549
1892,1887,1750,894,2662,2455,2893,2668,1889,2190,1351,1522,1303,1358,1060,1763,1896,1754,1434
497,2550,2161,2896,2575,2387,1857,925,2039,1168,1586,72
893,1523,2894,1888,1764,2669,1751,1435,1886,2661,2078,1059,1755,2454,2189,1895,1891,1354,1360
1922,1657,1956,2562,504,2417,219,214,397,1064,2419,2192,2927,2800,914,203,2167,918,916
2732,1221,2453,1914,1532,1439
396,1063,1921,915,917,1656,2166,503,2416,2799,2418,913,2561,1955,218,213,2926,202,2191
1531,2452,1438,1915,2731
2590
2591
2592
2595
376,1296,1292,1294
1293,1291,1295,375
860,1515,2066,2068
861,2065,1514,2067
2594,2592,2587
2598
675
2599
2600
2600
2650,2601
2650,2601
2600,2778
2601
2952
1582,3344
3156
1582,2601
3156,2601
2606
2607
2608
2606,2538
2609
1170
2611
2614
2460,2471,183
2251,63,1145,958,964,2244,2250,2249,2247,2570,672,2246,2303,1556,1228,275,2248,2119,2243,2001,2253,2891,276,2481,2125,406,2252,2892,122,1897,34,88,108,46,730,335,2916,104,80,654,217,368,2917,133,639,608,591,588,2200,641,341,2172,74,488,876,995,1001,1170,791,975,2134,979,2302,1174,824,1005,1167,721,76,77,1066,823,1175,2198,1882,2091,1838,2082,2208,2126,2240,761,2188,843,2030,1917,2238,2237,1557,2239,2445,2448,2451,2439,2482,2440,512,66,2415,112,897,1144,1188
103,2073,919,851,1189,2613,772,197,589,923,2708,37,552,75,2526,139,128,1616,2511,465,789,770,2488,779,837,1962,1776,1133,486,982,1290,2086,870,2483,668,2345,2513,455,2682,2121,1569,667,1130,314,2329,867,2258,2479,2334,2707,2807,2516,2346,1568,2331,1129,1941,2385,2340,2336,2343,2342,2339,2332,2384,2383,2294,90,482,1885,1761,595,2992
2619
2382,530,2530,506,602,775,778,747,844,41,2333,1754,1791,2749,2566,1158,1787,2063,2654,2127,531,2211,964,1893,607,831,662,2298,2011,2327,672,2670,912,961,115,1725,2328,2119,2072,526,342,1555,2001,2075,2891,111,339,2071,1658,922,656,652,991,95,1159,1976,1160,1801,223,573,2286,1798,196
64,102,2528,760,1907,279,2709,233,1612,541,762,2525,2295,2527,2335,2603,1884,1148,1899,2135,984,2705,141,2524,1745,136,1062,411,1746,2073,2064,466,1696,2793,2529,89,983,571,2706,2750,143,554,857,532,2710,1189,1738,500,2184,546,442,2338,502,2177,1855,1613,774,50,2791,2605,142,1744,670,671,51,561,75,2293,460,2361,2645,2526,1773,2842,2086,921,1620,461,501,2358,1890,2463,981,1615,2731,26,2537,482,2536
1752,931,2569,2918
430,2623,436,437
475
2628,1833
2632,3137
2635,215
2633,1833
2867,3357
2638
2639
2640
1687,2640
2640
2643,2642
2644
2719,2646
2647
2650
2650,1300
2651
3015
3360
2655
2656
2625
2657
2943
2659
1623,2659
2659
2048,96
2664
2764
3407
2666
2671
2138,2671
158,236
2672
2673
2675
2676
2674
982,2680
2809,2321
2679
2683
1639,1044,1052,1179,2435
11
408,2685
2446
891
12,2691
3076,2688
2689
2689
2694,982,26
2682
700,802,1807,3060
2693,2692
1634,1003
2702
2700
2701,2698
2702
2711
2713
2714,2731
2731
2716
451,2716,19,17,23
2721
2722
2723
2724
2725
2726
2727
2729
2728,2731
2731
2734
2734
2735
2744
2736
2737
2355
2740
2741
2726
2738,2743
2745
2736
2746
2737,2747
2754,2758,2718
1668,2754
2748
2749
2751
33,2751
1691
2755
2958
2757
2757
2757
2757
2759
1817,2759
1672
2665
3088
2759,3033
3034
2761
3092
3093
2759
3131
2686
2769,438
2767
2768
2770
1931,2771
2665
508,2766
2772
2774
2784,2777
2790
2792
2801
2606
2607
2608,2801
2802
2804
2021
2805
3391,3370
2807
978,1865,2197,2230,2566,1158,1787,2063,2654,2127,531,2211,126,1893,607,662,2298,2011,2327,672,2670,912,961,2919,115,1894,1228,2328,526,342,1555,2075,339,1042,2071,127,654,655,640,641,488,902,991,721,76,2133,77,926,1795,2720,1801,573,2286,1798,196
1745,136,1062,411,1746,2042,2330,674,2064,466,1696,2793,89,983,2706,138,143,554,857,532,2710,1738,2613,500,2184,546,442,502,589,2177,1855,1613,50,2791,2605,2507,923,670,671,859,51,561,945,552,1958,2293,460,2361,2645,2526,1866,1616,439,2511,1775,1773,2488,2842,790,2597,2515,2523,921,1620,2258,461,2362,2537,482,2879,2536
2802
1019,1022,1011,1015,1006,1023,1020,1008,1021,1012,1009,1010,1007,1016,1013,1014,1018,1017
2242,1246,1597,956,1236,1242,1254,235,2457,1244,1603,53,1232,1563,694,2402,2429,2914,1250,1252,1918,1579,1238,826,1248
1258
1529
2813
2814
2813
2813
3313
2815
2816
2818
2832,2833
2836
2840
2840,2837
2846
2848
2849
2830,2829,2827,2822,2826,2824,2817,2423,2821,2819,2820,2825,2828,2823
1689
907,2868
2866
2870
808
2872
2873
1584
2875,374
2876,2811
2878
2877,2879
2884
2884,2888
2137,2884
2886
2889
787,2898
2899
2899
332,2900
2901
1944
230,39,1961,2906,673,1962
3246,3265,493
116,943,2904
2908,2909,2910
2137,2903,2347
2913
2915
3306
2921
2922,184
2922
2923
1180,1047
2928
2931
236,3103
3407,1683
1583,2937
2934,1675
3407,852
2390,852,363
1677,1673
2633,1677,3217,1673
2938
1676
2390,852
2390,852,363
3024,2145
162
162
162
985
986
1752
162
162
162
162
162
2614
3244
2157,2160,3244
2160,162
3248
681
1645,343
2943
2945
2947
2323,605,3211
2951
2952
2953
2955
2956
3396,1735,1811
2957
2756
875
186,3124
2998
3114
2178
2999,2885
2137,3141
3243
3009,3003
3002
3004
803
3010
3011
3012
1230
1789
3013
2925,2924
2390,2392
3344
3014
1582
3399,132
1567
3016
2640
2652
3150
3017
3018
534,3406
829,3057
2702
900,901,899
2622
3031
3145
3035,3146
3035
2761
2839
2838,3042
1689
3089
3041
3040
3039
1575,3036
3145
1576,3037
3043
3044
285,286
3046
3048
2889
3025
3049
2739,3055
1,693
3061,689
1947
3063
3064
3065
3066
1937
159
1937
3071
3072
3073
3074
3075
3077
3078
610
3081
2884
3082
3196
2137,3083
3293,3083
3084
1574
3088
3184
3231
3238
3152
3144,3088
3146
3095
3098
3184
3100
3102
3105
3106
2137,3282,2887
3110
2137,3110,2347
2092,3107
2137,236,3110
2137,2887,949,3108
2137,2887,3111
2137,236,3276
3106
947,3108
2178,3109
2178,949
2885
2137,3110,2660
3241,3111,2885
2137,3091,2885
2137,3241,2885
3335
3116
3283
3188
3120,1814
1833
3123,534,1833
2884
3144
3222
3222
3129
3129
1677,2637
2633,1677,3217,3130
2763
3129
3146
3129
3132
3104
3166
3136
3219,3278,3214
3213,3223,3216
3182,3177
3087,3086,3085
3326
3139,3140
3142
3143
3068
3232
3070
3149,2118
3148
3151
3153
3154
3155
1301,3159
533,3159,1680
3160,3162
3162
3163
3164
3166
3169
3171
3171
3173
3173
3178
3179
3180
3180
3181
3183
3184
3185
3186
3187
3189
3190
3191
1834,2748
3193,3178
3195
2880
989,3284
3267
3197,845
3267
3198
2095
3199
1274
1604
3320
1606,3321
3200,2611
3192
1276
3199
3208,3304,3207,3261
3208
3305,3199
3207
3208
3210
3308,3309
3304
3098
3211
3212,1268
3220,3218
3213
3229
3215
3224
3224
205
206,3225
1814,3226
1815
3227
1690
2631
3228,2629
2630
2760
3230
3231
3232
3233
3235
3236
3238
3240
3127
2137,3245,2347
3254,3255
3311
3209,15
3260
3260
3323
2137,3264,200
3267
3267
3270
3271
435,3272
2621,3275
3277
3281,1753
3284
3287
3288
3292
3300
3301
3304
3306
3306
3306
3307
3307
3310
3311
3317
3302,3312
3319,3312
3311,3323
3301,3311
3304,3323
3317
1724,3318
3323
1451,3253,3311,3323
3323
3323
3302
3302
3323
3306
3328
3329
3331
3332
3334
3337
3339
3170
169
2006
959,3058
3058
2349
3174
3341,3175
3342
1823,1844
2005,2381
2144,2146
3274,2265
3172,168
1169
3345
558,564
559,565
2614
3114,3346
3347
3347
1139
1872
936
937
1026
1025
198,2317
3294,184
3354
3090
3105
3332
3358
3221
1578
3221
3361
3372
3371
2636,3374
3375
2798,3377
3384
3386
3368,3369,3367,3366,3349,3350,3348
3059,3000,3027,3051,1727,3381,3052,3387,2795
3382,3359,2960,3385,3364,3352,3388
3395
3410,3411
2684
1240
3398,16
2019
1848,3399
1686
3150
3402
3403
2651
3401
2107,3400
2390,852
3405,679
3363
3404,364
2757
1566
3397
534,2936
1689
3407
2759
2628,1677,3408,2634
1677,3408,1833,2634