2044,2204
2452,2455
6
2454,2456
9
10
349,972
348,973
11
2072
12,2463
13
809,1226
14
16
18
18,1010
19
20
21
24
25
28
29
30
30,1801
32
32,141
33,802
34
34,284,673,1607
35
36
1450,1451,1452
38
42,852
1043,1579,2313
45,46
44
47
47,1272
48
1808,1875,1939,2439
37,1754
50,51
53
55,56,58,59
60,61,62,140
57,1861
61
63,64
63,841
63,1392
63,1393
358,1765
66
67
68
26,27,70,71,72,73,74,75
76
77,79,650
78,1859
80
76,1239
81
1112,1365
85
86
88,89
736,866,1001,1117,1406
34,1066,1071,1270
2155,2156
91,96,135,1326
93,2113
92,1877
93,1271,1293
92,647
92,2153
95,1282
94,690
535,792,2159
100,107
101,103,106,108,137,2232
97,98,99
102,647
102,1271,1293
102,2113
102,2153
105,1282
104,690
564,792,2160
573,792,2161
110,118,119,120,128
121,123,126,129
111,112,113,114,115,116,117,127
122,1271,1293
122,647
122,2113
122,2153
125,1282
124,690
109,111,112,113,118,120
624,792,2152
2268
1806,1807
130,131
132,647
132,1271,1293
132,2113
132,2153
134,1282
133,690
2157
2158
136,2151
405,984
141
33,803
142,1063
145
146
147
148
150
149
152
151,153,155,156,359,727,728,730,806,861,978,997,1062,1321,1328,1504,1576,1581,1586,1764
68,252,2050
669,772,1299,1357,1580,1753,1754,1762,2045,2050,2402
2452,2455
2452,2455
157
158
159
160
161
162
162,1313
163
164
167
1880,1902,2370,2393,2447
198,1944
41,43,494,904,1246,1458,1546
199,954
200
200,1914
202
7,8,717,801,844
212
1537
219,752
220,752
1538
221
221,222
222
224
224,339
224,339
225
226
227
228
230,232
230
231
232
233
234
235
235,687
237,1801
239
241
243,332
246
247
248
249
250
61,250,2050
61,1214
252
244,255
252,960
252,2050
57,80,259
252,1761
202,260
261,1449
265,2050
57,80,264
266
267
268
269
269,1796
270
271,673
271,711
272,1272,1769
272,1272,1441,1769,1776
272,1272,1441,1776,2252
274,318,319
276
276,277
277
240,278
280
281
282
281,283
783,1373,1378,1379,1534,2215
285
286
286,427
287
288
295
1442,1443
299
300
305
1903,2085,2414
305,306
307
309
309,1197
310
310,752
311,753
312
312,838
313
314
315,383,418
317
319
321
2407
322,350
329
329,331
331
335
2046,2364,2462
335,338
335,336
339
342,344
340,343
234,341
1100,1101
348
348,654
229
323,324
351
352
297,298
865,1001,1117,1406
354
807,808
883,884
673,1341,1787
325,419,420,1355
360
361
363
364
375,379,887,891
376,380,888,892
377,381,889,893
374
374,1155
374,1157
374,1168
378
378,1155
378,1157
378,1168
382
384
384,417,1335,2050
1491,2215
1112,1365
1112,1203,1365
388,390
387
389
266,386,742
391
392
362,1295
1535
367,368,369,370
401
402
357,403
411
402,410
408
406,407
410
351,410
412
413
270,412,793
414
415
416
417
421
422
423,770,1469
1044,1935
425,426
3,4,1078,2035,2036
365,452,1231,1377,1439,1746
404,429
270,429,448,793
430,1809
430,2417
270,432,448,793
270,434,448,793
270,433,448,793
270,431,448,793
270,438,448,793
270,439,448,793
270,440,448,793
270,442,448,793
270,443,448,793
270,444,448,793
270,445,448,793
270,441,448,793
441,981
428
270,428,448,793
270,446,448,793
270,447,448,793
448
288,456,457,458,1759
1049,1558,1756,1758
289,290,291,293,294
1112,1203,1365
471,472
772,839,1058,1067,1221,1299,1301,1357,1388,1753,1754,1762,2270,2402
474
749,751,799,1919,1923,1924,1927
749,751,799,1361,1362,1627,1919,1924,1927
659
476,480
479,483
477,481
478,482
484
485
488,489,490,491,492
1468,1490
495
496
251,497
500
501,507
1587,1876
516,518
515,517
94,688
527
527
529
533,535,792
530,531,532
529
501,505,507,508,509,510,511,513,514,715
537
550,552,554,556
549,551,553,555
545,572
544,571
539,541,543
538,540,542
104,688
546,547,563,575
548,1588
502,537,565,792
562,564,792
507,511,514,566
564,646
560,561
557,567
503,512,576
573,574,792
568,569,570
579,583,585,587,597,601
578,582,584,586,596,600
581,597,599,601,620
580,596,598,600,619
605,607,609,611,613,615
606,608,610,612,614,616
577,602,604,623
603,1589
124,688
583,585,587,589,591,593,595,618
582,584,586,588,590,592,594,617
621
622,624,792
501,504,505,506,507,508,509,510,513,514,715
629
629
626,628
625,627
630,1254
133,688
639
639,2392
639,2403
642,1956,1962
641,1957,1963
462,465,682,1465
461,464,681,1464
643,644,645
644
646
647
648
1042,1857,2323
648,649
651
652
653
654
651,2050
677,711
143,658
76,1805
660
143,656
143,661
662,664
665
667
668
669
670
671
673
674,675
676
678
684
686
687
687,1463
666,687
689,1284
667,687
693
694
695,696
695
696
696,697
979,1959
698
699
703
711
712
713,2397
714
655,726
726,1943
821,831,1934
729
731
731
733
733
740
734,993
731
735,993
736
737
738
739
742
743
1038,1436,1545,1612,1650,2293,2294
330,744,1650,1664,1683
745,1110
812,1038,1436,1545,1612,1650,2442,2443
1038,1436,1545,1612,1650,2442,2443
330,746,1650,1683
747,1110
746,1219
804,812,1615,2363
812,1574
410,850
751,1919,1923,1924,1927
751,1361,1362,1627,1919,1924,1927
751,1919,1923,1924,1927
363,804,1659,1665
398,751,1064
330,846,1359,1554,1611,1615,1643,1644,1645,1646,1650,1652,1653,1655,1658,1659,1661,1665,1666,1669,1670,1672,1673,1674,1675,1677,1681,1683,1684,1686,1698,1699
330,746,846,1359,1554,1611,1615,1643,1644,1645,1646,1650,1652,1653,1655,1658,1659,1661,1665,1666,1669,1670,1672,1673,1674,1675,1677,1681,1683,1684,1686,1698,1699
288,751,1759,1927
752
173,355,1218,1506
755,756
1820,2310,2380,2460
685,757,882,1106,1526,1527
758
759
760
761
762
764,766,768
765,767,769
770
770,1907
1373,1854
703,777,1368,1530,1531,1532,1534
773
317,385,416,468,473,493,1112,1369,1529,1533,1569
317,385,416,468,473,493,1112,1203,1370,1529,1569
317,385,416,468,473,493,1112,1370,1529,1569
317,385,416,468,473,493,1112,1203,1370,1529,1569
317,385,416,468,473,493,1112,1236,1369,1529,1533
317,385,416,468,473,493,1112,1203,1236,1370,1529
346,771
776,1532,1534
317,385,787,1112,1236,1370
416,473,493,774,1529,1534
416,473,493,1529,1534,1568
703,779,1367,1530,1531,1532
703,778,1368,1530,1531,1532,1534
775
703,779,1368,1530,1531,1532,1534
317,385,416,468,473,493,1112,1203,1236,1370,1529
777
780
785
703,780,1368,1530,1531,1532,1534
781,1368,1534
703,782,1368,1530,1531,1532,1534
784,1368,1530,1531,1532,1534
785,1368,1532,1534
786,1368,1534
783,1368,1534
783,1368,1534
783,1373,1534
788
790
791
792
796
76,640,795,1188,1311
794,1189
203,793
796
797
798
799
743,2050
435,436,437
657,663
758,1610,1668
809
810
811
812
813
814,1565
815,1566
816,894,1472
817,895
818,820
819,895
821
822
829
1812,1954
829,830
831
832
833
833,2412
2048,2374,2411
836,837
834,835
1814,1946,1966,2324,2410
839
160,790,840,1058,1308,1357,1753,1755,1762,2270
840,1931
843
845
846
847,1198
848,850
849,2055
813,851
853,855
854,967
497,858
860,1288
316,860
860,1271,2178
860,2231
860,1292
854,996
856,857
499,858
498,858
859,1498
859,2154
669,772,1299,1357,1580,1753,1755,1762,2045,2049,2402
863,953
953,1400
953,1342
732,810,1004,1327
865,1001,1117,1406
867,1001,1117,1406
866,1001,1117,1406
868,1001,1117,1406
869
871
1766,1849
15,1766,2440
870,1766,2440
872
275,872
238,873
238,874
319,872,2243,2259
875,875
875,1041
876
877,2242
296,878
424,879
880
236,881
881,2242
811,1970
842,1931
823,826
825,827
824,828
57,80,252,2050
57,80,265,2050
718,719,720,721,722,723,724,725,734,735,1001,1117,1185,1241,1248,1251,2309
885
287,885
886
886,1155
886,1157
886,1168
890
890,1155
890,1157
890,1168
1819,2386,2413
896
897
1803,1819,1947,2386,2413
897,898
899
900
1509,2289
896,1509,2289
950,2248
951,1477
952
953
839,1791,1970
958
959
960
961
962
959,964
965,1973
966
967
968
337,968
969
970
304,971
304,654,971
976
1535
363,1659,1672,1676,1682
239,356,393,812,1302
960,2050
688,992
980,981,982
404,1191
985,987
989
986,988
395,397
235,990
689,990
991,1283
688,990
990,1293
990,1444
990,2253
990,2254
990,2113
993
994
995
996
998
998,1081
1000,1899
1001
1002
1003
1003
1005
1007,1008,1009
1010
1013,1016,1018
1012
1014
1015
1017
1019
1020
1021
1022
1023
1024
1025
1026
1027
1028
1029
1030
1031
1032
1033
1034
1035
1036
1034,1035
1038
1038,2295
1039
1041
1045
1046
1047
1048
1050
1051
1053
1056
1057
772,839,1067,1068,1221,1299,1301,1357,1388,1580,1753,1755,1762,2049,2270,2402
1059
1060
1061
1034,1061
1035,1061
1065
69,90,475
475,1772
69,475
347
1069
654,1069
1052,1055
34,1066,1070
1054
1072
1073
1074
1075
1076
1079
1080
1081
1082
1083,1086
1084,1087
1085,1088
1089
1090
1091
1093
1094
1095
1096
1097
754,1106,1525
1108
1109
1110
1111
1113,1114,1115,1116
1117
1118
1119,1120,1121,1122
1123
1124,1356
1126,1127,1128
1125,1129
1220,1356
1130
1132,1133,1136,1137
1134,1354,1459
1138
154,800,1505
1138,1139
1140
1141,1316
228,1142
1143
1138,1486
1144
1145
1146
1147
1148
1149
1150
1151
1154,1717
1152,1153,1158,1159,1160,1161,1163,1164,1165,1171,1172,1173
1155,1718
1156,1719
1162
1157,1720
314,422,1006,1135,1253
279,1167
760,1167
762,1167
763,1167
1051,1167
1166,1169,1170
1175,1177
1175,1176
1178
333,1179,1183,1184
1180,1782
1181
1182
1182,2212
1185
993,1185
1185,1247
1187
1847,1862,1870,1886,1889,1916,2365,2419,2420
1190
1193
1194
1898,2408
1196
1196
414,1198
1196
862,1197
1199
1197,1243
869,1198
1200
1201
1201,2374
1202
76,320,711,1712
1212
2320
250,2050
249,993,1245,2050
1863,2050
54,1244,1863,2050
54,1244,1863,2050
1216
1404,1405
1109,1110
22,1107,1204,1205,1206,1207,1208,1209,1210,1211,1222,1223,1224,1296,1337,1344,1437,1544
1098,1099
1225
1225
1227
1228
1229
451,1230
528,534
1233,1590
536,558
559,1234
684,1235
1235,1591
11,1563
242,280
241,280
317,385,416,469,473,493,1112,1203,1370,1529,1569
1238,1240
1241
1243
1244
1245
1248
1249
1250
1250,1452
1251
903
1254
1255
1853,1860,2063
1255,1256
1257
1955,1961,2415
1958,1964,2416
1258,1260
1262,1272
1263,2200
1264
1265
1267
1268
1269
1270
1271
1272
1272,1769
1277,1278
1275,1276
1279,1282
170,172,176,672,974,1315,1785,1786,2461
138
1274,2289
1280
160,790,839,1058,1308,1357,1753,1754,1762,1970,2270
841,1219
1282
1282,1284
1284
1286
1287
1271,1742
1305,1306,1307
1289,1290
1291,1848
1293,1294
1293
1297
961,1297
1298
1298,1951
1151,1298
1299
1300
1301
400,467,1353,1492
1303
1304
1308
1309
1310,1332
1312
1312,2213
1314
1316
1318,1319
1317
1320
2141,2142,2143
1323,1444
1323,2253
688,1324
1325
454,520
455,2117
805,1881
669,1329
1305,1306,1307
1330
1045,1330
1331
80,1331
1331,1549
1331,1714
1040
1316,1332
673,1333
711,1333
1334
1335
673,1335
711,1335
2193
2202,2203
711,1341
1343
1345
711,1347
0,1348
1338,1348
1348,2179
711,1346
1037,1339,2047,2105
1011,1037,1339,2047
1339,2047,2105,2216
2,1350,2043
1350,2043,2322
1011,1037,1339,1351
1037,1339,1351,2105
1339,1351,2105,2216
1352
754,1106,1354,1459,1525
1354,1459
1357
1358
1358,2325
1359
1360
1361
1362
1363
1364
385,1366
317,346,1371,1854
783,1373,1378,1534
783,1373,1378,1534
1373,1855
1372,1533
2381,2382,2384,2385
2381,2383,2384,2385
1376
1378
1379
952,1406
721,725,1001,1117,1185,1241,1248,1251
953,1380
1381,1383
1382,1384
2057,2376
1385
1387
1403,2267
2067,2070,2079
773,839,1058,1299,1357,1388,1753,1754,1762,2270,2402
1131,2373
839,1058,1299,1357,1388,1753,1754,1762,2037,2042,2270,2459
839,1058,1299,1357,1388,1753,1754,1762,2041,2270,2450
839,1058,1299,1357,1388,1753,1754,1762,2037,2042,2270,2458
839,1058,1299,1357,1388,1753,1754,1762,2038,2042,2270,2451
839,1058,1299,1357,1388,1753,1754,1762,2038,2042,2270,2451,2457
839,1058,1299,1357,1388,1753,1754,1762,2038,2270,2449,2453
839,1058,1299,1357,1388,1753,1754,1762,1970,2270
160,790,1308,1391
839,1058,1299,1357,1388,1753,1754,1762,2039,2270,2450
839,1058,1299,1357,1388,1753,1754,1762,2040,2270
839,1058,1299,1357,1388,1753,1754,1762,2039,2270,2453
839,1058,1299,1357,1388,1753,1754,1762,2058,2270
839,1058,1299,1357,1375,1388,1753,1754,1762,2270
839,1058,1299,1357,1388,1753,1754,1762,2038,2042,2270,2459
1195,1394
673,1341
673,1341
1343,1398
285,748,750,791
394,396
357,1395
1399,1400
1396,1787
1342,1397
1219,1398
775,1357
1357
864,1187
864,1187
1342,1401
718,719,720,721,722,723,724,725,1185,1241,1248,1251
1407
1407,1536
1408
321,1408
1409
1409,1440
1410
1376,1410
1411
1412
1413
999,1716,1866,1867
17,1414
17,1414,1900
17,1414,1901
1415
1915,2391
1415,1416
1419,1936
17,1417,1900
1418,1936
17,1417,1899
1417,1899
17,1417,1901
1419,1936
1420
1389,1996
1374,1424
1390,1421
1422,1424
1389,1975
1390,1423
1389,1978
1424,1428
1390,1425
1426
1427
2009,2011,2013,2015,2017,2019,2025,2027
2008,2010,2012,2014,2016,2018,2024,2026
1389,1977
1390,1429
1389,1979
1374,1430
1390,1431
1430,1435
1390,1432
1433
1434
2009,2011,2013,2015,2017,2021,2023,2025,2027
2008,2010,2012,2014,2016,2020,2022,2024,2026
1436
366,1439,1502,1746
1440
687,1102,1105
1444
1438,1445
1231,1446
1447
1448
1448,1887
1448,1917
1449
1452
1453
1454
1455
1456
1457
1460
1461
1462
1463
1470,1473
1474
1475,1476
1470,1473,1475,1476
1478,1481
1479,1482
1480,1483
1485
797,1485
1488
1489,1978
1488
1488
1487,1606
1493,1496
1493,1496,1497
1498
1499
1499,1501
1334,2388
718,1001,1117,1185,1241,1248,1251
719,1001,1117,1185,1241,1248,1251
720,1001,1117,1185,1241,1248,1251
721,1001,1117,1185,1241,1248,1251
722,1001,1117,1185,1241,1248,1251
723,1001,1117,1185,1241,1248,1251
724,1001,1117,1185,1241,1248,1251
725,1001,1117,1185,1241,1248,1251
139,1217
353,1420
1507
1508
651,960,975,1467,1793
1811,1897
1529
700,701,702
1510,1511,1512,1513,1514,1515,1516,1517,1518,1519,1520,1521,1522,1523,1524,1528
704,705
223,449,450,706,707,708,709,710
40,83,144,716,977,1215,1232,1503,1575
1536
1539
1852,2051
1539,1540
1541,1543
1542,1784
1555,1556
1549
1550
1551
1554
1557
1561
1561,1864
1562
1563
1138,1563
1564
1819,2386,2413
1567
317,385,787,1112,1370,1569
317,787,1370,1569,2318,2319
317,385,787,1370,1569,2319
317,385,416,470,473,493,1112,1203,1370,1529,1569
1237,1567
1551,1552,1553
1562,1563
1577
1578
87,812
474
1937,1938
1582
1583
1582,1584
1583,1585
1254,1484,1894,2031
84,171,399,1254,1484,1967,2311
84,171,399,1254,1484,1894,1967,2028,2031,2061
82,84,171,217,218,399,1254,1484,1894
82,84,171,1254,2311
1605
1607
1608
1609
1610
1611
1612
1613
1614
1615
1616
1617
1618
1619
1620
1621
1622
1623
1624
1625
1626
1627
1628
1629
1630
1631
1632
1633
1634
1635
1636
1637
1638
1639
1640
1641
1642
1643
1644
1645
1646
1647
1648
1649
1650
1651
1652
1653
1654
1655
1656
1657
1658
1659
1660,1662
1662
1663
1664
1665
1666
1667
1669
1670
1671
1672
1673
1674
1675
1677
1678
1679
1680
1681
1682
1683
1684
1685
1686
1687
1688
1689
1690
1691
1692
1693
1694
1695
1696
1697
1698
1699
1700
1701
1702
1703
1704
1705
1706
1707
1708
1709
1710
1711
169,1281,1285,1713
1386,1592,1593,1594,1595,1596,1597,1598,1599,1600,1601,1602,1603,1604
1715
1715
371,1714
372,1714
373,1714
1174,1714
1721
1724
194,195,196,1722
1725
1726
1727
1728
1729
1730
1731
1732
1733
1734
1735
1736
1737
1738
1739
1740
1741,1743,1744
1745
1810,1822,1846,2312,2369
1748
1747,1749
1752
1753
1754
1757
1759
1761
63,1753
358,1753
1241,1248,1251
1001,1003,1117,1185,1196,1241,1248,1251
772,839,1067,1068,1221,1299,1301,1357,1388,1753,1754,1762,2050,2270,2402
456,458,1111,1257,1767
263,772,839,1067,1068,1221,1299,1301,1357,1388,1753,1755,1762,2049,2270,2402
258,772,839,1067,1068,1221,1299,1301,1357,1388,1753,1755,1762,2049,2270,2402
253,772,839,1067,1068,1221,1299,1301,1357,1388,1753,1755,1762,2049,2270,2402
254,772,839,1067,1068,1221,1299,1301,1357,1388,1753,1755,1762,2049,2270,2402
245,772,839,1067,1068,1221,1299,1301,1357,1388,1753,1755,1762,2049,2270,2402
256,772,839,1067,1068,1221,1299,1301,1357,1388,1753,1755,1762,2049,2270,2402
257,772,839,1067,1068,1221,1299,1301,1357,1388,1753,1755,1762,2049,2270,2402
841,952
292,1759,1760,1763
202,1449,1761
1077,1768
23,201,334,1103,1104,1773
273,2241,2247
69,659,1771
1777,1778,1779
652,1090
1780,2165
1780,2329
1336,1781
159,1271,1336,1770
1784
1787
963,1788
1790,1792
1796
1797
1426,1797
1797,1979
1801
1802
1011,1037,1339,2265
1037,1339,2105,2265
1339,2105,2216,2265
144,977,1215
1811
1813
1821
1823
1824,1827
1202,1825,1940,1941,1942
699,1495,1825
1801,1826
1828
1829,1832
1202,1830,1940,1941,1942
699,1500,1830
699,1500,1830
1801,1831
1833
205,1834
1801,1835
204,699
1836
207,1837
1801,1838
206,670,1495
1839
209,1840
1202,1841
1801,1842
208,699,1494
1843
211,1844
1801,1845
210,699,1495
213,216
215,1801
214,699,1499
1848
1290,1848
871,1185
346,1368,1856
1858
1804,1885,1890,1891,2087
1348,1930
1861
157,789
1864
1865
1874
1874,1965,2301
1874,1965,2303
166,302,327,522,525,1547,1799
165,301,326,521,524,1798
632,634,636,638,1775
631,633,635,637,1774
168,303,328,523,526,1548,1800
2088,2089,2090,2091,2104
1879
1795,1884
1887
1888
1892
1893
1896,2183
1489,1978
1489,1996
1213,1979
1904
157,1904
421,1904
1267,1904
1536,1904
1905
1906
1905,1906
1259,1261
906,908,910,918,933,935
905,907,909,917,932,934
486,1910
1908,1910
1909
486,1909,1910
487,1908,1910
5,1912
1911
5,339,1913
1914
1917
1918
1920,1921
1625,1626,1922,1925
1922,1925,1929
1926,1928
1783,1960
1936
25,1936
1940
1941
1942
177,182,183,184,185,186,187,191,192,193,1723
1011,1037,1339,1944
1037,1339,1944,2105
1339,1944,2105,2216
1945
952,953
952,953
1952
1795,1953
920,922,925,931,938,940,943,945,948
919,921,924,930,937,939,942,944,947
913,923,927,949
39,83,144,308,345,977,1215,1503,1575
1801,1965
1972
307,1972
1973
1988,1989,1990,1991,1992,1993,1994,1995
1988,1989,1990,1991,1992,1993,1994,1995
1974
1975
1976
1977
1978
1980,1981,1982,1983,1984,1985,1986,1987
1979
1980,1981,1982,1983,1984,1985,1986,1987
1980
1981
1982
1983
1987
2000,2001,2002,2003,2004,2005,2006,2007
2000,2001,2002,2003,2004,2005,2006,2007
1996
1997
1998
1999
175,460,680,902,1751
174,459,679,901,1750
2096,2100,2101,2102,2103
178,179,180,181,188,189,190,197
1089,1714
65,1714
262,1714
1011,1037,1339,1349
1037,1339,1349,2105
1339,1349,2105,2216
1348,1930,2204
1348,1930,2194
2050
2052
2053
2054
2055
2056
2062
2331,2346
2332,2347
2333,2348
2064,2351
364,2350
2352
1352,2066
1752,2353
2064,2353
2335,2354
2336,2355
2337,2356
2068,2071
2069,2073
2338,2357
2339,2358
2340,2359
2342,2360
2074,2080
2075,2080,2349
2065,2076
2077,2350
2066,2078
2343,2361
1010,2080
2344,2362
2081
1219,1402
2082
2083
2084
2086
1273,2092
2097,2098,2099
688,2092
1471,2095
2093,2094
688,2095
1273,2095
1471,2092
2106,2189,2191
2113
1322
689,2114
1283,2115
688,2114
1293,2114
1444,2114
2114,2253
688,2116
2114,2261
686,2122,2245
1282,2128
686,1312,2122,2245
1474,2123
2123,2213
2124,2129,2130
686,2125
667,2126
686,1463,2125
2126,2245
1284,2127
1312,2127
409,2132
689,2133
1283,2134
688,2133
1293,2133
1444,2133
2133,2253
688,2135
409,2137
409,2136
689,2139
1283,2140
688,2139
1293,2138
409,2144
1293,2145
409,2147
688,2148
983,2147
1444,2149
983,2146
2149,2253
688,2150
2162,2163,2170,2172,2177,2210,2230
1011,1037,1339,2164
1037,1339,2105,2164
1339,2105,2164,2216
2166
1192,2244
1283,2167
2131
1444,2168
2168,2253
688,2169
1284,1878
1282,2171
950,2211,2248
950,2214,2248
688,2289
2173,2174,2175,2176
2113,2260
31,1801
2180
822,2180
832,2180
2181
2182
2184
2185
2186
2187
2190
2192
2195
2196
2197
2198
1272,2199
2201
1794,2205
2206
2188,2207
2208
2209
2214
2255,2256
282,2212
2255,2256
2215
2220,2221
2217
2218,2219
2222
2223,2225,2226
2224
2227
2228
2229
2118,2119,2120,2121
2107,2108,2109,2110,2111,2112
2153,2233
688,2234
647,2233
1282,2235
690,2234
1284,2239
463,466,683,1466
687,2237
667,2238
1463,2238
2238,2245
1282,2236
2213,2237
159,1271,1336,2240
159,1271,1336,2246
2249
1284,2298
2251
2257,2258
673,2030
711,2030
1,2262
1340,2263
1266,2266
2264,2321
1350,2043
2290,2291,2292
2272,2273,2274,2276,2283,2284
2269,2277,2278,2280,2282,2285,2286,2287,2288
2271,2275,2279,2281
2293
2294
2294
2296
1282,2250
692,2297
691,2297
49,2304
2300
52,2304
2302
2305
49,2306
52,2306
339,2299
2307
2308
2314
2317
2320
453,519
2325
2330
2330
2332
2333
2334
2339
2340
2341
2342
2343
2344
2345
2347
2348
2349
2350
2351
2352
2353
2358
2359
2360
2361
2362
1621,1675
2374
2375
2377
905,911,912,913,914,915,916,923,926,927,928,929,936,941,946
2377,2379
2387
1053,2387
2388
2392
2397
2402
2403
2409
1570,1573
1572,1801
671,676,1571
2412
2417
2418
2421
2422
2422
2423
955,1559,1871,1932,1968,1971,2031,2389,2404
1815,1894,2031
1815,1871,2311
956,1560,1872,1933,1969,2033,2390
1817,1873,2034
2424,2427
2425,2435
2426,2428
1850,2315,2325,2366,2393,2398,2405
1818,1850,1882,1948,1967,2028,2060,2325,2370,2393,2398
1818,1882,1948,1967,2028,2060,2061,2325,2370,2377,2393,2398
1851,2316,2327,2367,2395,2401,2406
1883,1949,2029,2059,2326,2371,2394,2399
1950,2328,2368,2372,2378,2396,2400
2429,2432
2430,2433
2431,2434
1816,1895,2032
1714,2437
427,1714,2437
1438,2438
2436
772,839,1058,1221,1299,1301,1357,1388,1753,1754,1762,2270,2402
1185,2441
718,719,720,721,722,723,724,725
1059,1766,2440
2442
2443
1787,2446
1241,1248,1251,2440
1001,2444
1117,2445
1001,1117,1185,1241,1248,1251,2441
160,790,1058,1308,1357,1753,1754,1762,2270,2448
957,1789
160,790,1058,1308,1357,1753,1755,1762,2270
741,1002,1005,1092,1186,1199,1200,1242,1249,1252
1868,1869
2464