1,3612
2
5,3305
4
4,3250
4,3251
3,1422
7
356,1191,1210
1191,1211
1192,1211
9
9,1604
1879,2596
456,2595
12
11,4497
14
15
17
18
19
3010,3612,3614,3615,3616,3617,3619
25,26
2316,4261
30
34
34,984
35
36
37
37,39,41
37,1467
39,41
38,1269
38,2554
40,3109
47
48
49
3168,4522
51
52
53
55
56
58
59
60
61
62
63
64
64,3862
64,3894
64,3902
63,2050,2164
63,2164,2169
63,2050,2164,2169
66
67
67,1339,1688,2164,2169
68
69
70
71
76
76,499
77
78
81
82
83,85
86
86,1252
87
88
90,91,93
92
92,94,2218
92,94,3984
94
89,94
96,98
99
100,107
101,354
103
103,106
104,354
108
109,2028
111,114,115
110,112
116,119,120
110,117
118,1530
121
121,125
121,125,127
123,4540
110,121
125
110,125
126,1367
127
110,127
129
133
134
135
134,135
136
134,136
139,1618
142
142
143
144,2413
144,3296
141,2413
145,3297
147
148
152
153
155
156,158
157
160,161,162
159,3599
159,3608
163
164,165,166
167,170,171
168,1541
168,4417
172
173
1132,1656
177,207
180
181
181,432,695,698
187
187,372
189
190
191
192
193
194
195
196
197
198
3018
200,3009
201,368
204
3699,3768,3787,3821,3837,3939,4474,4526
135,205
206
207
206,832,3023
209,1381
215
217
217,220
217,220,221
217,2083
217,2685
222
223
226
228,1381
230
231
232
232,3894
685,1701
79,80,235,236,237,238,239,240
242,243
243
244
245
248
249
249,3461
251
251,3079
252,253,254
255
258
3726,4489
262,3742
260,266
259,261
260,265
260,265,266
263,3671
258,262
266
258,266
266,3742
269,271
269
270
271
272
152,269,694,1376,1674,2482
268,3075
268,3354
274
278
279
281
284
295,296,297
287,1113
287,1154
287,1155
287,3032
287,3999
289,293
287,3992
290,2426
289,1353
288,1347
289,4331
335,2426
291,4320
287,3982
288,2599
288,4331
287,4164
294,1347
1081,1488,4002
1488,1740,4003
1084,1488,4003
307,310
298,1154
298,1155
298,3032
298,3999
300,305
298,3992
301,2426
300,1353
300,4331
303,2426
302,1353
302,4320
298,3982
299,1347
299,2599
299,4331
298,4164
306,1347
308,309
311,312
322,323
313,1154
313,1155
313,3032
313,3999
315,320
313,3992
316,2426
315,1353
315,4331
318,2426
317,1353
317,4320
313,3982
314,1347
314,2599
314,4331
313,4164
321,1347
1097,1488,3990
1100,1488,3991
325,326
1064,1717,3981
1103,1488,3981
324,1154
324,1155
324,3032
324,3999
328,333
324,3992
329,2426
328,1353
327,1347
331,4320
328,4331
332,2426
331,1353
324,3982
327,2599
327,4331
324,4164
334,1347
291,1353
1193,2446
2788,2886
3679,3983
337,776
337,776,3022
337,776,3022
1605,3679,3983
3679,3983,4270
338,2416
337,3028
337,4278
1880,2597
339,3032
339,1154
339,1604
339,1652
339,2413,2452
339,3121
339,4164
339,3992
339,4323
339,4350
339,4269
340
341,770
340,1214
431,1214
1965,3069
342
2359,3648,3649
2365,2367
755,2338,4141
337,2864
337,379,2864
337,2863
233,337
337,1154
337,2452
337,2626
337,2626
337,3977
337,3992
337,688,3992
345,2716
2774,3845
1584,1585,1586
81,84,348
84,348,3968
348,1159
348,1161
1585,1586
82,84,349
84,349,4188
350
860,861,2254,2255
351,1263
1342,1343,1344,1359
353,3998
354
103,354,2218
103,354,3984
355,1965
357
358
150,151
97,359
211,3760,3940
370,1890
154,421,1899,2410,3016,3164,3698,3703,3730,3788,3796,3800,4452,4475
183,184,185,186
906,2183,2198
425,3630
382
383
384
387
388
389
389,3407
390
391
392
393
394,395
398
407,2216
400,1154
400,1155
400,1351,2427
400,2452
400,3032
400,3977
400,4265
401,1347
401,2599
400,4266
400,4307
402,1347
399,2219
403,2219
404,3980
405,3301
405,4348
406,3985
407,593
407,1979
408,835
408,1365
408,4291
407,1976
407,4293
409
410,412
391,929,979,1473
414
416,1539
415,419
415,418,3973
415,418,3623,3973
416,3052,3623
415,418,3623,3949,3973
416,1540
3424
3425
417,418
422,2553
425
425,3611,3630
380
428
428,1735
431
432
432,706,2739,3048
227,575
497,589,798,1762
140,277,362,365,366,367,369,373,374,376,377,378,448,758,765,769,772,777,781,785,786,787,1016,1017,1177,1392,1518,1828,2243,2617,2618,2620,2641,2663,2664,3175,3177,3185,3409,3411,3621,3717,3727
1373,2093
1374,2094
442,443
445
396,397
445,446
2017
450,3004
449,2271
453
453,455
455
456
457
457,461
459
461,462
459,460
461
3769,3789,3792
466
465,466
468
466,468
468,3770
468,3794
471
471,755
471,755
473,474
474
476
473,476
476,1729
479
480
480,3247
482
486
486,3454
487
488
3716,3773,3775
488,489
488,755
491
491
494
438,494
494,1346
495
494,1391
494,3117
496
496,698
507,511,515,518,524,525,526,528,529
500
501
502,505
501,503
505
506
508
508,544
510
512
512,517,520
512,517
516
520
521,523
528
531
532
532,1136,1246,2247
533,929,1005,1006,2479
532,1422,2247,3620
532,979
532,4065
531,673
535,2107
536
538,543,554
510,539
541
522,541
513,558
543,545
545,548,549
528,546
550
516,550
552
514,552
554
506,554
556
520,556
558
559
512,559
560
561
562
562,563
563
564,566
568
569
570
217,220,221,491
384,581,582,583,584,585,586,587,1119,1120,1121,1124,1125,1598,1599,1845,2314,2319,2322,2324,2325,2326,2333,2454,3569
1736
570,1253
579,2655
570,1253
571,574
570,1381
575,2675
577,578,2676
576,2318
576,2321
572,575
573,575
575,1119
575,1120
575,2414,3555
575,2414,3021,3555,3567
575,2414,3021,3567,4301
584,585,587
588
38,588
591,697,698
590,1598,1889
592
592,1975
592,1974
594
594,911
595,2020
530,596
598,599
599
534,599
601
602
603
608
609
610
611
612
613
612,1813,3493
612,1893,3490
466,467
470,2708
617,618
620
621
622
623
624
624,3894
625
626
628
632,640,643
1983,3636,3658,3672,3685,3720,3735,3749,3798,3820,3852,3941,4406,4434,4442,4453,4464,4486,4488,4525
279,633
633,634
636
3672,3744,3746,3809,3820
636,641
279,638
636,637
641
3744,3943,4496
641,642
644
645
645,1573,1576
3024,3025
649
650
599,649
651
651,929,982
655
656
657
658
659
660
3753,3926
662,663
661,664
664,767
666
666,2113
666,2115
667
668
669
672
673
673,929
675
675,3444
675,3444,3445,3446
678
675,678
679,683
676,681
684
677,684
685
685,688
685,833,927
687,3524
685,4010
688
688,2716
691
692
693
694
695
695
698
273,698
626,698
698,3128
698,4009
699
698,699
703,704
701
701,979
702,929,1884,2046,3097,3456,3457
705
707,1719,2739
709
710
709,710
715
716
717
718
725
723,1582
725,726
728
712,719,720,721,722,723,1582,2493
728,729
731
713,714,724
731,732
734,741
716,735
737
717,737
739
718,739
742
743
744
744,979
748
656,748,3333
748,3337
748,1813,3100
750
3925,4418,4533
750,751
750,1810
753
753,1810
755
475
473,756
477,478
473,757
2729,2730
755,759,794
2508,2509
760,2507
35,131
773
179,775
2375,2376
2378,2379
778
2694,3065,3066,3134,3135
788
790
791
793
794
794,3395
755,795,4038
795
796
796,1582
2503,4051,4052,4069,4244,4245,4246,4248
2503,4051,4052,4069,4217,4218,4219,4224
4217,4218,4219,4220,4221,4222,4223,4224
798,2385
800
801
805
805,810
808
809
811
813
814
815
816
817
821,825,1642,1647
822,826,1643,1648
823,827,1644,1649
824,828,1645,1650
821
821,2112
821,2122
821,2123
825
825,2112
825,2115
825,2123
825,2129
829,1646
830
831
831,2113
832
833,927
835
837
840,849
790,841
843
3657,3664,3665,3677,3686,3706,3713,3724,3748,3783,3784,3804,3838,3854,3937,4396,4397,4403,4405,4432,4436,4446,4456,4468,4478,4492,4534,4536
790,843
843,844
845,848
790,846
852
851,1610
856,857
855
855,1427
856
793,856
500,854
708,854
742,854
859
862
3273
863,3291
868,3262
867,2107
870
871
871,979
872
873
875
876
877
878
878,881
879,882
879,3936
878,882
878,4454
872,874,876
883
884
885
886,1595
888
563,928
644,889
892,3977
208,430,888,932,974,1403,3272
910
890,3467,3988,4319
890,3467,3988,4320
891,1356,2599
890,3988
892,4322
892,2590
892,3029
494,892
495,892
893,3489
893,4329
892,1352
892,1347
892,1356
894,2427
894,2599
892,1358,2599
892,2452
892,4316
895,1347
890,3988,4319
648,896,933,945,946
897,3117
890,1346,3988,4319
648,890,1346,3988,4319
899,933,945,946,2414
899,933,946,2414,4026
890,933,945,946,3474,3988,4319
888,909
903
904,2088
438,898
438,899
908
1351,2632
907,2426
1347,2632
2452,2632
909
59,909
890,909
911
912
911,912
911,912,2019
912,4053,4065
912,916,919
911,915,918
911,915,917
911,915
207,914
911,2560
915
920
921
923
925
926
929
929,2043
931
933
934
934,942
934,943
934,4000
689,935
935,1227
935,2418
935,2445
935,3142
935,4014
936,3029
936,4279
937,1347
937,1348
937,1350
935,4167
935,4267
938,2418
935,4275
934,4001
939,2418
3734,3764,3765,3766,3767,3856,4393
941,942
940,1608,1651,1817
944,1464,3136
946
901,2181,2195
569,947,972,1490
569,948,972,1490
569,949,972,1490
569,950,972,1490
951
951,2883
953,954
955
957,963
952,967,968
956,3597
814,952
900,2190
2180,2190
958,964
960
961,1935
961,2054
959,965
961,966
88,968
198,968
968,979
715,969
955,969
969,2408
968,1978
968,3099
968,3155
968,3193
970,1256
970,2981
968,3595
968,3608
968,4337
693,971
972
979,986,996
3745,3774,4472,4483
3676,3721,3791,4437,4472
983,1004
866,976
982,2041
980,3270
976,995
979,2409
977,989
978,989
979,2286
929,985,1136,1246,2200,3310
976,1491,2576,3364
270,979
929,990
982,2045
2538,3247
980,3265
800,992
481,991
994,3805
929,981
995,1491,2576,3364
987,997
1007,1008
999
1000
976
1001,1489
1001,1004,3161
1002,1977
1003,2417
1002,1978
1004
979,3961
979,1133
989,1004
1010,3029,4287
998,1004
1002,1525
1004,1957
1004,1958
1011
1012,1013
1015
783,1519,3110,3413
1196
1025
1025,3667
1027
1028
1029
1030
1031
1033
1036
1031,1034
482,1035
1033,1037
486,1035
1037
1038
1039
706,1042,2739,3048
1043
1044
1047
799,2259,2327,2619,2771
1047,1048
1050
435,452,621,1414,1517,3553
1050,1051
1053
435,452,621,1414,3553
1053,1054
1056
16,54,146,804,838,850,924,930,1267,1954,2259,2327,2642,3146
1056,1057
1064
1060,1065,1068,1074
1083,1488,1740
1069
1078
1066,1077
1079
1080,1081,1488
1059,1060,1065,1068,1070
1082
1083,1084,1488
1059,1062,1065,1067,1071,1072,1073,1075,1076,1384
1082,1679
999,1000,1478,3299,3705,3807
1475,2552,3705
1085,1088
1086,1089
1087
1059,1060,1068,1070,1074
1090,1093
1091,1094
1092
1059,1061,1062,1063,1065,1067,1071,1072,1073,1075,1076,1384
1095
1096,1097,1488
1059,1062,1063,1067,1075,1076
1098
1099,1100,1488
1059,1061,1062,1063,1065,1067,1071,1072,1075,1076,1384
1101
1102,1103,1488
1059,1061,1062,1063,1064,1065,1067,1071,1073,1075,1076,1384
1064,1101,1488,1717
1104
1105,3114
1060,1068,1070,1071,1075
1105,1106,1488
1109
1109,4460
1110
1111
1112,1114,1115
1116
1117
1118
1119
1120
1121
1126,1128
1127,1129
420,1162,1743,1744,1761,3834,4487
1130
1131
1131,3124,3970
1134,1657
1136
1137
839,1137
1138
1138,1139,1140
1139
1141
1142
1118,1142
1144
176,199,519,1814,1927,2991
1144,1145
1147
176,1426,1927
1147,1148
1150,1152
1151,1376
1153
1154
1155
1157
1157,1182
1159
1161
1163
1164
1166
1169,1173,2890
1171
1172
1178
1040
1630,1635,1641
615,1156
1183
1172,1173,1175,1176
1185,3592
24
340,1205
431,1205
1187,1381
1187,1253,2750
1188,2750
1188,3120
1216,1253,2749
1214,2749
1253,1285
1285,1381
356,1190
1190,3120
1190,4323
1253,1288,2757
1219,2757
1253,1283
356,1191
1283,1381
356,1192
1188,4323
1216,1381
1220,1222
249,3637
1197,1222
1217,1381
1198,2285
1199,2285
1219,2657
1201
1522,1523
1281,1381
1204,1208
1205,1209
223,1206
1207,2465
1282,1381
1187,1253
356,1188
1284,1286
1214,1366
1214,1368
1216,1381
1216,1253
1214,2417
1214,3392
1253,1288
1288,1381
356,1219
1216,1253
1221,1225
575,1223
1222,2317
575,1224
570,1224
1222,2419
1222,2447
222,1209
1227
1228
1228,1357
1229
1230,1233
1229,1231
1229,1234
2480,2502
1237
1238,1241,1242
1237,1239
1243
1244
1245
1246
1247
1248
1249
1248,1249
413,1251
1253
1254
1255
1256
1257
1259,1381
1260
1260,1262
1262
1263
1264
1265
1264,1265
1268
1269
1269,1274
1268,1271,1273
1268,2233
1268,3168
1271
1272
1272,1274
1271,3168
1273,3168
1274
1270,3168
1189,1200,1276
1189,1200,1277
1278
1247,1278
1280
1286,1381
1287,2351
1289
1290,1292
1293
3758,4441
3693,3801,3806,3829,3928,4495
3632,3711,3737,3793
1297
1291,1297
1291,1293
1293,1294
1293,1295
1293,1296
614,1301
1303
1304
1305
440,1305
1528,1825
112,3248
112,135,262,443,446,488,503,505,633,750,753,879,1047,1050,1053,1056,1144,1263,1300,1314,1317,1331,1336,1370,1417,1419,1479,1507,1710,1784,1788,1790,1799,1875,1904,2098,2100,2149,2154,2228,2264,2278,2287,2288,2290,2300,2305,2543,2551,2568,2577,2659,2661,3198,3200,3202,3248,3385,3465,3604,4371
94,104,121,125,127,168,266,359,468,618,680,753,784,841,1157,1262,1265,1277,1278,1305,1331,1482,1512,1777,1870,1961,2154,2290,2564,2571,2580,2584,2928,2930,3001,3401,3421,3544
1307
1004,1307
1004,1307,1528
1307,1529
1004,1309
1310
1312
1314
1314,1747
1316
1316,1556
1317
1317,1810
1317,3447
1320
1321
53,1321
1320,2026
1324
19,1324
1326
1326,1742
1327
1327,2547
1329
1329,2547
1331
1331,3630
1336
436,755
1336,1337
1339
1340,1341
1344
1344,1624
1346,3407
1346
1346,3086
1347,3966
1347,4270
1347,4278
1347,4326
1346,3498
1346,3975
1349,4326
1227,1346
1351,1354
1351,2432
1351,2413
1347,1399
1347,3998
1347,4313
1347,4314
1345,3086
1349,4270
1346,4165
1359
1360
1361
979,1361,2244
1362,2045,2177,3625
1363
1363,3894
673,929,979,1360
1365
1366
130,1366,1368,1369
473,1366
1368
1370,1372
1371,1748
1375,1376
1376
269,1376
1381
1382
1383
1384
505,1245
23
1387
1388
1389
1390
1355,4008
1395
1396
1397
1398
1400
1401
1402
1403
909,1403
1312,1404
1404,4328
1405,1780,1796,2592
1405,1780,1796,4317
1406
1406,1750
1408
45,2030
1408,1409
1411
46,2030
1411,1412
1415
1416
1417
1415,1417
1419
1416,1419
1422
1427
1428
1429
1428,3304
1430
1431
1433,1435,1437
1434,1436,1438
1433
1434
1435
1436
1437
1438
1444,1445
1439,1890
1440
371,1446
1447
648,1448
1449
945,1450
1463,1933
1463
1227,1463
1451,1452
1227,1346,1463
1347,1463
1454
1455
1463,2590
1463,2709
1463,2711,3086
1463,3031
1463,3140
1463,3357
1463,3359
1457,1978
1458,1978
1463,4306
1347,1459
1463,4322
1460,1978
1453,1456
686,1461
7,1462
210,1257,1462
1462,2716
1461,2427
1461,2599
1443
1441
1442
1465
423,1466,2556
1468
1469
931,1468
1470,2593
1472
1475
1478
1479
3654,3658,3664,3665,3666,3675,3682,3710,3712,3713,3719,3724,3731,3732,3741,3746,3749,3752,3763,3777,3784,3786,3804,3808,3824,3835,3838,3853,3923,3924,3937,4397,4407,4433,4436,4449,4477,4479,4480,4492,4493,4494,4534
1479,1480
1479,1534
1482
647,3776,3935,4439
1482,1483
1482,1534
1485
1485,1534
1485,4407
1486
1486,1534
1488
1496
1494,1495
1019,1489
1494
249,1110,1493,2409,2576
1490,1492
1494
1496
1497
3660,3664,3665,3691,3694,3697,3724,3759,3781,3782,3790,3833,3929,3937,4395,4436,4447,4469,4478,4528,4530,4534,4535
3713,3786,3804,3813,3823,3854,4403,4404,4408,4446,4456,4479,4532,4536
52,1497
1497,1499
1497,1498
1500,1503,1504,1505,1514
52,1501
1506,1509,1510
52,1507
1511,1515,1516
52,1512
2637
1212,1222
1210,1222
1215,1222
1189,1222
1218,1222
43
629
811,1532
1311,1532
1310,1532
1532,3003
3036
424,1533
603,1533,2553
1243,1533,2553
1465,1533
1534
1535
1422,1424,1425
1538
3058,3059
1539,3072
1539,3949
1541
1542,3630
788,1543
1544,1550
1545,1551
929,1546,1816,4065
1547,1552
1548,1553
625,915,1549,2020
1554
1557,1558
1555,3404
1564,1570
1565,1567
1565,4287
1566,3029
1566,3966
1566,1606
1566,1607
1566,1608
1566,4030
1568,1569
1571
1571,1853
1572
1572,2558
1573
646,1289
1578
1578,1864,3947
1578,3947,4179
1579
1580
1581,1601,1603,3373
3427,4331
1582
1592
1593
755,1538,1594
887,1014
1598,1599,1600
1597
1601,1948
1604
1604,1608
1604,1609
1608
1605,1624
1610
1613
1614
1616
1538,1617
2066,2067
42,50
1589,1590
1620,1621
1620,3996
1624,3029
1624,4326
3819,3996
1635,4326
1611,4254
1611,1615
782,1626
1181,1627
1635,3029
1122,3552,3778
1625,4330
1634,3406
1612,1615
755,1970
1642
1642,2104
1642,2122
1642,2123
1642,2129
1647
1647,2104
1647,2115
1647,2123
1651
1651,3009
1652
1653
1653,1855
1653,2560
1654
1655
1660
1663
1665
1666
1667
1664,2860
3467
1672
1674
1675
1679
1488,1679
1680
1680,4082,4189
1681
1683
1685
1686
1687
1687,1689,1690,1691
1692
1693
979,1693,2244
1694,2250
979,1692,1695
979,1694,2244
1696
1697
1698
1699
1758,3593
1702
1707
1708
1708,3919
1709
1710
1709,1710
1712
1712,4445
1712,4451
1712,4451
1713,4498
1712,4500
1714
1715
1716
1717
1724,2250
1721,1726
1720,1725
1728
1729
1730
1731
1731,3894
1733
812,1732,1793
1734,1866
1736
1718,1738
138,381,434,498,567,604,605,606,652,653,654,655,774,864,973,1583,1703,1704,1705,1706,1727,1831,1865,1969,2052,2053,2231,2253,2311,2461,2482,2498,2710,2712,2741,2892,2942,3014,3015,3043,3044,3101,3206,3607,3629
575,808,1739
575,1739,4084
1069,1741
1742
1745
1746
1747
1748
1749
1750
1751
1752
1753
1754
1755
1629,1636,1637,1638,1639,1640
1636,1637,1638,1639,1640
1759,1760
1758,4035
1765
1766
1766,1769
1766,1770
1766,4033
1767,3017
1605,1767,3017
1767,3017,4270
1767,2599
1767,3082
1767,3140
1767,3142
1767,4331
1767,4344
1767,4167
1651,1768
1772,1773,1774
1777,3797
1777
1778
1778
1779
1780
1781
1913,3149,3157
3019,3998
1782
1783,1786,1787,1789
1782,1784
1788
1790
1791
1792
1794
1796
1797
1798,1801
1797,1799
1802,1806
1803,1804,1805
1802,3278
1756,1802,3278
1807
1807,3278
1802,1807
1180,1808
1809,1811,1812
2734,2882,3026
1813,2272
1816
72,73,74,1818
607,631,1160,1364,2103
415,1821
900,2180,2191,2193
113,3249
1202,1822
1203,1822
102,118,137,188,447,454,458,490,509,527,540,542,547,551,553,555,557,639,665,711,727,730,733,736,738,740,847,1143,1146,1149,1232,1240,1308,1318,1322,1323,1325,1328,1330,1394,1407,1410,1413,1487,1502,1785,1876,1964,2099,2101,2237,2239,2242,2274,2276,2282,2294,2296,2298,2303,2566,2574,2934,2937,2987,3167,3181,3209,3212,3240
1524,1823
1525,1823
113,264,352,444,447,490,504,635,752,754,880,1049,1052,1055,1058,1146,1250,1298,1299,1315,1319,1332,1338,1385,1393,1418,1420,1481,1508,1711,1785,1800,1876,1905,1962,2099,2101,2150,2155,2229,2279,2289,2291,2299,2301,2304,2306,2307,2310,2544,2569,2579,2662,3199,3201,3203,3249,3384,3412,3423,3466,3605,4372
1526,1824
1527,1824
95,105,124,126,128,169,267,360,469,619,682,784,842,1158,1250,1261,1266,1276,1279,1306,1332,1484,1513,1775,1918,2155,2291,2474,2567,2572,2581,2586,2929,2932,3002,3402,3422,3545
1529,1825
118,1531
110,3405
52,108,110,134,249,258,279,351,442,445,501,755,882,1048,1051,1054,1057,1145,1245,1248,1291,1337,1395,1415,1416,1534,1709,1747,1748,1782,1797,1810,1903,2095,2096,2147,2153,2225,2277,2309,2402,2405,2468,2540,2639,2660,3194,3195,3196,3377,3405,3447,3463,3602,3630,3647
52,89,97,110,249,258,354,440,466,617,675,790,1182,1247,1248,1260,1264,1534,1541,1917,2153,2390,2401,2402,2406,2473,2585,2931,2950,3000,3414,3415,3542,3630,3797,3848
2261,2262,2263,2775
1830
1832
1832,2560
1834
1836,1837,1838
1839,1965
1842,1843,1844
1841,4095
1845
1846
1848,1851,1864
1847
1849
1850
1848,1851,1858
1852
1853
1856,4039
1854
1855
1852,1854
536,1854
565,1854
1857
1859
1860,1861
1862
1863
1863,1938
1847,1850
1867
1870
1874,1877
1875,2468
1878
147,1878
149,1878
1878,2115
1881
1882
1883,2560
1882,2560
1884
1885,1886
1887
1888
1889
1890
1792,1890
1890,3483
1893
748,1893,3491
1895,1896,1898
1896,1898
1900
1901
1972,4226
1903
1904
1903,1904
1907
1908,1909
1911
1912
463,464
1914,1915
2472,2475,2478
1917,1961
1922,1923
1920,3976
1921,1926
1920,1926
1924,1925
1929
2774,3845
1933
1934
1935
1936
1937
988,1937,2868
1937,2869
988,1937,2869
1938
1939
1940,2248
1687,1942
979,1473,1940
929,1941
979,1940,2249
1939,2245
780,979,1135,1939
1939,2246
929,979,1473,1939,2045
979,1939,2244
1943
1938,1945
148,1944
1945
1946
1947
1950
1951
1952
473,1952
1956
1960
1959,4386
1010,1978,2417,3161
1869,1871,1872,1873
2264,2639
1930,1931
1907,1963
1965
1968
1739,1967
1971
234,286,1019
1019,3560
234,1019
2497,2499,2500
1974
1974
1976
1977
1978
1982
2007,2008,2009,2010,2011,2012,2013,2014,2015
1984,1985
1985
630
1994
1996
1996,2890,3495
1996,2890,4381
1167,1793,1994
2005,3627
1793,1994,4508
1793,1994,3627,4508
1172,1996
1996,2940,3495
1829,1980,2386
2018,2020
2020
2021
914,2021
2022
2023
2024
2025
2026
2027
2029
2029,2524
2031,2032,2034
2035,2037
2041
65,2041
2044
2045
2045
2047,2049
1339,1425,2048,3245
1421,2048,3245
2054
2055
451,1226
2056
2057
2058
2059
2060
2060,2088
2061,3598
2062
2066,2079,3373
2063
2064
761,4101
2065,2743
1602,3849
2075,3614
61,1834,3849
1616,3849
2069,3374
2072,3373
3373,3849,4043
2070,3119
1574,2071
2627,3119,3373,3849,4043
2071,2530
1677,3119,3849,4044
1948,3849,4043
2073
2074
2084,3849
1834,3849
2076,2518,3850
2861,3849
2076
2077
2078
2079
2080
2076,2922
1781,2081
2082,2920
2084
2085
851,2085
1468,2085
2029,2085
2085,2738,3079
2087
2088
2088,3197
2089
2089,3197
2089,4131
2091
2092
2092,3916
2095
2096
2097,2100
2096,2098
2100
2095,2100
2102
2104,2115,2123,2129
29,2109
673,929,1835,2086,2339
597,2105
1429,2105
1431,2105
1432,2105
1939,2105
2105,2125
2107
2107,2131
2108
2108,2132
2108,3879
2108,3907
2108,3912
2110
2105,2116,2130
2111,2467
2105,2124
1183,2104
817,2104
818,2104
851,2104
241,2113
1610,2104,2232
28,2120
1835,2087,2738
1043,2116
1429,2116
1431,2116
929,1383,2116,4065
818,2119,3467
2117
2118
2118,3907
2121
1184,2115
22,2127
1835,2088,2738
816,2124
1429,2124
1438,2124
2124,2337
2124,2558
2124,3594
1429,2124,4341
2125
2126
2126,3865
2126,3885
2128
20,2133
1835,2089,2738
1117,2130
2131
2132
2132,3870
2132,3901
2134
745,2135,2141,2142
2136,2675
3780,3987,4186,4201
2137,2675
2137,2686
2138,2979
745,2031,2033,2139
2140,2675
2147
2148,2151
2147,2149
2152
1758,2152
2153
2154
2153,2154
2158,2510,2612
2165,2171
69,2164,2169
71,2164,2169
173,2164,2169
190,2164,2169
192,2164,2169
194,2164,2169
196,2164,2169
198,2164,2169
231,2164,2169
609,2164,2169
885,2164,2169
1028,2164,2169
1951,2164,2169
2164,2169,2462
2163,2938
62,2163,2938
2166
2167
2164,2167,2169
2168
2168,3915
31,32,33,34
2171
779,2172
2173,2560
2174
2176
2177
2178,2186
951,2179
2633,3467
1359,2633
2633,2883
2185,2426
2188,2189
1235,2187
890,2235
2192,2193,2194
1347,2634
2427,2635
2200
1039,2164,2169,2200
2164,2169,2200,2998
2164,2169,2200,3122
2169,2170,2200,2341
2201
2201,3537
2202
2202,3535
2204
2205
2206,2219
2207,2219
2206,2220
1977,2209
2208,3985
2206,3986
1978,2209
10,2210
2209,2427
2209,2452
2209,3032
2209,3977
13,2209
1347,2211
2212
2213,2219
2214,2219
2215,3985
2217
2217,2219
2219
2220
2221
2222
2057,2222
2223
2224
2225
2226
2227,2230
2225,2228
2232
1610,2232
2233,3168,4523
2160,2161,2162,2511
2159,2236
2143,2144,2156,2157
2238,2240
2145,2146
2016
2241,2308
2267,2471
2366,2368
8,1423,1868,1928,1966,2731,2733
280,1474,1535,1536
2256
2257
2264
2267
2268
2269
486,2269
975,2270
2272
2273
51,2273
2275
36,2275
2277
2278
2277,2278
865,2394,2395,2396,2397,2398,2476,2477
2389,2476,2477
2280,2283
2265,2266,2268
2268,2281
1194,2284
1195,2284
1520,2284
1827,2639
2287
2288
1782,2288
2290
249,2290
2292
2665,3700,3723,4484,4485
108,2292
2292,2293
2295
108,2295
2297
2297,3448
108,2287
2300
250,2300
2302
2302,3461
1782,1790
2305
2305,3447
1782,1788
2308
2309
2309,2551
2312
2313
2313
2313,2318,2321
2314,2319,2322
576,2315
226,2313
2064,2314
2318
2318
2321
2321
2328
2329
2330
2330,3815
2331,3956,3957
2333,4017
2333,4413
2334,3072
2335
2336
2337
2338
1682
2340
2341
1168,1175
1986,1989
1165,1591
762,763,764
2344
3659,3715,3761,3812,3816,3921
2344,2345
2346
2347
3662,3729,3812,4394,4402,4448
2347,2348
2349
2352,2353,2355
2354
862,2354
2371,2377
1018,2356
2372,2373
343,363
364,2360
437,3649
2358,2361,2362,2366,2368
2366,2368,4429,4430,4431
343,2364
343,2625
686,2369
389,2370,2716
1347,2369
1359,2369
1977,2369
343,1978,2625
2369,2416
2369,2452
2369,2599
2036,2369
2369,3977
2369,3138
2363,4499
2381,4501
2380
2380,2382
2380,3938
141,2386,2413
2386
2386,2414
2386,2413
2387,2532
2387,4229
2387,4373
2388,4358
2388,4359
2390
2391
2392
2393
2399
2400
2401
2402
2405
2406
2407
2408
2411
2412
2413
2414
2420,2421
2422,2426
2427,2428,2429,2431
2415,2430
1357,2417,4268
2427,4022
2417,3998
2423
2424
2425
2426
2426,2432
2432
2433
2032,2034,2433,4120
2032,2034,2433,3987
340,1222,2413
431,1222,2413
2413,2776
2413,3499
2434
2521,2522,2523
2437,3695
2435,2436
2438,3695
2527,2528
2525,2526,2527,2532
2439,2441
2443
1214,2446
2452,2453
2448,2449,2450,2451
2448,2449,2450
794,1538,2444
2414,2444
2452
2458
2459
2164,2169,2459
2463
2462
2465
2466
2467
2468
2469
2470
2471
2473
1870,2473
2479
2485,2488,2489
2484,2504
2483,4058
2483,3118
2483,4332
2488,2489
2488,2489,2505
1554,2487,4177
1179,2506,3630
2483,4057
1346,2486
2483,3118
1826,2491
2492,2560
2495
2496
2501
473,1179,2506,3630
2512
2514
2515
2516
2517
2518
1537,2518
2519
2519,2562
2520
2521
2524
2525
2530
2532
2533
2533,3696
2535,2536
2537
2534,2537
2538
2539,2541
2542,2545
2540,2543
2546
2548,2549
2551
2552
2553
2554
1274,2554
2553
2555,3067
2553,3072
2557
2558
2559
2560
2561
2561,3897
2559,3963
2559,3389
2559,4321
2563
2564
2565
2401,2565
2401,2564
2568
2402,2568
2570,2575
2402,2571
2573
2402,2573
2576
2577
3683,3785,3826,3827,4471
2405,2577
2577,2578
2580
2406,2580
2583,2588
2582,2587,2589
2584,2585
2590
2591
2592
2593
931,2175,2393,2593
2594
1878,2594
149,2594
147,2594
2598
2599
2600
2601
2602
2602,4191
2603
2603,3998
2604
2604,4177
2604,4181
2605
2606
1712,2606
2607
1977,2607
2609,2610
2611
2613
492,2614
1009,3161
2615
2616
1819,2616
1532,2555
343,2628
2360,2629
2630,3649
1965,4352
4237,4240
3969,3971,3972
2623,2722
797,2481
2601,2631
905
2601,2632
2184
2635,2636
2199
2639
2640
1658,1659,1661,1662,1664,1673,1678
2643
2644
2645
1665,2644,2645
1665,2645
2646
2647
2648,2649,2650,2651
2648
2649
2650
2651
3276
2653
483,484
1196,2399
1900,2655
2521,2522,2523
794,2525
2657
2527,2528,2529,2531
794,2658
1021,1022,1023,1024
2660
2661
2660,2661
2666
384,491,581,649,650,746,1119,1598,1599,1600,1700,2090,2136,2137,2140,2314,2319,2322,2323,2324,2325,2333,2417,2439,2441,2454,2455,3556
1736
576,1598
655,1967,2672
1019,2673
576,1596
1253,1258
218,2674
1258,1381
472,2673
576,2313
2675,2686,2832
2417,2677
1119,2675
2655,2678
2670,2675
2671,2675
2681
2682
2137
1598,1700,2314,2323,2417,2455
1253,2680
1381,2680
2684,2686
2681,2686
2682,2686
2683,2686
2688
2136,2137,2140,2319,3557,3558
2690
1253,2687
2688,2691
1381,2687
2689,2692
2690,2692
1381,2669
1815,3204,3205
4110
2697,2700
2698,2701
2707,2745,2746,2747
2703,2705
2704,2706
2707
2709
2711
1253,2715
1381,2715
427,1381,2715
2713,4134
1840,1864,2714
1864,2714,3947
2714,3947,4179
2716
2718,2719,2720
2717,3635
792,2722,2723,2724,2725,2726,2727,2728,3112,3173
2722
2722,3102,4359
2732
869,2736,3262
2738
1421,2048,2738,3079,3245
2738,3079
433,4117
2742
2744
2748,2751,2755,2756,2759,2760,2762,2765,2767,2768
2759,2760,2761,2764
2758,2762,2765
2748,2754,2756,2758,2759,2760,2761,2763,2764,2765,2766
2748,2751,2752,2753,2754,2755,2756,2758,2759,2760,2762,2763,2764,2765,2766,2767,2768,2769,2770
2756,2758,2762
1253,2772
1381,2772
2776
218,2789
1736
175,649,650,791,805,810,1598,2439,2441,2442,2454,2854,2856,2885,2887,2918,3050,3148
2788,2918
1381,2779
649,2780
650,2780
814,2782
1702,2514,2781
2440,2780
2387,2783
1381,2784
1736,2785
1737,2786
1381,2787
1253,2776
217,2789
2076,2790
2791,3850
2083,2790
1381,2776
805,2792
1015,2655,2793
1381,1965,2776
336,2794
2777,2792
2792,2854
2792,2855
2795,2889
2792,2886
2792,2918
1779,2792,2918
2796,3243
2778,2792
221
649,650,791,2439,2441,2442,2885,2887,2918
805,810,2856
1253,2797
2798,2801
1381,2797
806,2802
2800,2802
2802,2856
2799,2802
2803
707,2350,2885,2887
1381,2803
2804,2805
2806
707,1919
1381,2806
2807,2808
2809
537,707,1464,1516,1795,2460,2667,2668,3541
108,2809
249,2809
2810,2811
649,650,791,805,1120,1598,2439,2441,2442,2885,2887,2918
2814
1253,2812
217,2815
1381,2812
1120,2816
1121,2816
2655,2817
2813,2816
2814,2816
1108,3564
174,809
1471,2324
805,2325,2464,2465
1253,2818
1381,2818
809,2823
2824,3121
2819,2823
2820,2823
2821,2823
2822,2823
385,386,805,807,1032
1253,2825
1381,2825
2826,2827
219,2831
1736
833,834,835,836,1599,1845,2454,2456
1253,2828
1381,2828
2829,2832
2830,2832
2833
691,1763,2314,2319,2323,2324,2325,3622
1381,2833
219,2835
2834,2835
1121,2314,2322,3568
1253,2836
1381,2836
2837,2838
214,585,586,1598,2314,3393
1253,2839
1381,2839
1302,2841
2840,2841
1953,3375,3376
1253,2842
1381,2842
2843,2844
1891,1892,1953,3375,3376
1253,2845
1381,2845
2846,2847
212,213,1346,1619,2037,2314,2323,2333,2432,2591
1253,2848
1381,2848
2849,2850
2314,2319,2325
1253,2851
1381,2851
2852,2853
2854,2856
2856
2857
748,3340
2858
3334,3335,3352
2857,3163,3492
2861
1253,2862
2870
216,1154,1155,1359,2457,2464,3147,3156,3441
1381,2870
2871,2872
2873
216,1123,1154,1155,1684,2466,2513,3339,3441
1381,2873
2874,2875
2876
216,1684,2457,2885,3339,3441
1381,2876
2877,2878
2879
2880
2881
2883
2885,2887
2886,2888
3932,4444
2889
2890
2894
2898
2899
2900
2902
2903
2904,2905
915,2903
625,915,2020,2903
2907,2908
2910,2911
2913,2914,2915,2916
1771,2912
2917,3627
1771,2912,4520
2918
1833,2260,2919
2921
2923
493,2923
979,2924
270,2925
1303,2925
1686,2925
2131,2923
2926,3257
2927
2928
2928,2950
2930
1622,2949
2930,2931
2933
2933,2951
2935
1623,2951
2935,2936
2490,2938
2939,3667
1026,2939
2940
1986,1993,1994,1996
2940,2941
2906,2909
1751,1752,1753,1754,1755
2943,2944
2945,3049
1253,2715
1381,2715
344,2947
344,426,2947
344,2947,4042
180,2414,2713
2707,4359
2949,2951
2865,2866
27,657
1253,2787
2952,3354
2881,2953
2954
2895,2896,2897
2962,2964,2968
2962,2964,2968
2965
473,2965
2354,2966
229,2967
2969,2970,2971
2962,2963,2964,2965,2968
1381,2972
2971,2972,2974
2702,2973
2955,2956,2957,2960,2961
2958,2959,2975,2976,2977
58,755,2978
2980
2981
425,4056
2982
2982,2988
2983
3779,3944,4459
2982,2983
2983,2984
2985,2988,2989,2990
2982,2986
2988
2993
2560,2994
2560,2993
2996
2997
2998
2999
3000
3001
3000,3001
3003
803,3005,3174,3502
3005
3006
3006,4082,4189
3007
3008
3184,4004
3184,3998
3011
3017
3019
3020
1346,2035,2040
3022
3023
3027
3029,3034,3035
3029,3030,3031
3031
3031,3033
3029,4019
3029,4021
3034
2599,3009
3037
283,1580
282,2517,3037
3038
3039,3040
3041,3042
3045
3045,3047
3049
3051,3057,3063
3053
3053,3055
350,1137,3952
2469,3054
3053,3075
3055
3055,3162
3056
3059
3060
2055,3059
2879,3059
3008,3059
3059,3073
3059,3074
3062,3607
3059,3075
3064
3067
3067
241,1707,3068
694,3068
3069
3069,3071
3074,3075
2055,3074,3075
3074
3075
3076,3078
2560,3077
3079
3080
3081
3081,3998
3082
3083
3084
3084,3998
3086
3087
1793,3087
3088,3089,3092
3097
3098
3099
3100
3102
3103
3104
3106
3106,3107
707,2739,3108
3113
2063,3111
3111,4512
3113,3115
3116,3118
425,3118
3119
3120
3121
3122
3123
3124
1900,3124
1614,3125
2996,3125
3126
2679,3126
3089,3090,3091,3092,3094,3095,3096,3127
3137
3139,3140,3141,3143,3144
3140
3141,3143
3139,3140,3141,3143
3149
3151
2995,3150
3153
2995,3152
3154
3155
3158,3159
3160
3161
3162
3162
3165
3166
3165,3166
3168
3169,3667
2717,3171
3169
3170
3170,3667
3172
1949,3178,3179
3182,3183
3129,3130,3131,3132,3133
670,3180
1166,1763,1817,3121,3610
246,789,1186,1386,1955,2992,3186,4462
1846,3189,3192
2047,3191
3194
3195
3196
3197
3198
3194,3198
3200
3195,3200
3202
3196,3202
3207,3213
1748,3208
3210,3213
3187,3211
3214,3215,3216,3217,3218,3219,3220,3221,3222,3223,3224,3225,3226,3227,3228,3229,3230,3231,3232,3233,3234,3235,3236,3237,3238
441,3239
3241,3340
3243
1575,3244
3246
993,3246,3269
3248
3248,3405
1764,3256
698,3250
181,432,695,698,3250
272,3251
394,698,2608,3250
245,394,698,1728,1889,2608,2732,3250
674,3251
588,1765,3251
1683,2927,3251,3398
3064,3251,3260
3093,3251
3250,3315
3252
285,3253
2244,3253
698,3254
1939,3255
3256
696,3258
3260
3261
911,3261
3263
3264
1136,1246,3264
3264,3267
3265,3268
3266
3267
1136,1246,3267
929,979,3268
1378,1379,1380
3274,3275
1757,3286
3270
3271
387,3059,3281
3059,3281
3059,3282
863,3275
863,3288,3291
3277,3467
3280,3443
863,3291,4258
3061,3281
3277,3467
1236,3277,3624
3160,3281
863,3291,3624,4258
863,3054,3291,3624,4258
863,3291,3624,3951,4258
3284,3285
3278,3283,3286
1109,3287
3290
494,3290
3293,3294
3295,3388
3295,3388
3298,3300
3301
3302
3303
3306,3308,3312,3313
3307,3309,3311,3314
1422,3307
3310
133,3304
3305,3606
3316
3317
3318
3319
3321
3322
3323
3651,3709,3772,3799,3818
3320,3325
3325,3328
3070,3332
411,1670,1813,3329,3365,3370
411,749,1670,3329,3365,3370
411,749,1670,3329,3365,3370,4049
3242,3333
411,749,1669,3329,3365,3370,4049
3324
3330,4465
3320,3347
802,3329
2204,3329
1289,3331
411,1676,3329,3365,3370
411,3335
2857,3329,3365,3370
1893,3335,3490
1893,3329,3365,3370,4409
1813,3333
749,3333
2269,3338
3326,3327,3336
3190,3336
3343,3345
3341,3344
3346
383,3347
3348
3342,3348
3349
1031,3350
482,3351
486,3351
2857,3329,3365,3367,3370
411,749,1577,1671,3329,3365,3370
646,3336
1577,3327
3353,3355
3357
1613,3358
3360
1894,3361
2560,3361
3362
3363
911,3363
2494
3365
486,3366
486,612,3366
485,611,3372
1031,3371
485,611,3366
3367
3368
3369
3370
2857,3365,3370
1031,2859,3365,3370
3365,3370,4115
3365,3370,4122
3373
3373
3378,3379,3380,3381,3382,3383
3377,3385
3385
3386
3387
911,3387
3389
3390
225,1680,3391
3394,3396,3397
3398
3399,4160
3399,3400
3399,4070
3400
3401
3401,3416
3404
3405
2948,3316
2590,3408
1630,1632,1641,3406
1630,1633,1641,3406
1630,1634,1641,3406
3408,3994
3408,4322
1630,1631,1641,3406
3172,3408
3408,4282
2659,3647
3414,3415
224,616,1020,2332,2792
3279,3417
3281,3420
3074,3418
3419,3467
3289,3417
3188
2390,3421
627,1045,1046,3259
3426,3998
3442,3458
3447
3448
3449
3450
3451
3452
3453
2048,2164,3453
2164,2169,3453
2041,2164,2169,3453
2048,2164,2169,3453
3454
3455
3168,3455
3456
3457
3459
3460
3461
3462,3464
3465
3463,3465
2893,3428,3429,3430,3431,3432,3433,3434,3435,3436,3437,3438,3439,3440
3468,3469
3467,4332
292,3467
304,3467
319,3467
330,3467
227,575,3467
3470
3472
3473
819,3467
2106,3467
820,3467
3475,3477,3479,3481
3476,3478,3480,3482
851,1610,3467
569,947,972,1490,3467
569,947,972,1490,3467
951,3467
956,3467,3597
962,3467
3484,3598
2114,3467
1610,2232,3485
2883,3467
3486,4256
2881,3354,3487
3046,3467
3053,3467
3055,3467
3488
3460,3488
3059,3467
3467,4036
3467,4173
3467,3470
3467,3471
3467,3472
3467,3473
494,3467,4332
1616,1668
1616,1668,3119
3467,4113
256,257
255,3494
3495
2999,3495
1171,3496
3497
3498
3498,3500,3501
439,697,700,3503
1107,2403,3504,3528,3530
2404,3505,3529,3531,3533
3504
3515,3995
2036,3506
1166,3507
3507,4086
2319,3508
3507,4325
2416,3506
2452,3506
3020,3506
3121,3509
3027,3506
3506,3977
3506,4377
3652,3681,3690,4392,4438
3505,3531,3533
2404,3505,3529
3514
3511,3515
3515,3536
1637,3506
2591,3516
2591,3516
2320,3508
3508,3962
3508,3965
3509,4323
274,3517
3517,4347
2416,3518
3034,3506
2590,3510
3121,3519
1494,3520
1494,3121,3521
389,3522
2607,3522
3522,4289
3523,3525
685,3524
3522,4303
3510,4322
3121,3526
1494,3121,3527
3531,3533
3534
3513,3535
3536
3512,3537
3532,3538
3539
3540
911,3540
2744,3540
244,929,3252,3540,4064,4146
3542
3543,3546
3542,3544
3547,3548,3549
853,3551
1981,3554
75,429,747,2038,2039,3561
580,4263,4284
234,1196,3559
1752,1753,3562
1840,1864,3563,3641
3563,3641,3947,4179
3565
1994,1995,1996,2003
3565,3566
3570,3571,3572
3573
3573,4389
3080,3550,3573
1169,1171,1172,1173,1174
491,1173,1377,1994,4034
1994,4450
1173
3574,3582
1213,1222,3581
1521,3581
3582
1996,3580
856,2006
2006,4017
3583,3718
3584,3718
1170,1996
2342,2343
1793,3701,3702
3590,4411
1377,3591
1377,3701,3702,4355,4411
1377,3701,3702,4366,4411
3589,4016
1986,1987,1988,1989,1990,1991,1992,1993,1994,1995,1996,1997,1998,1999,2000,2001,2002,2003,2004
384,2413,2675,3556
3593
3594
3595
1610,3596
3598
3599
3302,3599
3303,3599
3599,3952
3008,3600
3060,3600
3601,3603
3604
3602,3604
3606
3607
698,3607,3618,4379
494,4332
3608
3303,3608
3609
2123,3609
3611
3611
3613
3618
3618
3618,4380
3620
3623
3624
3625
2884,3626
3628
1674,3628
3630
3635
287,2413,2452
287,3977
298,2413,2452
298,3977
313,2413,2452
313,3977
324,2413,2452
324,3977
3638,3639,3640
755,794,2546,4385
3642
1840,1864,2696,4362
3644,3754
3645,4457
1864,2696,3947,4362
3645,3755
2696,3947,4179,4362
3646,4458
755,4481,4482
339,2416
339,2413,3977
347
2654
755,2656
771
3650,4529
1560,1561,1562,1563,1707
3667
2717,3667
3668
3669
3671
2217,3850
2217,3678
3695
2436,3695
3696
1168,1169
1986,1994,2001,2002
768,2867,3704
1902,2258,2891
44,178
4110,4132,4143,4145
3612,3740
4132,4143,4145
3742
4490
3755
921,922
921,4225
472,1494,4390
3756,4212
491,4390
472,3757
472,1494,3757
3770
182,2051,2550,2652
4443,4473,4524
3795
615,1776
651,929,1682,1683,2042
1476,1477,2735
3810
3811
4089,4102,4123
3612,3815
1587,1588
1589,1590
1628,4387
132,275,361,671,766,1820,3176,3410,3931
2383,2384,3631,3832
1906,1932,2901
2774,3842
143,346
3611,3843
346,4203
2773,3845
2946,3841
3611,3844
375,1275
2076,3850
2068
2965,2971,2972,2974
3858
660,3859
2561,3859
3497,3859
3860,3861
3863,3864
3866
660,3867
2561,3867
3497,3867
3868,3869
3871
660,3872
2561,3872
3497,3872
3873
660,3874
2561,3874
2563,3874
3875
660,3876
2561,3876
2563,3876
3497,3876
3877,3878
3880,3881
2561,3882
3883,3884
1916,3356,3886
2561,3887
1916,3356,3888
2561,3889
3890
2561,3891
3892
2561,3893
3897,3898
3895,3896
3899,3900
3903,3904
3905,3906
3908,3909
3910,3911
3913,3914
3839,3840
3917
2561,3918
3655
3687,3846
3938
1381,4103
2657,3945
1357,4268
3946
3948,4093,4097
4095,4098
4040,4098
1850,4095
4137,4138,4140
3056,3949
3045,3950
4131,4139
3958,3959,3960
1655,3952
1889,3952
2335,3952
2495,3952
2737,3952
1939,3953
2048,3046,3952
2880,3954
3097,3952
602,3955
1929,3951
2469,3951
1422,3292,3952
3056,4131
6,668
668,3960,4114
4094,4205
3963
3964
565,3964
4296,4298,4315
4298,4315
913,3967
3970
3974
3619,3974
3977
3978
3979
905,2184,2197
1589,3993
3997,4451
165,166,4005
163,4006
3009,4007
152,694,1376,2482,4231,4353
152,694,1376,1674,2482,4231
3407,4264
4011,4012,4013
473,4015
4017,4018,4048
3989
1867,4019
1888,4019
2793,4020
2592,4019
4023,4024
4022,4024
4023,4025
4027,4028,4029
3009,4285
3009,3145,4285
3009,4166,4285
3009,4168,4285
4031,4082,4189
2525,4153
4032,4035
4239
4184,4197,4295
4127,4128
4182,4183
4036
1041,4036
4037
2621,2623
2622,2624
4228,4232,4234,4236
4229,4233,4235,4238
4081,4082
1862,4039
4039,4190
4045
1847,4045
4045,4193
4073
4073,4074,4078
2032,2034,4120
2387,4047
2413,4046
4050
4053
4054
4055
4056
4059
4060
473,1494,4061,4212
409,4062
4063
4064
4064
473,4066
4067
4068
207,1887,3124,4065
4071,4105
2600,4072
4074
1111,4074
4076
4077
4079
392,4378
4080
4082
4083
4088
2699,4096
4090
1897,4090
4091
4092
21,4092
4095
4096
4099
4085,4100
4041,4104
4106
4107
4108
1866,4109
3612,4110
1866,4111
3612,4112
4113
4114
152,694,1376,2482,4116,4231,4353
4009,4116
4119
4121
4124
4118,4125
4009,4126
4129
4130
4131
4133
4009,4135
4136,4191
4141
4142
4144
4147,4241
4147
439,697,700,4148
4149
2125,4149
4150
4152
4154
4155
1011,4155
1910,4156
4157
4087,4158
4159
4160
4161
4162
3009,4331
3390,3952
4168
4151
4167
4336,4338
4163,4170
4163,4169
4163,4172
4163,4171
4174,4175,4176
4192,4197
4177,4179
2391,4178
4193,4198
4095,4198
4180
4212
2055,4173
3075,4173
4213
4185,4187
4189
830,4189
4075,4189
4191
4193
4193
4194
1949,2638,3178
1949,3178,4195
473,4196
4198
4199
4200
4202,4215,4216
473,4204
1846,4206
4206
473,4207
473,4208
4209
473,4210
4212
2413,4214
4216
4225
4226
4009,4227
4230
4232
4239
4241
2560,4241
2497,2500,4242
2497,2500,4243
4220,4221,4222,4223,4244,4245,4246,4248
2521,4247
4249
4249,4255
202,4249
1722,4250
1696,4251
1723,4250
1724,2252,4250
1724,2251,4250
1687,4253
1687,4252
203,2044,4249
568,4249
4256
698,4257
2413,4259
2674,4260
2675,4260
2315,4261
2413,4290
856,4157
3614,4157
384,2413,2675,4262
4269,4271
2416,4270
1624,4270
4272
4273
4274
691,1973,4276
4277
4279,4280,4281
384,2413,2675,4283
4286
2722,4286
2792,4286
1568,4288
1974,4292
4294
4193
4297
1253,4300
2485,2489,4302
4303
687,4303
4305
4308
4310
4311
142,4311
204,4311
215,4311
389,4311
600,4311
837,4311
1697,4311
2598,4311
2607,4311
3082,4311
3137,4311
4299,4311
3140,4312
4304,4311
4019,4316
4021,4316
4318
1346,4319
4321
4323
4324
4326
4327
4333
4334
4335
4336
4339
4340
1434,4341
561,4343
1469,4343
4342
4342
4344
4344
3083,4345
4346
902,2182,2196
534,4349
3979,4068
3612,4351
2383,2384,3631,3832,4401
3168,4354
3168,4356
3168,4357
1253,3851
1381,3851
0,4359
428,4359
2416,4359
2721,4359
2722,4359
3643,4361
2392,4364
3739,4360
4359,4505
1,3612,3643,4359
1,3612,4119,4359
1,3612,4309,4359
2695,4363
1,3612,4145,4359
3168,4365
4382
129,694,4367
1014,4367
3168,4368
2076,3085
3168,4370
1313,1333,1334,1335
1395,4371
110,4374
241,4375
110,1367,4374
3168,4376
4378
698,4379
129,4384
694,4383
4211
4386
4306
4388
1986,1993,1994,1995,1996,1997,1998,1999,2000
4398
4400
4407
4412,4413,4414
2693,4411
791,4411
2400,4415
2794,4415
2434,4411
4417
4421
4424
4422,4423,4426,4427,4428
4369,4425
2074
2357
2372,2374
2374
858,1559,3403
4445
3012,3013
1716
3656,4461
4455
3684,3725
4458
4460
3328,3347
4491
247,276,2234,3653,3688,3708,3730,3762,3836
3673,3750,3920
3673,3728,4391
3674,3698,3736,3814,3828,3847,3933,4410,4440,4466,4470
3674,3736,3814,3828,3847,3933,3934,4410,4440,4445,4466,4470
4511
3109,4503
3075,4504
2271,3004,4502
1427,4507
708,4506
2233,4509
4510
4513
4514
3072,4514
4516,4517,4518,4519
3606,4515
3168,4521
3168,4523
2740,3467
3575,3576,3577,3578,3579,3585,3586,3587,3588
690,3105
57,2203,3733,3855,3942,4399
112,4537
3751,4419,4476
112,4538
3661,3689,3722,3743,3802,3803
117,4539
3634,3670,3680,3692,3707,3714,3771,3825,3830,3831,3857,3927,3930,4404,4416,4435,4467
3633,3663,3747,3817,3822
122,4541
3738,4420,4531
121,4542
3922,4463,4527
127,4543