668,0,-1
1547,0,1
46,1,1
88,1,-1
1738,1,-1
2560,1,1
6,2,-1
1837,2,1
2458,2,0
846,3,1
2578,3,-1
1357,4,-1
1587,4,1
1356,5,-1
2195,5,1
2577,5,1
1361,6,-1
26,7,1
1456,7,-1
29,8,1
2100,8,-1
2097,9,1
2109,9,-1
31,10,-1
2127,10,1
2195,10,1
2446,10,1
39,11,-1
40,11,1
1631,11,-1
41,12,-1
42,12,1
1857,12,-1
41,13,-1
43,13,1
1858,13,-1
46,14,1
88,14,-1
2223,14,-1
2521,14,1
608,15,-1
2351,15,1
52,16,-1
53,16,1
48,17,-1
49,17,1
54,17,-1
56,18,-1
2288,18,1
2428,19,1
2429,19,-1
46,20,1
88,20,-1
1492,20,-1
2447,20,1
46,21,1
88,21,-1
2505,21,1
2505,22,-1
2505,22,1
47,23,-1
62,23,-1
63,23,1
46,24,1
64,24,-1
65,24,1
88,24,-1
64,25,1
2063,25,-1
66,26,-1
68,26,1
2138,26,-1
67,27,-1
70,27,1
1373,27,-1
1475,28,1
1478,28,-1
88,29,-1
90,29,1
1667,29,-1
46,30,1
86,30,1
87,30,-1
88,30,-1
564,30,1
778,30,-1
1810,30,1
46,31,1
88,31,-1
1579,31,-1
1580,31,1
46,32,1
88,32,-1
1353,32,-1
2456,32,1
1677,33,-1
1681,33,1
1853,33,-1
1628,34,-1
1629,34,1
1509,35,-1
1510,35,1
46,36,1
88,36,-1
429,36,-1
1564,36,0
1566,36,0
2434,36,1
46,37,1
88,37,-1
1486,37,-1
2415,37,1
102,38,-1
2065,38,-1
2067,38,1
199,39,-1
2066,39,1
1373,40,-1
2032,40,-1
2642,40,1
1896,41,0
2061,41,-1
2138,41,-1
2141,41,1
1368,42,-1
1373,42,-1
2240,42,1
2035,43,-1
2406,43,-1
2407,43,1
1373,44,-1
2035,44,-1
2406,44,-1
2407,44,1
2418,45,-1
2418,45,1
46,46,1
88,46,-1
2566,46,1
2576,46,-1
154,47,1
157,47,-1
234,47,0
153,48,1
154,48,-1
276,49,-1
284,49,1
286,49,1
299,50,-1
529,50,-1
530,50,-1
531,50,1
398,51,-1
399,51,1
729,51,1
1873,52,-1
1874,52,1
2273,52,-1
46,53,1
88,53,-1
928,53,1
46,54,1
88,54,-1
2434,54,1
73,55,1
88,55,-1
1288,55,-1
1293,55,1
1746,55,1
46,56,1
88,56,-1
881,56,-1
883,56,1
2513,56,0
46,57,1
88,57,-1
146,57,1
1504,58,-1
1505,58,1
124,59,1
1488,59,-1
400,60,-1
1672,60,1
1673,60,-1
1674,60,1
729,61,1
1824,61,-1
1825,61,1
729,62,1
1824,62,-1
1825,62,1
729,63,1
1824,63,-1
1825,63,1
729,64,1
756,64,-1
1825,64,1
729,65,1
1833,65,-1
1834,65,1
729,66,1
756,66,-1
1834,66,1
46,67,1
88,67,-1
842,67,1
46,68,1
88,68,-1
2240,68,-1
2241,68,1
46,69,1
88,69,-1
572,69,-1
573,69,1
46,70,1
88,70,-1
2033,70,-1
2036,70,1
2196,70,-1
46,71,1
88,71,-1
2210,71,-1
2526,71,1
399,72,-1
401,72,1
1707,72,-1
2218,72,-1
46,73,1
88,73,-1
105,73,1
2596,73,-1
46,74,1
88,74,-1
1807,74,1
2575,74,-1
46,75,1
88,75,-1
2641,75,1
46,76,1
88,76,-1
109,76,-1
110,76,1
108,77,-1
109,77,1
1993,77,-1
111,78,-1
113,78,1
707,78,-1
111,79,-1
120,79,1
786,79,-1
111,80,-1
121,80,1
44,81,-1
111,81,-1
2247,81,1
111,82,-1
2248,82,1
2253,82,0
2254,82,0
2255,82,0
520,83,-1
2249,83,1
111,84,-1
741,84,-1
2250,84,1
742,85,-1
2251,85,1
111,86,-1
1423,86,-1
2252,86,1
111,87,-1
1916,87,-1
2253,87,1
111,88,-1
1932,88,-1
2254,88,1
1933,89,-1
2255,89,1
1954,90,-1
2256,90,1
111,91,-1
1959,91,-1
2257,91,1
2022,92,-1
2258,92,1
111,93,-1
112,93,1
744,93,-1
46,94,1
88,94,-1
405,94,-1
2564,94,1
112,95,-1
114,95,1
112,96,-1
115,96,1
1964,96,-1
116,97,1
1718,97,-1
118,98,1
1720,98,-1
117,99,-1
119,99,1
1778,99,-1
1718,100,-1
2260,100,1
1720,101,-1
2261,101,1
46,102,1
88,102,-1
1586,102,1
1601,102,-1
1605,102,0
1804,102,1
46,103,1
88,103,-1
1586,103,1
1601,103,-1
1605,103,0
1804,103,1
46,104,1
88,104,-1
124,104,-1
126,104,1
929,104,-1
46,105,1
88,105,-1
127,105,1
576,106,1
855,106,1
1707,106,-1
46,107,1
88,107,-1
2566,107,-1
2568,107,1
50,108,-1
51,108,-1
52,108,1
777,109,1
1567,109,1
1568,109,-1
1641,109,1
132,110,-1
675,110,-1
676,110,1
134,111,-1
135,111,1
135,112,-1
136,112,1
134,113,1
137,113,-1
398,114,-1
399,114,1
729,114,1
756,114,-1
667,115,-1
1408,115,1
2605,115,1
96,116,1
97,116,1
152,116,1
156,116,-1
242,116,1
1216,117,1
1217,117,-1
189,118,0
1420,118,-1
1421,118,1
46,119,1
88,119,-1
2407,119,-1
2408,119,1
46,120,1
88,120,-1
2407,120,-1
2408,120,1
46,121,1
71,121,1
88,121,-1
2638,122,1
2640,122,-1
67,123,1
2195,123,-1
1368,124,1
2141,124,-1
2195,124,-1
2195,125,-1
2406,125,1
2409,125,-1
2195,126,-1
2406,126,1
2409,126,-1
1379,127,1
2136,127,-1
1380,128,1
2137,128,-1
2195,128,-1
1373,129,-1
2190,129,-1
2190,129,1
2196,129,1
46,130,1
88,130,-1
1487,130,-1
2367,130,0
2492,130,1
46,131,1
88,131,-1
2392,131,1
2393,131,-1
46,132,1
88,132,-1
1460,132,-1
2533,132,1
46,133,1
88,133,-1
2367,133,1
2379,133,1
46,134,1
88,134,-1
400,134,1
1826,134,-1
2431,134,1
46,135,1
88,135,-1
2394,135,1
1706,136,1
1707,136,-1
178,137,-1
2494,137,-1
2495,137,1
566,138,1
855,138,1
1707,138,-1
189,139,-1
190,139,1
1446,139,-1
191,140,-1
192,140,1
1544,140,-1
94,141,-1
195,141,1
193,142,-1
197,142,1
1943,142,-1
12,143,0
193,143,1
194,143,-1
46,144,1
88,144,-1
163,144,1
164,144,-1
162,145,-1
200,145,-1
201,145,1
202,146,-1
203,146,1
2104,146,-1
204,147,-1
205,147,1
2225,147,-1
206,148,-1
207,148,1
349,148,-1
208,149,-1
209,149,1
212,150,-1
213,150,1
1744,150,-1
210,151,-1
211,151,1
2597,151,-1
101,152,-1
214,152,-1
215,152,1
216,153,-1
217,153,1
1878,153,-1
218,154,-1
219,154,1
1322,154,-1
223,155,-1
224,155,1
227,156,1
611,156,-1
221,157,1
2195,157,-1
490,158,-1
1818,158,-1
2268,158,1
2486,158,-1
2455,159,-1
2455,159,1
228,160,-1
232,160,1
334,160,-1
229,161,-1
230,161,1
333,161,-1
231,162,-1
231,162,1
138,163,-1
233,163,1
910,164,-1
1971,164,1
627,165,-1
628,165,1
1465,165,-1
544,166,-1
2337,166,-1
2338,166,1
719,167,-1
1548,167,1
479,168,-1
479,168,1
235,169,-1
236,169,1
787,169,-1
235,170,-1
236,170,0
237,170,1
238,171,1
2332,171,-1
239,172,1
787,172,-1
153,173,-1
155,173,1
1912,173,-1
155,174,-1
156,174,1
244,175,1
246,175,-1
247,175,1
255,175,1
410,175,1
540,175,1
541,175,1
1819,175,1
252,176,1
255,176,1
560,176,-1
250,177,-1
251,177,1
252,177,-1
255,178,-1
534,178,-1
535,178,1
258,179,-1
561,179,-1
562,179,1
262,180,1
541,180,-1
5,181,-1
263,181,1
244,182,1
262,182,-1
264,182,1
266,183,-1
534,183,-1
540,183,1
264,184,1
266,184,-1
268,184,-1
276,185,-1
277,185,-1
278,185,1
281,186,-1
282,186,-1
283,186,1
279,187,-1
280,187,1
286,188,-1
287,188,1
292,188,-1
288,189,-1
288,189,1
463,189,0
288,190,1
293,190,-1
463,190,0
288,191,-1
290,191,1
463,191,0
290,192,-1
463,192,0
1542,192,1
300,193,1
301,193,-1
1904,193,1
2042,193,1
2043,193,1
305,194,-1
306,194,1
643,194,-1
305,195,1
307,195,-1
958,195,1
305,196,1
308,196,-1
1124,196,1
312,197,-1
1682,197,1
1474,198,-1
2395,198,-1
2398,198,1
429,199,-1
1491,199,-1
2398,199,-1
2400,199,1
1562,200,-1
1563,200,1
171,201,1
184,201,-1
2542,201,-1
491,202,-1
2354,202,1
2542,202,-1
2208,203,-1
2356,203,1
46,204,1
88,204,-1
710,204,-1
712,204,1
711,205,1
712,205,-1
329,206,-1
709,206,-1
710,206,1
2578,206,-1
1839,207,-1
2355,207,1
490,208,-1
1595,208,1
331,209,-1
332,209,1
2443,209,0
2577,209,0
1328,210,-1
1448,210,-1
1449,210,1
1706,211,1
1707,211,-1
46,212,1
88,212,-1
341,212,-1
2401,212,1
346,213,-1
347,213,1
348,213,-1
352,214,0
729,214,1
756,214,-1
2571,214,1
350,215,1
857,215,-1
349,216,-1
351,216,1
529,216,-1
858,216,-1
349,217,-1
352,217,1
1541,217,-1
353,218,-1
357,218,1
46,219,1
88,219,-1
1706,219,1
360,220,-1
361,220,1
390,220,-1
363,221,1
391,221,-1
370,222,-1
381,222,1
1003,222,-1
371,223,-1
372,223,1
374,223,-1
376,224,-1
379,224,1
376,225,-1
380,225,1
271,226,-1
382,226,-1
383,226,1
244,227,1
383,227,-1
384,227,1
385,227,1
410,227,1
295,228,-1
386,228,-1
387,228,1
358,229,-1
359,229,1
388,229,-1
393,230,-1
394,230,1
415,231,-1
535,231,-1
539,231,1
425,232,-1
426,232,1
429,233,1
925,233,-1
926,233,-1
222,234,-1
440,234,-1
441,234,1
529,234,-1
443,235,-1
444,235,1
2176,235,-1
445,236,-1
1398,236,-1
1399,236,1
446,237,-1
447,237,1
1395,237,-1
448,238,-1
449,238,1
450,239,-1
451,239,1
791,239,-1
452,240,-1
453,240,1
2054,240,-1
454,241,-1
455,241,1
2055,241,-1
457,242,-1
458,242,1
2265,242,-1
2,243,-1
459,243,-1
460,243,1
464,244,-1
465,244,1
469,245,-1
470,245,1
474,245,-1
253,246,-1
254,246,1
480,247,-1
482,247,1
259,248,-1
485,248,-1
486,248,1
340,249,-1
486,249,-1
487,249,1
529,250,-1
529,250,1
490,251,-1
2487,251,1
442,252,-1
494,252,-1
495,252,1
474,253,-1
475,253,1
495,253,-1
496,254,-1
496,254,1
498,255,-1
499,255,1
1789,255,-1
517,256,1
519,256,-1
46,257,1
88,257,-1
508,257,-1
509,257,1
510,258,-1
510,258,1
46,259,1
88,259,-1
511,259,-1
515,259,1
786,259,-1
1344,259,-1
2022,259,-1
2170,259,-1
512,260,1
515,260,-1
1974,260,-1
514,261,-1
515,261,1
2549,261,1
46,262,1
88,262,-1
513,262,1
515,262,-1
721,262,-1
743,262,-1
1778,262,-1
507,263,1
516,263,-1
518,263,-1
508,264,1
519,264,-1
506,265,-1
516,265,1
518,265,-1
521,266,-1
522,266,1
1351,266,-1
173,267,-1
524,267,-1
1741,267,1
316,268,1
317,268,-1
319,268,1
320,268,1
321,268,1
72,269,-1
527,269,-1
528,269,1
1373,270,1
1683,270,-1
1684,270,1
605,271,1
1374,271,-1
2195,271,1
529,272,-1
530,272,-1
532,272,1
2420,272,-1
531,273,-1
778,273,-1
1585,273,1
1810,273,1
532,274,-1
565,274,0
629,274,1
692,274,0
298,275,-1
299,275,1
529,275,-1
37,276,0
1894,276,-1
2023,276,1
318,277,-1
533,277,1
1001,278,1
1002,278,-1
1003,278,1
1474,279,-1
1478,279,1
2263,279,-1
1032,280,1
1033,280,-1
1034,280,1
2238,281,1
2239,281,-1
2263,281,1
2244,282,1
2245,282,-1
2263,282,1
302,283,-1
303,283,1
46,284,1
88,284,-1
2565,284,1
778,285,1
826,285,-1
2593,285,-1
2594,285,1
252,286,1
255,286,1
560,286,-1
1519,287,1
1520,287,-1
690,288,-1
2077,288,-1
2080,288,1
289,289,-1
462,289,-1
463,289,1
1893,290,-1
1894,290,1
1905,290,-1
657,291,1
1302,291,1
2309,291,-1
264,292,-1
269,292,1
378,293,-1
416,293,-1
419,293,1
413,294,-1
422,294,1
416,295,-1
420,295,1
543,295,-1
416,296,1
417,296,-1
418,296,-1
268,297,1
269,297,-1
272,297,1
274,297,1
416,297,1
243,298,-1
244,298,1
245,298,1
265,299,1
266,299,1
559,299,-1
576,300,1
1668,300,-1
1810,300,1
152,301,-1
679,301,-1
1318,301,1
152,302,-1
677,302,-1
1319,302,1
680,303,-1
1320,303,1
546,304,1
777,304,1
778,304,-1
1798,304,1
46,305,1
88,305,-1
576,305,0
1729,305,-1
1805,305,1
392,306,-1
581,306,-1
811,306,1
593,307,1
599,307,-1
2233,307,-1
595,308,-1
596,308,1
598,308,1
139,309,-1
594,309,-1
600,309,1
597,310,1
598,310,-1
601,311,-1
604,311,1
2271,311,-1
601,312,-1
602,312,-1
603,312,1
2158,312,0
1359,313,1
2158,313,-1
2195,313,-1
11,314,-1
21,314,1
1373,314,-1
1864,314,-1
2159,314,0
612,315,-1
613,315,1
2201,315,-1
617,316,-1
618,316,1
1539,316,-1
616,317,-1
619,317,1
2201,317,-1
621,318,-1
622,318,1
1404,318,-1
1748,318,-1
623,319,1
1620,319,1
1621,319,-1
2011,319,1
2195,319,-1
623,320,1
1620,320,1
2195,320,-1
2297,320,1
59,321,1
778,321,-1
1810,321,1
2491,321,-1
147,322,1
148,322,-1
1746,322,1
881,323,1
882,323,-1
1810,323,1
778,324,-1
906,324,1
909,324,-1
1810,324,1
144,325,1
778,325,-1
1810,325,1
887,326,1
888,326,-1
1810,326,1
778,327,-1
882,327,1
1810,327,1
778,328,-1
1810,328,1
1978,328,1
1546,329,1
1547,329,-1
2220,329,1
581,330,1
2172,330,-1
2509,331,-1
2581,331,1
1283,332,1
2364,332,1
2372,332,-1
2486,332,1
2364,333,1
2452,333,-1
2372,334,-1
2598,334,1
2486,335,-1
2486,335,1
2598,336,-1
2598,336,1
325,337,-1
2632,337,1
2633,337,-1
142,338,1
729,338,-1
756,338,1
778,338,-1
1892,338,1
1902,338,1
1906,338,1
1907,338,1
1908,338,1
389,339,1
808,339,-1
1518,339,-1
2589,339,1
2375,340,1
2563,340,1
2599,340,-1
2523,341,1
2563,341,1
2600,341,-1
244,342,1
410,342,1
481,342,1
482,342,-1
483,342,1
76,343,1
78,343,-1
167,343,1
1810,343,1
16,344,1
17,344,-1
305,344,1
2144,345,-1
2316,345,1
2427,345,1
1274,346,0
2142,346,1
2146,346,-1
2425,346,1
2143,347,-1
2317,347,1
2426,347,1
2148,348,1
2149,348,-1
2425,348,1
143,349,1
165,349,-1
300,349,1
1695,349,1
2042,349,1
2043,349,1
73,350,1
88,350,-1
636,350,1
1543,350,-1
1543,350,1
1746,350,1
2195,350,-1
2199,350,-1
643,351,1
644,351,-1
2540,351,0
307,352,1
956,352,-1
308,353,1
1123,353,-1
646,354,-1
650,354,1
652,354,-1
647,355,-1
648,355,1
649,355,-1
651,356,1
653,356,-1
658,357,-1
659,357,1
1544,357,-1
663,358,1
664,358,-1
46,359,1
88,359,-1
660,359,-1
2370,359,1
46,360,1
88,360,-1
2438,360,1
46,361,1
88,361,-1
1806,361,1
1879,361,-1
46,362,1
88,362,-1
1511,362,-1
2419,362,1
778,363,-1
1493,363,1
1810,363,1
2213,363,0
778,364,-1
1493,364,1
1810,364,1
2417,364,-1
667,365,-1
667,365,1
2582,366,-1
2582,366,1
633,367,0
1738,367,0
2078,367,-1
2078,367,1
1557,368,-1
1557,368,1
1781,368,0
2335,369,-1
2335,369,1
239,370,0
240,370,1
654,370,0
2201,370,-1
654,371,0
1559,371,-1
1560,371,1
2093,372,-1
2201,372,-1
2310,372,1
592,373,1
666,373,1
1791,373,-1
404,374,-1
635,374,1
1400,374,-1
2582,375,-1
2582,375,1
169,376,-1
169,376,1
170,377,-1
170,377,1
716,378,-1
716,378,1
717,379,-1
717,379,1
2024,380,-1
2024,380,1
2025,381,-1
2025,381,1
2027,382,-1
2027,382,1
2028,383,-1
2028,383,1
2173,384,-1
2173,384,1
2174,385,-1
2174,385,1
667,386,1
1530,386,1
1531,386,-1
130,387,-1
142,387,1
1945,388,1
1946,388,-1
2226,388,0
79,389,1
80,389,-1
2226,389,0
57,390,1
58,390,-1
2226,390,0
180,391,-1
223,391,1
2555,391,0
187,392,1
188,392,-1
2226,392,0
33,393,1
369,393,-1
1194,393,0
296,394,1
297,394,-1
2226,394,0
423,395,1
424,395,-1
2226,395,0
672,396,-1
673,396,1
2555,396,0
725,397,1
726,397,-1
2535,397,0
754,398,1
755,398,-1
2226,398,0
815,399,1
816,399,-1
1194,399,0
832,400,1
2555,400,0
833,401,-1
834,401,1
1194,401,0
821,402,1
822,402,-1
2226,402,0
819,403,1
820,403,-1
2226,403,0
45,404,1
198,404,1
548,404,1
655,404,1
728,404,1
865,404,1
867,404,1
868,404,1
871,404,1
872,404,1
873,404,1
874,404,1
875,404,1
876,404,1
877,404,1
1257,404,1
1280,404,1
1288,404,1
1297,404,1
1299,404,0
1550,404,1
1642,404,1
1767,404,1
1857,404,1
1871,404,1
1890,404,1
2177,404,-1
2224,404,1
898,405,1
901,405,-1
2226,405,0
172,406,1
435,406,1
548,406,1
678,406,1
724,406,0
727,406,1
866,406,1
879,406,1
902,406,1
905,406,-1
1280,406,1
1522,406,1
1536,406,1
1642,406,1
1739,406,1
1772,406,1
1967,406,1
971,407,0
975,407,-1
976,407,1
971,408,0
977,408,-1
978,408,1
1013,409,-1
1014,409,1
1194,409,0
1194,410,0
1197,410,-1
1198,410,1
1194,411,0
1195,411,1
1196,411,-1
878,412,1
2178,412,-1
2205,412,0
935,413,1
943,413,-1
2226,413,0
1443,414,1
1444,414,-1
2226,414,0
1194,415,0
1479,415,1
1480,415,-1
1526,416,1
1527,416,-1
2226,416,0
1534,417,1
1535,417,-1
2226,417,0
1576,418,-1
1577,418,1
2555,418,0
1599,419,0
1610,419,1
1618,419,-1
1675,420,1
1676,420,-1
2226,420,0
1773,421,1
1774,421,-1
2555,421,0
1742,422,1
1743,422,-1
2226,422,0
1727,423,1
1728,423,-1
2226,423,0
1910,424,1
1911,424,-1
2226,424,0
1692,425,1
1693,425,-1
2226,425,0
1768,426,1
1769,426,-1
2226,426,0
730,427,1
1830,427,-1
2226,427,0
1835,428,1
1838,428,-1
2226,428,0
1537,429,1
1538,429,-1
2226,429,0
1949,430,1
1950,430,-1
2535,430,0
19,431,0
1956,431,-1
1957,431,1
1960,432,1
1961,432,-1
2226,432,0
1984,433,1
1986,433,-1
2555,433,0
1985,434,1
1987,434,-1
2555,434,0
1988,435,-1
1990,435,1
2555,435,0
1989,436,-1
1991,436,1
2555,436,0
437,437,-1
438,437,0
439,437,1
1996,438,-1
1997,438,1
2535,438,0
1998,439,-1
1999,439,1
2535,439,0
827,440,-1
835,440,1
2226,440,0
2051,441,1
2052,441,-1
2226,441,0
74,442,1
75,442,-1
2226,442,0
466,443,1
467,443,-1
2226,443,0
309,444,1
310,444,-1
2226,444,0
396,445,1
397,445,-1
2226,445,0
752,446,1
753,446,-1
2226,446,0
823,447,1
824,447,-1
2226,447,0
896,448,1
897,448,-1
2488,448,0
1427,449,1
1428,449,-1
2226,449,0
142,450,-1
142,450,1
1868,451,1
1869,451,-1
2226,451,0
1962,452,1
1963,452,-1
2226,452,0
2037,453,1
2038,453,-1
2226,453,0
88,454,-1
95,454,1
1548,454,-1
1556,454,-1
1705,454,-1
1810,454,1
691,455,-1
692,455,1
2612,455,-1
700,456,-1
702,456,1
2614,456,-1
698,457,1
2615,457,-1
46,458,1
88,458,-1
2262,458,1
46,459,1
88,459,-1
2259,459,1
699,460,-1
700,460,1
697,461,-1
701,461,1
46,462,1
88,462,-1
111,462,1
698,462,0
702,462,0
181,463,1
182,463,-1
705,463,0
405,464,1
406,464,-1
705,464,0
249,465,1
409,465,-1
535,466,-1
538,466,1
248,467,1
249,467,-1
408,467,1
408,468,1
536,468,1
538,468,-1
411,469,-1
414,469,1
854,469,-1
411,470,-1
413,470,1
412,471,-1
414,471,0
542,471,1
412,472,-1
414,472,0
543,472,1
410,473,1
542,473,-1
543,473,1
257,474,1
260,474,1
480,474,1
484,474,-1
261,475,1
420,475,-1
421,475,1
273,476,1
275,476,1
377,476,1
416,476,1
419,476,-1
261,477,1
411,477,1
416,477,1
422,477,-1
2330,477,1
149,478,-1
150,478,1
1471,478,-1
529,479,-1
681,479,-1
682,479,-1
683,479,1
684,480,-1
685,480,-1
686,480,1
529,481,-1
687,481,-1
688,481,1
689,481,-1
46,482,1
88,482,-1
1269,482,-1
2404,482,1
46,483,1
88,483,-1
1268,483,-1
2403,483,1
46,484,1
88,484,-1
1267,484,-1
2402,484,1
718,485,-1
2083,485,-1
2084,485,1
46,486,1
89,486,-1
166,486,1
468,486,1
2311,486,1
2366,487,1
2456,487,-1
2365,488,1
2456,488,-1
1637,489,-1
1638,489,1
540,490,-1
541,490,1
793,491,-1
794,491,-1
1517,491,1
490,492,-1
2203,492,1
252,493,1
256,493,1
537,493,-1
318,494,1
319,494,-1
321,494,-1
270,495,1
535,495,-1
541,495,-1
17,496,1
1517,496,-1
2264,496,-1
46,497,1
88,497,-1
1978,497,-1
2550,497,1
176,498,-1
1516,498,-1
1525,498,1
2042,498,-1
2043,498,-1
294,499,-1
2215,499,-1
2216,499,1
2334,500,-1
2335,500,1
478,501,1
1637,501,1
1638,501,-1
547,502,-1
547,502,1
2207,502,-1
2461,502,-1
2462,502,1
46,503,1
88,503,-1
117,503,1
724,504,1
905,504,-1
762,505,1
765,505,-1
731,506,1
733,506,-1
758,506,-1
732,507,1
734,507,-1
734,508,-1
734,508,1
503,509,-1
504,509,-1
736,509,1
737,510,1
1192,510,-1
738,511,-1
739,511,1
738,512,-1
739,512,1
738,513,-1
738,513,1
1420,514,1
1421,514,-1
1450,514,1
1335,515,-1
1336,515,1
364,516,1
741,516,-1
1518,517,1
1519,517,-1
750,518,-1
751,518,1
777,518,1
365,519,1
2595,519,-1
747,520,1
2396,520,-1
759,521,-1
765,521,1
734,522,-1
760,522,1
1344,522,-1
765,523,-1
773,523,1
732,524,0
759,524,1
760,524,-1
778,525,1
779,525,-1
1798,525,1
780,526,-1
781,526,1
1433,526,-1
782,527,-1
783,527,1
782,528,-1
784,528,1
1469,528,-1
782,529,-1
785,529,1
748,530,0
749,530,0
782,530,1
814,530,-1
778,531,1
817,531,-1
1561,531,1
370,532,-1
624,532,-1
625,532,1
624,533,-1
818,533,1
2312,533,-1
626,534,-1
626,534,1
626,535,-1
626,535,1
713,536,0
1549,536,1
2269,536,1
2594,536,-1
828,537,-1
829,537,1
1281,537,-1
2046,537,-1
139,538,-1
836,538,-1
837,538,1
838,539,1
839,539,-1
1969,539,-1
777,540,-1
777,540,1
46,541,1
88,541,-1
2396,541,1
714,542,1
779,542,-1
1655,542,1
2329,542,1
779,543,-1
779,543,1
545,544,1
778,544,-1
1668,544,1
1686,544,-1
576,545,1
778,545,-1
855,545,1
778,546,-1
1705,546,1
1706,546,-1
1810,546,1
266,547,-1
267,547,1
2328,548,-1
2328,548,1
35,549,1
778,549,1
2285,549,-1
2329,549,-1
778,550,1
1466,550,1
1468,550,1
2329,550,-1
1052,551,-1
1053,551,1
778,552,1
825,552,-1
1795,552,1
1796,552,-1
778,553,1
1801,553,-1
1802,553,1
778,554,1
1800,554,1
1802,554,-1
778,555,1
826,555,-1
1467,555,1
2202,555,-1
778,556,1
825,556,-1
2341,556,-1
2343,556,1
856,557,-1
1327,557,-1
1432,557,1
859,558,-1
860,558,1
862,558,-1
863,559,-1
864,559,-1
2292,559,1
878,560,-1
880,560,1
892,560,-1
893,560,0
894,560,0
889,561,-1
890,561,1
2171,561,-1
892,562,-1
893,562,1
1343,562,-1
892,563,-1
894,563,1
2613,563,-1
900,564,1
903,564,-1
899,565,-1
906,565,1
911,565,-1
911,566,-1
912,566,1
913,567,-1
914,567,1
952,567,-1
46,568,1
88,568,-1
914,568,-1
915,568,1
46,569,1
88,569,-1
915,569,-1
916,569,1
46,570,1
88,570,-1
917,570,-1
918,570,1
917,571,1
1972,571,-1
919,572,-1
920,572,1
952,572,-1
46,573,1
88,573,-1
1598,573,-1
2445,573,1
428,574,1
923,574,-1
925,574,-1
46,575,1
88,575,-1
1591,575,-1
2459,575,1
46,576,1
88,576,-1
1596,576,1
2235,577,-1
2637,577,1
430,578,1
1369,578,-1
46,579,1
88,579,-1
1944,579,-1
2344,579,0
2461,579,1
1056,580,-1
1057,580,1
1064,580,-1
937,581,1
950,581,-1
937,582,-1
938,582,1
941,583,1
1981,583,-1
935,584,-1
936,584,1
935,585,0
944,585,1
945,585,-1
935,586,0
946,586,1
947,586,-1
935,587,0
2106,587,-1
2107,587,1
935,588,0
948,588,-1
949,588,1
951,589,-1
952,589,1
2170,589,-1
953,590,-1
954,590,-1
955,590,1
955,591,-1
1228,591,1
963,592,-1
963,592,1
956,593,-1
959,593,1
956,594,1
957,594,-1
2541,594,0
959,595,-1
959,595,1
959,596,-1
959,596,1
959,597,-1
959,597,1
2206,597,0
965,598,1
1097,598,-1
14,599,1
964,599,-1
964,600,-1
964,600,1
14,601,-1
14,601,1
965,602,-1
965,602,1
966,603,-1
967,603,1
2170,603,-1
967,604,-1
968,604,1
970,604,-1
969,605,-1
970,605,1
1344,605,-1
46,606,1
88,606,-1
961,606,1
979,607,1
985,607,-1
971,608,-1
980,608,1
984,608,-1
980,609,-1
981,609,1
983,610,-1
984,610,1
2170,610,-1
986,611,-1
987,611,1
999,611,-1
998,612,1
1144,612,-1
1146,612,-1
1000,613,1
1144,613,-1
1146,613,-1
1000,614,-1
1000,614,1
721,615,-1
994,615,1
989,616,-1
990,616,1
989,617,-1
991,617,1
1982,617,-1
46,618,1
88,618,-1
990,618,-1
992,618,1
46,619,1
88,619,-1
997,619,1
743,620,-1
993,620,1
993,621,-1
995,621,1
1965,621,-1
46,622,1
88,622,-1
994,622,-1
996,622,1
46,623,1
88,623,-1
988,623,1
1007,624,-1
1009,624,-1
1115,624,-1
1116,624,1
36,625,0
1004,625,-1
1008,625,1
1010,625,-1
1005,626,-1
1006,626,1
1011,626,-1
1012,627,-1
1015,627,0
1016,627,1
1019,627,0
1016,628,-1
1017,628,1
1020,628,0
1024,628,-1
1012,629,-1
1019,629,1
1025,630,-1
1026,630,1
1075,630,-1
46,631,1
88,631,-1
1026,631,-1
1027,631,1
46,632,1
88,632,-1
1029,632,1
1027,633,-1
1028,633,1
1030,634,-1
1031,634,1
1587,634,0
1035,635,-1
1036,635,1
1055,635,0
1038,636,-1
1042,636,1
1038,637,-1
1043,637,1
1038,638,-1
1039,638,1
1040,638,1
1040,639,-1
1041,639,1
1060,639,-1
1044,640,-1
1045,640,-1
1055,640,1
1046,641,-1
1049,641,1
1540,641,-1
1047,642,1
1049,642,-1
1066,643,-1
1067,643,1
1075,643,-1
1072,644,1
1094,644,-1
1068,645,1
1345,645,-1
46,646,1
88,646,-1
1068,646,-1
1069,646,1
46,647,1
88,647,-1
1070,647,-1
1071,647,1
1069,648,-1
1070,648,1
1075,649,1
1076,649,-1
1077,650,-1
1078,650,1
1083,650,-1
46,651,1
88,651,-1
1079,651,-1
1080,651,1
1080,652,-1
1081,652,1
1976,652,-1
46,653,1
88,653,-1
1081,653,-1
1082,653,1
1078,654,-1
1079,654,1
1085,655,1
1093,655,-1
1096,655,0
1085,656,-1
1086,656,1
46,657,1
88,657,-1
1086,657,-1
1087,657,1
46,658,1
88,658,-1
1087,658,-1
1088,658,1
46,659,1
88,659,-1
1090,659,-1
1091,659,1
1089,660,-1
1090,660,1
1089,661,1
1778,661,-1
1092,662,-1
1093,662,1
1084,663,-1
1095,663,-1
1096,663,1
1104,664,-1
1105,664,1
1344,664,-1
46,665,1
88,665,-1
1098,665,-1
1099,665,1
1075,666,-1
1107,666,1
1094,667,-1
1106,667,-1
1111,667,1
46,668,1
88,668,-1
1108,668,-1
1110,668,1
46,669,1
88,669,-1
1111,669,-1
1112,669,1
46,670,1
88,670,-1
1113,670,-1
1114,670,1
1108,671,1
1109,671,-1
1074,672,-1
1117,672,-1
1121,672,1
1119,673,1
1973,673,-1
1121,674,-1
1122,674,1
46,675,1
88,675,-1
1118,675,1
494,676,-1
496,676,1
1123,677,-1
1123,677,1
46,678,1
88,678,-1
1127,678,1
1130,679,1
1341,679,-1
15,680,1
1129,680,-1
46,681,1
88,681,-1
988,681,-1
989,681,1
1143,682,-1
1144,682,1
1341,682,-1
1145,683,-1
1146,683,1
1348,683,0
2056,684,-1
2058,684,1
1148,685,-1
1149,685,1
1663,685,-1
1061,686,-1
1062,686,1
1152,686,-1
1153,686,0
1059,687,-1
1154,687,1
500,688,-1
1155,688,-1
1160,688,1
501,689,-1
502,689,1
1156,690,-1
1157,690,1
1787,690,-1
1158,691,1
1901,691,-1
501,692,-1
1159,692,1
1155,693,-1
1156,693,1
1160,694,-1
1161,694,1
1162,695,-1
1171,695,1
1231,695,-1
970,696,-1
1163,696,1
970,697,-1
1162,697,-1
1168,697,1
930,698,1
1162,698,-1
1063,699,-1
1175,699,1
1177,699,-1
1178,699,0
1059,700,-1
1175,700,-1
1176,700,1
1180,700,0
1063,701,-1
1179,701,-1
1180,701,1
1021,702,-1
1022,702,1
1181,703,-1
1188,703,1
533,704,1
1182,704,1
1183,704,-1
1184,704,1
1184,705,-1
1185,705,1
1940,705,-1
1186,706,1
2451,706,-1
1184,707,-1
1184,707,1
1186,708,-1
1186,708,1
1018,709,-1
1020,709,1
1187,709,-1
1187,710,-1
1187,710,1
1183,711,1
1188,711,-1
1022,712,-1
1023,712,1
843,713,-1
844,713,1
1193,714,-1
1199,714,1
1208,714,-1
984,715,-1
1200,715,1
1146,716,-1
1199,716,-1
1202,716,1
1207,717,-1
1208,717,1
46,718,1
88,718,-1
974,718,1
982,718,-1
46,719,1
88,719,-1
1203,719,-1
1204,719,1
1214,720,-1
1218,720,1
1227,720,0
1214,721,-1
1219,721,1
1226,721,-1
1218,722,-1
1221,722,1
1219,723,-1
1220,723,1
1230,723,-1
1219,724,-1
1220,724,0
1223,724,1
1231,724,-1
1224,725,-1
1225,725,-1
1227,725,1
46,726,1
88,726,-1
2179,726,1
789,727,-1
790,727,1
1232,727,-1
1232,728,-1
1233,728,1
1146,729,-1
1234,729,1
1237,730,-1
1240,730,1
1714,730,-1
1236,731,1
1240,731,-1
1237,732,-1
1238,732,1
1994,732,-1
46,733,1
88,733,-1
1238,733,-1
1239,733,1
46,734,1
88,734,-1
1237,734,1
1146,735,-1
1246,735,-1
1247,735,1
1253,735,-1
46,736,1
88,736,-1
1248,736,1
1250,737,1
2000,737,-1
46,738,1
88,738,-1
1250,738,-1
1251,738,1
1252,739,-1
1253,739,1
1341,739,-1
46,740,1
88,740,-1
1249,740,1
1254,741,-1
1255,741,1
1314,741,-1
855,742,-1
1256,742,-1
1315,742,1
55,743,0
529,743,-1
529,743,1
855,743,0
317,744,-1
1260,744,1
1258,745,-1
1259,745,1
1607,745,-1
1050,746,-1
1051,746,1
1261,746,-1
2138,747,-1
2321,747,1
2363,747,-1
1263,748,-1
1265,748,1
46,749,1
88,749,-1
2423,749,1
46,750,1
88,750,-1
2145,750,-1
2423,750,1
1264,751,1
2427,751,-1
1262,752,1
1263,752,-1
2138,753,-1
2148,753,-1
2409,753,1
2148,754,-1
2409,754,1
1050,755,-1
1270,755,-1
2405,755,1
46,756,1
88,756,-1
1277,756,-1
2427,756,1
46,757,1
88,757,-1
1276,757,-1
2425,757,1
46,758,1
88,758,-1
2426,758,1
1275,759,-1
1278,759,1
1275,760,-1
1276,760,1
1275,761,-1
1277,761,1
2346,761,-1
46,762,1
88,762,-1
1048,762,-1
1050,762,1
46,763,1
88,763,-1
1051,763,-1
1054,763,1
46,764,1
88,764,-1
1052,764,1
1054,764,-1
46,765,1
88,765,-1
1621,765,0
2012,765,1
2371,765,1
1282,766,-1
2236,766,1
1778,767,0
2242,767,1
2243,767,-1
1298,768,-1
1299,768,1
605,769,-1
1291,769,1
1296,769,-1
73,770,1
88,770,-1
638,770,-1
1289,770,1
1295,770,-1
1303,770,1
1746,770,1
2189,770,1
73,771,1
88,771,-1
1281,771,-1
1289,771,1
1295,771,-1
1305,771,1
1746,771,1
2189,771,1
73,772,1
88,772,-1
696,772,-1
1289,772,1
1295,772,-1
1304,772,1
1746,772,1
2189,772,1
73,773,1
88,773,-1
1289,773,1
1290,773,-1
1295,773,-1
1308,773,1
1746,773,1
2189,773,1
73,774,1
88,774,-1
1289,774,1
1295,774,-1
1307,774,1
1745,774,-1
1746,774,1
2189,774,1
656,775,-1
1295,775,-1
1301,775,1
73,776,1
88,776,-1
1289,776,1
1306,776,1
1632,776,-1
1746,776,1
2189,776,1
1310,777,-1
1311,777,1
2340,777,-1
674,778,-1
675,778,1
1316,779,-1
1317,779,1
2350,779,-1
144,780,1
146,780,-1
778,780,-1
1810,780,1
46,781,1
88,781,-1
144,781,-1
145,781,1
375,781,0
85,782,-1
2300,782,1
2620,782,-1
1948,783,-1
2513,783,1
1520,784,1
1637,784,-1
1523,785,-1
1523,785,1
226,786,-1
1476,786,-1
1477,786,1
179,787,-1
567,787,1
575,787,-1
225,788,1
315,788,-1
520,789,-1
563,789,1
2531,789,-1
368,790,-1
461,790,1
581,790,-1
367,791,-1
581,791,-1
1279,791,1
588,792,1
1386,792,-1
581,793,-1
807,793,1
1388,793,-1
801,794,1
1389,794,-1
581,795,-1
1390,795,-1
1391,795,1
798,796,1
1394,796,-1
456,797,-1
581,797,-1
582,797,1
581,798,-1
589,798,1
1603,798,-1
581,799,-1
590,799,1
1572,799,-1
581,800,-1
583,800,1
2152,800,-1
584,801,1
2153,801,-1
1289,802,-1
1295,802,1
131,803,1
640,803,-1
2200,803,-1
2267,803,-1
1521,804,1
2338,804,-1
745,805,-1
2463,805,1
2530,805,-1
1286,806,-1
1298,806,1
1288,807,-1
1292,807,1
1578,807,-1
2301,808,-1
2302,808,1
1687,809,-1
2622,809,-1
2628,809,1
1725,810,-1
2413,810,1
2414,810,-1
1784,811,1
2529,811,-1
581,812,-1
1926,812,-1
1927,812,1
544,813,1
1516,813,1
1521,813,-1
667,814,-1
1531,814,1
305,815,-1
1340,815,-1
2264,815,1
666,816,-1
1791,816,1
748,817,0
1337,817,-1
1337,817,1
1337,818,1
1338,818,1
1339,818,-1
1599,818,0
1046,819,1
1059,819,-1
1037,820,1
1058,820,-1
14,821,0
959,821,-1
963,821,1
964,821,0
959,822,1
963,822,-1
968,822,1
1003,823,-1
1003,823,1
1065,824,-1
1140,824,1
1142,824,-1
1140,825,-1
1141,825,1
967,826,-1
1103,826,1
1105,826,-1
1124,827,-1
1125,827,1
1231,827,-1
2609,827,0
1123,828,0
1124,828,1
1125,828,-1
1130,828,1
1231,828,1
1124,829,-1
1124,829,1
1136,830,1
1146,830,-1
1147,831,-1
1189,831,1
1191,831,-1
1190,832,1
1192,832,-1
1150,833,-1
1151,833,1
1765,833,-1
958,834,-1
1162,834,1
1209,835,-1
1210,835,1
1211,836,1
1213,836,-1
1211,837,-1
1212,837,1
551,838,-1
551,838,1
729,838,1
756,838,-1
778,838,-1
1810,838,1
1531,839,-1
1531,839,1
2197,840,-1
2197,840,1
777,841,-1
777,841,1
46,842,1
88,842,-1
1215,842,1
921,843,-1
922,843,1
1341,843,-1
1073,844,-1
1074,844,1
982,845,1
1341,845,-1
1202,846,-1
1203,846,1
1241,847,-1
1242,847,1
1341,847,-1
46,848,1
88,848,-1
1107,848,-1
1109,848,1
46,849,1
88,849,-1
1205,849,-1
1206,849,1
46,850,1
88,850,-1
1131,850,1
1137,850,-1
46,851,1
88,851,-1
1125,851,-1
1126,851,1
46,852,1
88,852,-1
1169,852,1
46,853,1
88,853,-1
934,853,1
1170,853,-1
1231,854,1
1342,854,-1
46,855,1
88,855,-1
938,855,-1
939,855,1
46,856,1
88,856,-1
1174,856,1
46,857,1
88,857,-1
1172,857,1
46,858,1
88,858,-1
930,858,-1
1167,858,1
46,859,1
932,859,-1
933,859,1
761,860,-1
763,860,1
1973,860,-1
46,861,1
88,861,-1
1165,861,-1
1166,861,1
46,862,1
88,862,-1
1164,862,1
46,863,1
88,863,-1
841,863,1
843,863,-1
46,864,1
88,864,-1
763,864,-1
764,864,1
46,865,1
88,865,-1
106,865,-1
107,865,1
1752,865,0
46,866,1
88,866,-1
768,866,1
46,867,1
88,867,-1
1287,867,-1
2515,867,1
46,868,1
88,868,-1
960,868,1
46,869,1
88,869,-1
1098,869,1
1103,869,-1
1346,870,-1
1347,870,-1
1348,870,1
46,871,1
88,871,-1
1235,871,1
1351,872,1
1438,872,-1
1342,873,-1
1352,873,1
1662,873,-1
142,874,-1
142,874,1
1679,875,1
2035,875,-1
1369,876,1
1373,876,-1
1381,877,1
1382,877,-1
2190,877,1
2422,877,1
46,878,1
88,878,-1
2501,878,-1
2502,878,1
73,879,1
88,879,-1
1373,879,-1
1746,879,1
2190,879,1
2501,879,1
2503,879,-1
1358,880,-1
2126,880,1
46,881,1
88,881,-1
429,881,-1
2434,881,1
804,882,1
1383,882,-1
800,883,-1
802,883,1
806,883,-1
812,884,-1
813,884,1
1384,884,-1
805,885,1
1385,885,-1
799,886,-1
803,886,1
1387,886,-1
792,887,1
797,887,-1
1392,887,-1
795,888,-1
796,888,1
1393,888,-1
809,889,-1
810,889,1
1396,889,-1
1397,889,-1
1456,890,-1
1457,890,1
2336,890,-1
1411,891,-1
1412,891,1
1522,891,-1
556,892,-1
1413,892,-1
1414,892,1
558,893,-1
1415,893,-1
1416,893,1
714,894,-1
1425,894,-1
1426,894,1
1430,895,-1
1431,895,1
1351,896,-1
1434,896,-1
1437,896,1
473,897,1
1351,897,-1
1440,898,-1
1441,898,-1
1514,898,1
525,899,-1
2293,899,-1
2294,899,1
788,900,-1
1452,900,-1
2293,900,1
427,901,-1
433,901,1
1453,901,-1
1454,902,-1
1455,902,1
2108,902,-1
46,903,1
88,903,-1
2583,903,-1
2584,903,1
46,904,1
88,904,-1
2561,904,1
46,905,1
88,905,-1
151,905,-1
158,905,1
1785,905,0
1461,906,-1
1462,906,1
778,907,-1
1462,907,-1
1549,907,1
2269,907,1
477,908,-1
714,908,-1
1458,908,-1
1459,908,1
778,909,1
1659,909,1
1900,909,-1
1464,910,-1
2069,910,-1
2070,910,1
1409,911,1
1410,911,-1
1909,911,-1
142,912,1
549,912,-1
808,913,1
1524,913,-1
2589,913,-1
2590,913,1
165,914,1
1525,914,-1
46,915,1
88,915,-1
1496,915,-1
2489,915,1
1325,916,-1
1326,916,1
1473,916,-1
2496,917,-1
2497,917,1
46,918,1
88,918,-1
1597,918,1
46,919,1
88,919,-1
1041,919,0
1060,919,0
1494,919,-1
2490,919,1
46,920,1
88,920,-1
489,920,-1
2430,920,1
1497,921,-1
1499,921,1
2129,921,-1
671,922,-1
1852,922,-1
2622,922,-1
2630,922,1
1499,923,-1
1500,923,1
2130,923,0
222,924,-1
1502,924,-1
1503,924,1
1509,925,1
1631,925,-1
88,926,-1
1508,926,1
338,927,-1
1513,927,1
1515,927,-1
140,928,-1
140,928,1
1524,929,1
2616,929,-1
631,930,-1
1532,930,1
1533,930,-1
46,931,1
83,931,-1
88,931,-1
2457,931,1
46,932,1
88,932,-1
489,932,-1
2430,932,1
666,933,-1
666,933,1
546,934,-1
777,934,-1
778,934,1
825,934,1
733,935,1
734,935,-1
735,935,1
1288,936,0
1558,936,-1
2195,936,-1
2339,936,1
1531,937,-1
1531,937,1
46,938,1
88,938,-1
2368,938,1
46,939,1
88,939,-1
2369,939,1
2604,939,-1
46,940,1
88,940,-1
2326,940,1
2602,940,-1
1539,941,-1
1553,941,1
1924,941,0
1949,941,0
103,942,-1
1539,942,-1
1552,942,1
104,943,-1
1539,943,-1
1551,943,1
1551,944,-1
2346,944,1
1539,945,-1
2345,945,1
1539,946,-1
2344,946,1
1528,947,-1
1529,947,1
778,948,1
779,948,-1
1626,948,1
2341,948,-1
546,949,-1
778,949,1
779,949,-1
825,949,1
1561,950,-1
1561,950,1
1561,951,-1
1561,951,1
927,952,1
1562,952,-1
2263,952,0
2466,953,-1
2468,953,1
2217,954,-1
2466,954,-1
2467,954,1
1573,955,-1
1574,955,-1
1575,955,1
1381,956,-1
1812,956,1
429,957,-1
2140,957,1
429,958,-1
1366,958,-1
2140,958,1
52,959,0
1586,959,-1
1599,959,1
1586,960,-1
1600,960,-1
1601,960,1
1581,961,-1
1581,961,1
31,962,0
32,962,0
1492,962,-1
1590,962,-1
1591,962,1
2127,962,-1
1587,963,-1
1587,963,1
620,964,0
1586,964,-1
1599,964,1
46,965,1
88,965,-1
2510,965,1
1463,966,1
1602,966,-1
1604,966,-1
434,967,1
925,967,-1
1375,967,0
1608,967,-1
2193,967,0
1608,968,-1
2621,968,1
1506,969,-1
1507,969,1
1609,969,-1
1611,970,-1
1612,970,1
2020,970,1
1613,971,-1
1614,971,1
1619,971,-1
2020,971,1
1615,972,-1
1616,972,1
1790,972,-1
623,973,-1
1620,973,-1
1621,973,1
623,974,-1
1620,974,-1
1622,974,1
431,975,1
1376,975,-1
1498,976,1
1623,976,-1
1561,977,1
1626,977,-1
1470,978,-1
1628,978,-1
1630,978,1
777,979,1
1567,979,1
1639,979,-1
1641,979,1
630,980,-1
630,980,1
777,980,1
354,981,-1
355,981,1
1362,982,1
2622,982,1
2634,982,-1
1406,983,-1
1407,983,1
1567,983,1
1624,983,1
1639,983,-1
1624,984,-1
1626,984,1
1639,984,-1
1624,985,-1
1624,985,1
1624,986,-1
1624,986,1
715,987,-1
1625,987,1
2313,987,1
777,988,-1
817,988,1
2567,989,1
2568,989,-1
1643,990,-1
1644,990,-1
1646,990,1
1645,991,1
1646,991,-1
1647,992,-1
1648,992,1
1872,992,-1
1648,993,-1
1649,993,1
1650,994,-1
1651,994,-1
1652,994,1
9,995,1
88,995,-1
1746,995,1
1653,996,-1
1654,996,1
557,997,-1
1657,997,-1
1658,997,1
778,998,1
1659,998,-1
1799,998,1
1439,999,-1
1660,999,-1
1661,999,1
1229,1000,-1
1435,1000,1
1436,1000,-1
778,1001,-1
1373,1001,1
2634,1001,1
28,1002,1
1664,1002,-1
1665,1002,-1
567,1003,-1
568,1003,1
1474,1003,-1
226,1004,1
1808,1004,-1
2395,1004,-1
315,1005,1
2454,1005,-1
569,1006,-1
570,1006,1
574,1007,-1
575,1007,1
2453,1007,-1
90,1008,-1
91,1008,1
1354,1009,-1
1354,1009,1
92,1010,1
1685,1010,-1
46,1011,1
88,1011,-1
2574,1011,1
46,1012,1
88,1012,-1
1442,1012,-1
2509,1012,1
174,1013,-1
1690,1013,1
1691,1013,0
1688,1014,-1
1689,1014,-1
1691,1014,1
46,1015,1
88,1015,-1
1565,1015,0
1698,1015,1
2428,1015,-1
2491,1015,1
757,1016,-1
1699,1016,-1
1700,1016,1
2233,1016,0
757,1017,-1
1702,1017,1
1,1018,1
778,1018,-1
1405,1018,1
1701,1018,1
1702,1018,-1
2233,1018,0
1703,1019,1
1704,1019,-1
2233,1019,0
46,1020,1
88,1020,-1
591,1020,-1
2524,1020,1
1708,1021,-1
1709,1021,1
1710,1022,-1
2361,1022,1
366,1023,1
1711,1023,-1
860,1024,0
861,1024,1
2528,1024,-1
1710,1025,-1
1715,1025,1
46,1026,1
88,1026,-1
1706,1026,1
1707,1026,-1
46,1027,1
88,1027,-1
1706,1027,1
1707,1027,-1
1717,1028,-1
2021,1028,-1
2474,1028,1
1716,1029,-1
1721,1029,-1
1724,1029,1
395,1030,-1
1722,1030,-1
1723,1030,1
1305,1031,0
1725,1031,1
2413,1031,-1
60,1032,1
1706,1032,-1
1697,1033,-1
1698,1033,1
46,1034,1
1836,1034,-1
2458,1034,1
577,1035,1
578,1035,-1
46,1036,1
88,1036,-1
2493,1036,1
576,1037,-1
578,1037,1
2508,1037,-1
139,1038,-1
1731,1038,-1
1732,1038,1
576,1039,1
855,1039,1
1707,1039,-1
1738,1040,-1
2586,1040,-1
2587,1040,1
2560,1041,1
2586,1041,1
2588,1041,-1
523,1042,-1
524,1042,1
1740,1042,-1
46,1043,1
88,1043,-1
314,1043,-1
2397,1043,1
99,1044,1
529,1044,-1
566,1044,-1
1747,1044,-1
1766,1044,-1
1751,1045,1
1754,1045,-1
1344,1046,-1
1750,1046,-1
1763,1046,1
220,1047,-1
1756,1047,1
1759,1048,1
1778,1048,-1
1758,1049,-1
1762,1049,1
46,1050,1
88,1050,-1
1751,1050,-1
1757,1050,1
46,1051,1
88,1051,-1
1761,1051,1
1762,1051,-1
1763,1052,-1
1764,1052,1
302,1053,1
304,1053,-1
1770,1054,-1
1771,1054,1
1821,1054,-1
778,1055,-1
1707,1055,1
1810,1055,1
1346,1056,-1
1349,1056,1
1775,1056,-1
1349,1057,-1
1350,1057,1
768,1058,-1
771,1058,1
1777,1058,-1
771,1059,-1
776,1059,1
778,1059,-1
1810,1059,1
767,1060,1
771,1060,-1
778,1060,-1
1810,1060,1
2180,1061,-1
2181,1061,1
1778,1062,-1
2180,1062,1
46,1063,1
88,1063,-1
1222,1063,1
778,1064,-1
1810,1064,1
2228,1064,1
2596,1064,-1
520,1065,1
1779,1065,1
1780,1065,-1
1186,1066,0
1776,1066,-1
1786,1066,1
778,1067,-1
779,1067,0
1810,1067,1
2562,1067,1
356,1068,1
1788,1068,-1
1616,1069,-1
1617,1069,1
666,1070,-1
2582,1070,1
2142,1071,-1
2145,1071,1
2422,1071,-1
2142,1072,-1
2145,1072,1
2422,1072,-1
1382,1073,1
2318,1073,-1
1367,1074,1
1373,1074,-1
2190,1074,1
2422,1074,1
2423,1074,-1
1366,1075,1
2190,1075,-1
2190,1075,1
2422,1075,1
2423,1075,-1
130,1076,1
547,1076,-1
476,1077,-1
2342,1077,1
1803,1078,-1
1803,1078,1
1635,1079,1
1796,1079,-1
1798,1079,1
1635,1080,1
1793,1080,-1
1794,1080,1
1803,1080,-1
161,1081,-1
162,1081,1
199,1081,-1
1569,1081,-1
1706,1081,-1
1738,1081,-1
46,1082,1
88,1082,-1
163,1082,-1
185,1082,1
46,1083,1
84,1083,-1
88,1083,-1
2511,1083,1
2436,1084,-1
2436,1084,1
745,1085,-1
1330,1085,-1
1331,1085,1
746,1086,-1
1329,1086,1
1330,1086,-1
1330,1087,-1
1333,1087,1
1921,1087,-1
2546,1088,1
2547,1088,-1
1131,1089,1
1135,1089,-1
2484,1089,1
2179,1090,1
2184,1090,-1
2547,1090,1
1372,1091,1
2636,1091,1
2641,1091,-1
1372,1092,1
2061,1092,1
2241,1092,-1
46,1093,1
88,1093,-1
1706,1093,-1
2281,1093,-1
2283,1093,1
46,1094,1
88,1094,-1
1706,1094,0
2378,1094,1
2389,1094,-1
46,1095,1
88,1095,-1
2384,1095,1
46,1096,1
88,1096,-1
1622,1096,0
2298,1096,1
2299,1096,-1
2371,1096,1
46,1097,1
88,1097,-1
2372,1097,1
2624,1097,1
2626,1097,-1
46,1098,1
88,1098,-1
2305,1098,1
2452,1098,1
46,1099,1
88,1099,-1
1285,1099,-1
2147,1099,1
2452,1099,1
46,1100,1
88,1100,-1
2377,1100,1
46,1101,1
88,1101,-1
225,1101,-1
1808,1101,1
46,1102,1
88,1102,-1
98,1102,1
313,1102,-1
46,1103,1
88,1103,-1
311,1103,-1
574,1103,1
2394,1103,-1
46,1104,1
88,1104,-1
362,1104,-1
708,1104,-1
2595,1104,1
46,1105,1
88,1105,-1
1740,1105,1
1741,1105,-1
2029,1105,-1
2527,1105,1
46,1106,1
88,1106,-1
585,1106,-1
587,1106,1
46,1107,1
88,1107,-1
2359,1107,-1
2360,1107,1
46,1108,1
88,1108,-1
909,1108,-1
910,1108,1
46,1109,1
88,1109,-1
429,1109,-1
2434,1109,1
1133,1110,1
1919,1110,-1
1131,1111,-1
1132,1111,1
46,1112,1
88,1112,-1
884,1112,1
46,1113,1
88,1113,-1
1271,1113,-1
2410,1113,1
46,1114,1
88,1114,-1
1272,1114,-1
2411,1114,1
46,1115,1
88,1115,-1
1273,1115,-1
2412,1115,1
46,1116,1
88,1116,-1
2243,1116,1
2372,1116,1
46,1117,1
88,1117,-1
2236,1117,-1
2237,1117,1
2372,1117,1
46,1118,1
88,1118,-1
148,1118,1
46,1119,1
906,1119,-1
907,1119,1
46,1120,1
88,1120,-1
1418,1120,-1
2376,1120,1
46,1121,1
88,1121,-1
1483,1121,-1
2440,1121,1
46,1122,1
88,1122,-1
1485,1122,-1
2441,1122,1
46,1123,1
88,1123,-1
1419,1123,-1
2357,1123,1
46,1124,1
88,1124,-1
1424,1124,-1
2529,1124,1
46,1125,1
88,1125,-1
1706,1125,1
1707,1125,-1
46,1126,1
88,1126,-1
129,1126,1
46,1127,1
88,1127,-1
2565,1127,1
46,1128,1
88,1128,-1
2391,1128,1
46,1129,1
88,1129,-1
2377,1129,-1
2383,1129,1
46,1130,1
88,1130,-1
335,1130,0
1734,1130,-1
1809,1130,1
46,1131,1
88,1131,-1
1920,1131,-1
2530,1131,1
46,1132,1
88,1132,-1
1939,1132,-1
2523,1132,1
46,1133,1
88,1133,-1
2387,1133,-1
2388,1133,1
46,1134,1
88,1134,-1
888,1134,1
1783,1134,0
1970,1134,-1
1975,1134,0
46,1135,1
88,1135,-1
2470,1135,1
46,1136,1
88,1136,-1
1971,1136,-1
2476,1136,1
46,1137,1
88,1137,-1
886,1137,1
46,1138,1
88,1138,-1
579,1138,1
46,1139,1
88,1139,-1
2279,1139,-1
2280,1139,1
2304,1140,-1
2305,1140,1
46,1141,1
88,1141,-1
1417,1141,-1
2375,1141,1
46,1142,1
88,1142,-1
2390,1142,-1
2393,1142,1
46,1143,1
88,1143,-1
2284,1143,1
46,1144,1
88,1144,-1
2228,1144,-1
2596,1144,1
46,1145,1
88,1145,-1
133,1145,1
676,1145,-1
46,1146,1
88,1146,-1
2293,1146,1
2294,1146,-1
2455,1146,1
46,1147,1
88,1147,-1
123,1147,-1
423,1147,-1
2580,1147,1
46,1148,1
88,1148,-1
1495,1148,-1
2418,1148,1
2035,1149,-1
2323,1149,1
73,1150,1
637,1150,1
641,1150,1
642,1150,-1
1746,1150,1
2200,1150,-1
1813,1151,-1
1815,1151,1
626,1152,1
1814,1152,1
1816,1152,-1
322,1153,1
323,1153,1
326,1153,1
327,1153,1
328,1153,1
2631,1153,1
2632,1153,-1
38,1154,1
778,1154,-1
1445,1154,1
1686,1154,-1
220,1155,1
1755,1155,1
1756,1155,-1
1754,1156,1
1756,1156,0
1764,1156,-1
1817,1156,-1
537,1157,1
1819,1157,-1
1364,1158,-1
1408,1158,1
2195,1158,1
2349,1158,1
667,1159,-1
1408,1159,1
2605,1159,1
46,1160,1
88,1160,-1
1594,1160,1
1488,1161,1
2099,1161,1
2126,1161,-1
2131,1161,1
777,1162,-1
2328,1162,1
1821,1163,-1
1822,1163,1
1584,1164,0
1670,1164,1
1671,1164,-1
1826,1164,1
175,1165,-1
1825,1165,-1
2219,1165,-1
2223,1165,1
1827,1166,-1
2572,1166,1
196,1167,0
1323,1167,-1
1828,1167,-1
1829,1167,1
1831,1168,1
2100,1168,-1
139,1169,-1
1844,1169,-1
1847,1169,1
1446,1170,0
1841,1170,1
1847,1170,-1
1845,1171,-1
1846,1171,1
46,1172,1
88,1172,-1
429,1172,-1
928,1172,1
2296,1172,0
2639,1172,0
926,1173,-1
1684,1173,1
1683,1174,1
1684,1174,-1
1373,1175,-1
1678,1175,1
1684,1175,-1
1850,1176,1
1854,1176,-1
2062,1176,-1
1851,1177,1
2156,1177,-1
34,1178,1
1811,1178,-1
9,1179,-1
41,1179,0
695,1179,1
1694,1179,0
1820,1179,0
1859,1179,1
1860,1179,-1
1855,1180,1
2611,1180,-1
703,1181,-1
1855,1181,1
1447,1182,-1
1856,1182,-1
1861,1182,1
1856,1183,-1
1862,1183,1
607,1184,-1
639,1184,1
1360,1184,1
1863,1184,1
13,1185,1
1866,1185,-1
2167,1185,-1
46,1186,1
88,1186,-1
489,1186,-1
2430,1186,1
240,1187,-1
1713,1187,-1
2232,1187,0
2246,1187,1
1827,1188,-1
1875,1188,1
1746,1189,1
1833,1189,1
1834,1189,-1
1837,1189,0
529,1190,-1
576,1190,-1
1876,1190,-1
1877,1190,1
46,1191,1
88,1191,-1
566,1191,-1
1840,1191,-1
2424,1191,1
46,1192,1
88,1192,-1
1132,1192,-1
1135,1192,1
46,1193,1
88,1193,-1
2046,1193,-1
2298,1193,1
492,1194,-1
493,1194,1
2280,1194,-1
721,1195,-1
1706,1195,-1
2359,1195,1
722,1196,-1
2386,1196,1
2358,1197,1
2463,1197,-1
2376,1198,-1
2385,1198,1
2463,1198,-1
723,1199,1
2375,1199,-1
881,1200,1
889,1200,-1
890,1200,0
429,1201,-1
2308,1201,1
2635,1201,-1
1281,1202,-1
2049,1202,0
2299,1202,1
2624,1203,-1
2626,1203,1
1284,1204,-1
2305,1204,-1
2307,1204,1
1309,1205,-1
1358,1205,-1
2629,1205,1
1312,1206,-1
1313,1206,1
1669,1207,-1
2379,1207,-1
2380,1207,1
1710,1208,-1
1712,1208,1
2534,1208,-1
1733,1209,-1
2386,1209,-1
2387,1209,1
1735,1210,-1
1737,1210,1
2375,1210,-1
1736,1211,1
2523,1211,-1
1733,1212,-1
2281,1212,1
848,1213,1
1919,1213,-1
1429,1214,-1
1939,1214,1
885,1215,1
1980,1215,-1
586,1216,1
2022,1216,-1
554,1217,1
2022,1217,-1
2022,1218,-1
2278,1218,-1
2279,1218,1
479,1219,1
1902,1219,-1
2023,1219,-1
571,1220,-1
572,1220,1
2039,1221,-1
2301,1221,-1
2303,1221,1
1929,1222,1
2303,1222,-1
2306,1222,1
46,1223,1
88,1223,-1
1370,1223,-1
2237,1223,1
46,1224,1
88,1224,-1
1371,1224,-1
2047,1224,-1
2243,1224,1
1706,1225,-1
2057,1225,-1
2389,1225,-1
2390,1225,1
1378,1226,-1
2623,1226,1
569,1227,1
2138,1227,-1
2132,1228,-1
2301,1228,1
199,1229,-1
1706,1229,-1
2211,1229,-1
2381,1229,1
2209,1230,-1
2389,1230,1
1706,1231,-1
2209,1231,-1
2282,1231,1
2228,1232,1
2229,1232,-1
2630,1233,-1
2633,1233,1
551,1234,1
552,1234,-1
1523,1234,-1
140,1235,-1
2616,1235,1
1290,1236,1
1308,1236,-1
2601,1236,1
640,1237,1
641,1237,-1
1363,1237,1
1706,1238,1
2280,1238,1
2283,1238,-1
2421,1238,1
904,1239,1
910,1239,1
2470,1239,-1
2374,1240,1
2382,1240,1
2383,1240,-1
884,1241,1
888,1241,-1
2480,1241,1
88,1242,-1
1554,1242,-1
1555,1242,1
1810,1242,1
2278,1242,-1
2278,1242,1
1561,1243,-1
1635,1243,1
1797,1243,1
1881,1244,-1
1882,1244,1
2077,1244,-1
1883,1245,-1
1884,1245,1
2233,1245,-1
1545,1246,-1
1634,1246,-1
1886,1246,-1
1887,1246,1
1885,1247,-1
2077,1247,-1
2079,1247,1
1886,1248,-1
1888,1248,1
2233,1248,-1
1891,1249,-1
1936,1249,1
1895,1250,-1
1896,1250,1
1895,1251,-1
1897,1251,1
1588,1252,-1
1589,1252,1
0,1253,1
31,1253,1
1899,1253,-1
0,1254,-1
1899,1254,1
2460,1254,-1
0,1255,-1
1580,1255,-1
1583,1255,1
125,1256,1
127,1256,-1
126,1257,1
720,1257,-1
720,1257,1
1355,1257,-1
1356,1257,1
1898,1257,1
2186,1257,-1
2186,1257,1
0,1258,1
1582,1258,1
2195,1258,-1
300,1259,-1
301,1259,1
2017,1259,-1
2042,1259,-1
2043,1259,-1
46,1260,1
88,1260,-1
2573,1260,1
1913,1261,-1
1914,1261,1
2071,1261,-1
1913,1262,-1
1966,1262,1
2077,1262,-1
831,1263,-1
2019,1263,-1
2020,1263,1
1610,1264,-1
1619,1264,1
2020,1264,-1
1751,1265,-1
1752,1265,1
1915,1265,-1
46,1266,1
88,1266,-1
1134,1266,1
848,1267,-1
849,1267,1
46,1268,1
88,1268,-1
1329,1268,-1
1335,1268,1
1783,1269,-1
1922,1269,1
770,1270,1
1782,1270,-1
766,1271,1
770,1271,-1
1810,1271,1
847,1272,-1
851,1272,1
1783,1272,-1
850,1273,1
851,1273,-1
1782,1274,-1
1785,1274,1
2561,1274,-1
744,1275,-1
1923,1275,1
46,1276,1
88,1276,-1
1760,1276,1
2527,1277,-1
2579,1277,1
1930,1278,-1
1931,1278,1
1934,1279,-1
1935,1279,1
1937,1280,-1
1938,1280,1
436,1281,-1
769,1281,1
768,1282,-1
772,1282,1
1947,1282,-1
908,1283,1
1948,1283,-1
1948,1284,-1
1953,1284,1
510,1285,1
526,1285,1
661,1285,1
662,1285,1
1865,1285,1
1948,1285,1
1952,1285,-1
2198,1285,-1
526,1286,-1
662,1286,-1
1865,1286,-1
1951,1286,-1
1952,1286,1
1951,1287,1
1953,1287,-1
1955,1288,-1
2179,1288,-1
2182,1288,1
1200,1289,-1
1201,1289,1
1958,1289,-1
729,1290,1
756,1290,-1
2570,1290,-1
2571,1290,1
729,1291,1
756,1291,-1
2571,1291,1
3,1292,1
46,1292,1
88,1292,-1
460,1292,-1
1979,1293,1
2546,1293,-1
1172,1294,-1
1173,1294,1
1992,1294,-1
931,1295,-1
932,1295,1
1970,1295,-1
1941,1296,1
1942,1296,-1
2475,1296,0
1127,1297,-1
1128,1297,1
1981,1297,-1
46,1298,1
88,1298,-1
1119,1298,-1
1120,1298,1
1169,1299,-1
1170,1299,1
1970,1299,-1
972,1300,1
974,1300,-1
1977,1300,-1
46,1301,1
88,1301,-1
972,1301,-1
973,1301,1
46,1302,1
88,1302,-1
2553,1302,1
1243,1303,-1
1244,1303,1
1113,1304,1
1981,1304,-1
1099,1305,-1
1100,1305,1
1981,1305,-1
46,1306,1
88,1306,-1
1244,1306,-1
1245,1306,1
46,1307,1
88,1307,-1
941,1307,-1
942,1307,1
46,1308,1
88,1308,-1
1023,1308,0
2554,1308,1
46,1309,1
88,1309,-1
1101,1309,-1
1102,1309,1
1205,1310,1
1983,1310,-1
1164,1311,-1
1165,1311,1
1100,1312,-1
1101,1312,1
962,1313,1
1992,1313,-1
20,1314,1
46,1314,1
88,1314,-1
962,1314,-1
768,1315,-1
774,1315,1
1994,1315,-1
2483,1316,-1
2483,1316,1
852,1317,1
1994,1317,-1
46,1318,1
88,1318,-1
775,1318,1
488,1319,1
1656,1319,-1
2001,1319,-1
2003,1320,1
2161,1320,-1
529,1321,1
2001,1321,1
2002,1321,-1
2008,1322,1
2160,1322,-1
2005,1323,-1
2009,1323,1
2272,1323,-1
2005,1324,-1
2010,1324,1
1377,1325,0
2004,1325,-1
2005,1325,1
603,1326,0
604,1326,0
622,1326,0
1532,1326,0
1606,1326,0
2005,1326,-1
2006,1326,1
2009,1326,0
2010,1326,0
2046,1326,-1
2154,1326,0
2292,1326,0
1995,1327,-1
2005,1327,-1
2007,1327,1
2046,1327,-1
1377,1328,1
2008,1328,-1
2160,1328,1
46,1329,1
88,1329,-1
2586,1329,1
46,1330,1
88,1330,-1
159,1330,-1
160,1330,1
1785,1330,0
1138,1331,1
2022,1331,-1
3,1332,-1
4,1332,1
2022,1332,-1
158,1333,-1
159,1333,1
2022,1334,-1
2584,1334,-1
2585,1334,1
46,1335,1
88,1335,-1
1138,1335,-1
1139,1335,1
46,1336,1
88,1336,-1
2587,1336,-1
2588,1336,1
46,1337,1
88,1337,-1
2403,1337,-1
2604,1337,1
46,1338,1
88,1338,-1
2404,1338,-1
2602,1338,1
46,1339,1
88,1339,-1
2402,1339,-1
2603,1339,1
1420,1340,1
1421,1340,-1
1451,1340,1
46,1341,1
88,1341,-1
2277,1341,-1
2278,1341,1
46,1342,1
88,1342,-1
2185,1342,1
1925,1343,-1
1928,1343,1
2026,1343,-1
247,1344,1
778,1344,-1
46,1345,1
88,1345,-1
403,1345,1
1624,1346,-1
1803,1346,1
1641,1347,-1
1803,1347,1
779,1348,1
1641,1348,-1
713,1349,1
777,1349,-1
779,1349,1
1640,1349,-1
2591,1349,1
2592,1349,-1
46,1350,1
88,1350,-1
122,1350,1
2399,1350,1
1679,1351,-1
1680,1351,1
2323,1352,-1
2324,1352,1
46,1353,1
88,1353,-1
1484,1353,-1
2437,1353,1
1380,1354,-1
2039,1354,-1
2041,1354,1
1379,1355,-1
2040,1355,1
1370,1356,1
2041,1356,-1
1371,1357,1
2195,1357,-1
2044,1358,-1
2045,1358,1
2049,1359,1
2266,1359,-1
46,1360,1
88,1360,-1
2013,1360,1
46,1361,1
88,1361,-1
2014,1361,1
2625,1362,1
2627,1362,-1
46,1363,1
88,1363,-1
2012,1363,1
2450,1363,1
46,1364,1
1023,1364,0
2046,1364,-1
2512,1364,1
46,1365,1
88,1365,-1
2050,1365,0
2624,1365,1
2304,1366,1
2306,1366,-1
1472,1367,0
1929,1367,1
2048,1367,-1
2627,1367,1
342,1368,-1
343,1368,1
2030,1368,-1
344,1369,-1
345,1369,1
2030,1369,-1
2031,1370,-1
2053,1370,1
77,1371,-1
78,1371,1
168,1371,-1
550,1371,-1
632,1371,-1
1637,1371,-1
77,1372,1
550,1372,1
1637,1372,1
2059,1372,-1
2348,1373,1
2349,1373,-1
65,1374,-1
66,1374,1
2064,1375,-1
2065,1375,1
46,1376,1
88,1376,-1
2234,1376,1
88,1377,-1
89,1377,1
166,1377,-1
468,1377,-1
2090,1377,-1
235,1378,1
241,1378,1
693,1378,-1
694,1378,-1
777,1378,0
740,1379,-1
2072,1379,1
2073,1379,-1
1913,1380,0
2071,1380,-1
2072,1380,-1
2074,1380,1
324,1381,-1
671,1381,-1
2239,1381,1
671,1382,-1
1369,1382,0
1849,1382,-1
2245,1382,1
1557,1383,-1
2078,1383,-1
2150,1383,1
33,1384,-1
740,1384,-1
2085,1384,1
2087,1384,-1
2085,1385,-1
2086,1385,-1
2088,1385,1
2089,1386,-1
2092,1386,1
694,1387,-1
1559,1387,1
2095,1388,-1
2096,1388,1
2109,1388,-1
1373,1389,1
1678,1389,-1
1684,1389,1
2112,1390,-1
2113,1390,1
2120,1390,-1
1832,1391,-1
2101,1391,-1
2116,1391,1
2110,1392,-1
2111,1392,1
2117,1392,-1
2105,1393,-1
2118,1393,-1
2119,1393,1
2114,1394,-1
2121,1394,-1
2122,1394,1
2115,1395,-1
2123,1395,-1
2124,1395,1
46,1396,1
61,1396,0
88,1396,-1
2429,1396,1
2432,1397,-1
2433,1397,1
923,1398,1
924,1398,-1
2433,1398,0
46,1399,1
88,1399,-1
1481,1399,-1
2439,1399,1
1373,1400,-1
1636,1400,-1
2125,1400,1
427,1401,1
434,1401,-1
925,1401,1
1375,1401,1
372,1402,-1
373,1402,1
27,1403,1
2276,1403,-1
24,1404,-1
25,1404,1
22,1405,-1
23,1405,1
1896,1406,0
2061,1406,-1
2134,1406,-1
2136,1406,1
2134,1407,-1
2137,1407,1
2636,1407,-1
2133,1408,-1
2135,1408,-1
2276,1408,1
1049,1409,1
1053,1409,-1
1274,1409,0
2128,1409,1
2363,1409,1
2507,1409,1
2138,1410,-1
2498,1410,-1
2499,1410,1
645,1411,0
1512,1411,1
2138,1411,-1
2138,1412,-1
2146,1412,1
2138,1413,-1
2143,1413,1
2314,1413,-1
2144,1414,1
2315,1414,-1
2138,1415,-1
2149,1415,1
1285,1416,1
2147,1416,-1
2319,1417,1
2322,1417,-1
73,1418,1
88,1418,-1
1746,1418,1
2190,1418,-1
2190,1418,1
2500,1418,1
2504,1418,-1
68,1419,-1
69,1419,1
2138,1419,-1
1285,1420,-1
1365,1420,1
1373,1420,-1
2190,1420,1
29,1421,-1
30,1421,1
2060,1422,-1
2061,1422,1
407,1423,-1
2151,1423,-1
2157,1423,1
1543,1424,-1
2155,1424,1
2617,1424,-1
1849,1425,1
1852,1425,-1
1854,1425,0
1896,1425,0
2032,1426,-1
2503,1426,1
529,1427,-1
529,1427,1
497,1428,-1
1243,1428,1
2162,1428,-1
24,1429,1
2102,1429,-1
2610,1429,-1
2015,1430,-1
2018,1430,0
2163,1430,-1
2164,1430,1
2016,1431,-1
2165,1431,1
2017,1432,-1
2166,1432,1
815,1433,0
2168,1433,-1
2169,1433,1
2168,1434,-1
2175,1434,1
13,1435,1
1666,1435,-1
2168,1435,1
140,1436,-1
151,1436,1
183,1436,-1
1047,1437,-1
1048,1437,1
744,1438,-1
1332,1438,-1
1334,1438,1
669,1439,-1
670,1439,1
1889,1439,-1
505,1440,-1
1192,1440,1
1344,1440,-1
843,1441,1
853,1441,-1
276,1442,-1
285,1442,1
291,1442,1
1637,1443,-1
1637,1443,1
1293,1444,-1
1294,1444,1
2187,1444,1
1448,1445,-1
1867,1445,0
1913,1445,0
2078,1445,1
73,1446,1
88,1446,-1
637,1446,1
642,1446,1
1746,1446,1
637,1447,-1
2199,1447,1
2200,1447,1
313,1448,1
1696,1448,-1
1585,1449,-1
1585,1449,1
1298,1450,1
1300,1450,-1
1401,1450,1
1402,1450,1
1306,1451,0
1324,1451,-1
1632,1451,-1
1633,1451,1
1696,1452,1
1697,1452,-1
1726,1452,-1
576,1453,-1
1730,1453,1
1749,1453,-1
100,1454,1
2563,1454,-1
904,1455,-1
2475,1455,1
632,1456,1
729,1456,1
756,1456,-1
1810,1456,1
2059,1456,1
1477,1457,-1
2139,1457,1
1706,1458,-1
2208,1458,-1
2210,1458,1
46,1459,1
88,1459,-1
778,1459,-1
1810,1459,1
2347,1459,1
2349,1459,-1
18,1460,1
2364,1460,-1
1401,1461,1
1402,1461,1
2544,1461,1
2551,1461,-1
142,1462,-1
142,1462,1
18,1463,1
1283,1463,-1
1283,1463,1
2364,1463,-1
2486,1463,-1
2486,1463,1
46,1464,1
88,1464,-1
907,1464,-1
908,1464,0
909,1464,1
1782,1464,0
46,1465,1
88,1465,-1
123,1465,1
830,1465,1
46,1466,1
88,1466,-1
778,1466,-1
1810,1466,1
2347,1466,1
2349,1466,-1
1637,1467,-1
1637,1467,1
1523,1468,1
1637,1468,-1
142,1469,1
143,1469,-1
176,1469,1
300,1470,-1
300,1470,1
1903,1470,-1
1903,1470,1
2042,1470,-1
2042,1470,1
2043,1470,-1
2043,1470,1
46,1471,1
81,1471,-1
81,1471,1
88,1471,-1
634,1471,-1
634,1471,1
1403,1471,-1
1403,1471,1
1823,1471,-1
1823,1471,1
1968,1471,1
2590,1471,-1
2590,1471,1
1408,1472,1
2349,1472,1
2605,1472,-1
141,1473,1
1408,1473,1
2605,1473,-1
141,1474,1
1408,1474,1
2347,1474,-1
1842,1475,-1
1843,1475,1
1845,1475,1
46,1476,1
88,1476,-1
843,1476,-1
847,1476,1
1973,1477,-1
2183,1477,1
46,1478,1
88,1478,-1
1753,1478,-1
1758,1478,1
46,1479,1
2182,1479,0
2183,1479,-1
2184,1479,1
2190,1480,1
2319,1480,-1
2320,1480,1
891,1481,-1
895,1481,1
2194,1481,-1
693,1482,1
694,1482,1
2075,1482,1
2091,1482,1
2192,1482,1
2335,1482,-1
778,1483,-1
1608,1483,1
2195,1483,1
429,1484,-1
432,1484,1
2194,1484,-1
1581,1485,1
1582,1485,-1
1587,1486,1
1592,1486,-1
2195,1486,1
111,1487,-1
2195,1487,-1
2197,1487,1
432,1488,0
2190,1488,-1
2190,1488,1
2195,1488,-1
2434,1488,-1
2435,1488,1
2190,1489,-1
2190,1489,1
2434,1489,-1
2435,1489,1
551,1490,-1
553,1490,1
1637,1490,1
1918,1490,1
2204,1491,-1
2205,1491,1
1310,1492,-1
1311,1492,0
2212,1492,-1
2333,1492,1
10,1493,1
778,1493,-1
2094,1493,1
2154,1493,1
2155,1493,-1
2286,1493,1
2287,1493,1
2075,1494,-1
2076,1494,-1
2618,1494,1
2618,1495,-1
2636,1495,1
2138,1496,-1
2636,1496,-1
2640,1496,1
1852,1497,-1
1854,1497,0
2639,1497,1
288,1498,-1
2214,1498,-1
2215,1498,1
82,1499,-1
719,1499,-1
2220,1499,-1
2221,1499,1
402,1500,1
1917,1500,-1
2222,1500,-1
46,1501,1
88,1501,-1
1136,1501,-1
1137,1501,1
2226,1502,1
2538,1502,-1
2230,1503,-1
2231,1503,-1
2295,1503,1
1852,1504,-1
1854,1504,-1
2296,1504,1
46,1505,1
88,1505,-1
1482,1505,-1
2436,1505,1
1357,1506,1
1898,1506,-1
1898,1506,1
2188,1506,-1
2188,1506,1
2444,1506,-1
46,1507,1
88,1507,-1
704,1507,-1
2506,1507,1
1501,1508,-1
2274,1508,-1
2275,1508,1
88,1509,-1
756,1509,-1
1746,1509,1
2270,1509,1
1361,1510,1
2125,1510,0
2133,1510,1
2134,1510,1
2276,1510,-1
2097,1511,-1
2098,1511,1
2276,1511,-1
2289,1512,-1
2290,1512,1
317,1513,-1
2290,1513,-1
2291,1513,1
471,1514,-1
472,1514,1
46,1515,1
88,1515,-1
2327,1515,1
1792,1516,-1
2325,1516,1
2362,1516,-1
2191,1517,-1
2322,1517,1
1266,1518,1
2327,1518,-1
1627,1519,-1
1628,1519,1
2331,1519,-1
2081,1520,-1
2082,1520,1
2352,1520,-1
336,1521,-1
337,1521,1
2353,1521,-1
1422,1522,1
2353,1522,-1
46,1523,1
88,1523,-1
160,1523,-1
161,1523,1
186,1523,-1
339,1524,1
1719,1524,-1
2401,1524,-1
1738,1525,-1
2525,1525,1
46,1526,1
88,1526,-1
2514,1526,1
2521,1526,-1
330,1527,1
490,1527,-1
18,1528,1
614,1528,0
2364,1528,-1
177,1529,1
1719,1529,-1
2373,1529,-1
729,1530,1
2570,1530,-1
2571,1530,1
46,1531,1
88,1531,-1
1321,1531,-1
2444,1531,1
1848,1532,-1
2442,1532,-1
2443,1532,1
46,1533,1
88,1533,-1
2416,1533,1
2449,1534,-1
2449,1534,1
2448,1535,-1
2449,1535,1
46,1536,1
88,1536,-1
2448,1536,1
2450,1536,-1
844,1537,-1
845,1537,1
2227,1537,-1
706,1538,-1
2464,1538,1
2466,1539,1
2522,1539,-1
665,1540,-1
2465,1540,1
1118,1541,1
1120,1541,-1
2477,1541,1
1172,1542,1
1174,1542,-1
2479,1542,1
2543,1543,-1
2552,1543,1
1401,1544,-1
2471,1544,-1
2472,1544,1
7,1545,-1
7,1545,1
7,1546,1
2469,1546,-1
931,1547,1
933,1547,-1
2469,1547,1
934,1548,-1
1169,1548,1
2469,1548,1
2481,1548,1
916,1549,1
918,1549,-1
2478,1549,1
1109,1550,1
1110,1550,-1
2477,1550,1
2479,1551,-1
2539,1551,1
2472,1552,-1
2473,1552,1
8,1553,-1
19,1553,1
8,1554,1
2481,1554,-1
1069,1555,1
1071,1555,-1
2481,1555,1
1112,1556,1
1114,1556,-1
2481,1556,1
1243,1557,1
1245,1557,-1
2481,1557,1
1164,1558,1
1166,1558,-1
2482,1558,1
438,1559,1
2483,1559,-1
2483,1560,1
2484,1560,-1
12,1561,1
2483,1561,-1
108,1562,1
110,1562,-1
2484,1562,1
841,1563,1
842,1563,-1
2484,1563,1
1237,1564,1
1239,1564,-1
2484,1564,1
768,1565,1
775,1565,-1
2484,1565,1
46,1566,1
88,1566,-1
162,1566,-1
164,1566,1
2371,1567,-1
2486,1567,1
2487,1568,-1
2488,1568,1
46,1569,1
88,1569,-1
511,1569,1
46,1570,1
88,1570,-1
512,1570,-1
514,1570,1
1953,1570,0
46,1571,1
88,1571,-1
940,1571,1
1950,1572,-1
2518,1572,1
1956,1573,-1
2517,1573,-1
2519,1573,1
1949,1574,1
1950,1574,-1
2518,1574,0
1955,1575,1
1956,1575,-1
2519,1575,0
2517,1576,-1
2517,1576,1
2517,1577,1
2549,1577,-1
989,1578,1
997,1578,-1
2536,1578,1
2554,1578,1
2520,1579,1
2536,1579,-1
2554,1579,-1
2520,1580,-1
2520,1580,1
2545,1581,1
2548,1581,-1
973,1582,-1
974,1582,1
2548,1582,1
2545,1583,-1
2545,1583,1
1810,1584,1
1880,1584,1
2532,1584,-1
2485,1585,1
2536,1585,-1
2537,1586,-1
2538,1586,1
20,1587,-1
2537,1587,1
1099,1588,1
1102,1588,-1
2537,1588,1
2554,1588,1
1128,1589,1
2543,1589,1
2553,1589,-1
2554,1589,1
2552,1590,1
2554,1590,-1
2516,1591,1
2543,1591,-1
1249,1592,1
1251,1592,-1
2549,1592,1
2552,1593,-1
2552,1593,1
2552,1594,-1
2552,1594,1
2554,1595,-1
2559,1595,1
2555,1596,-1
2555,1596,1
2556,1597,-1
2557,1597,1
2554,1598,-1
2555,1598,1
1089,1599,1
1091,1599,-1
2554,1599,1
940,1600,1
942,1600,-1
2554,1600,1
2556,1601,1
2558,1601,-1
1204,1602,1
1206,1602,-1
2558,1602,1
2559,1603,-1
2559,1603,1
576,1604,1
778,1604,-1
855,1604,1
1707,1604,-1
2560,1605,-1
2560,1605,1
126,1606,-1
128,1606,1
2569,1606,-1
93,1607,-1
555,1607,1
1593,1607,1
46,1608,1
88,1608,-1
1870,1608,-1
2438,1608,1
2577,1609,-1
2577,1609,1
1034,1610,0
1489,1610,-1
1490,1610,1
580,1611,1
1710,1611,-1
609,1612,-1
610,1612,1
609,1613,-1
609,1613,1
609,1614,-1
609,1614,1
1027,1615,1
1029,1615,-1
2554,1615,1
22,1616,1
2103,1616,-1
2606,1616,-1
2034,1617,-1
2607,1617,-1
2608,1617,1
2609,1618,-1
2609,1618,1
840,1619,-1
1570,1619,-1
1571,1619,1
11,1620,1
88,1620,-1
605,1620,-1
606,1620,-1
615,1620,0
1291,1620,0
869,1621,-1
870,1621,-1
2068,1621,1
2619,1621,1
1498,1622,0
2620,1622,-1
2621,1622,0
2622,1622,1