643,248
1001,1898
2
3200
3,2564
4
2862
3129
3136
132
7
8
132,717
228
11
1297
1426
2883
2884
3114
3136
3231
132,2366,718
3289
2901,17
3294
19
1761,1762
2901
2041
2313
23
2695,3108
25
26
28
30,29
32
1994
34
2358
2359
36
48
50
51
53
58
55
54,2411,103,1122,2397,102
56
1809,57
713,2176,1727
1597,61
63
64
65
67
66
69,2611
78
78
2615
3168
79
1656
2705
80
2583,2578,1797,81
2583,2578,1646,3146,81
82
83
89
90
2005,92,789
97,96,94,93
188,2005,92,789,681
105
106
107
41
114,116,117,118,45,44,115,119
126
127
128
131
131
132
132,2646,1145
2044
141
142
144
146
50,1901,1897
148
2445,149
2074
698,659,2170
2096
154
2629,2642,2634
2637,2625
258,257
3213
1009,2181
2182
164,163
158
158
190
159
159
927
160
2114,162
3177,160
2117
2223,161
159
159
526,3089
3080
167
2421,169
167,3088
3049
168,3263
3259
676
795,2813
171
3068
780,781,778,777,776,779
173
174
734,737,727,731,723
176
176
178
179
179,679
2263
440,1718,1832
2574,3221,1832
440,2574,3217
3217,1832,2576
3217,1832,2577
178,1598,1599
182,1774
212
1601
263
264
184
183,10
265
3051
2564
3048
3052,186
1917,233,2141,187
3207,1917,2141,187
2826,1917,3224,187
179,1840
1145
940
106
722,2203,2167,337,498,143,52,910,909,121,120,949,634,587,1034,636,1035,633,638,835,757,2353,599,908,764,772,955,1997,2259,1030,938,969,1578,1139,2046,1914,2398,1966,1783,653,767,2172,2173,2042,2133,2187,2554,2790,2218,1863,1864,2443,2047,2361,2742,2825,397,2340,318,2711,2739,2748,2741,2424,2696,122,1861,1123,939,815,43,833,942,2261,958,1799,981,950,1528,269,2029,108,270,38,398,903,2834,40,2189,2354,1766,219,89,723
1748,134,1951,225,1784,230,494,585,586,951,459,2112,1777,2192,2839,1930,2191,39,1754,1927,1830,2194,2193,2299,2295,2565,2493,2562,2823,273,2656,534,2293,2485,564,2697,900,1709,756,2296,193,1708,495,2165,758,137,2555,139,1710,2655,33,926,111,2317,460,713,1121
216
192
472
2069,424
196
200
2116
201
201
204,206
207
208
465,466,1602
216
3207,2826,1917,3250,187
2455,967,216
217
218
219
1749
222,221,223,224
220
227
228
227,145
227
227
230
232
234
234,2672
235
2857
236
419
237
154
241,242
239
238
240
243
243
244
2391
245
245
2473,642,246,2329
1959
249
205,203
250
201
3050
741
741,739
741
253
741,739
252,396
254
261,255
2644
256
2645
259
2814
2651
262
266
267
268
671,300,668,669,272
2946
504
271
273
273
274
309
310,275
277
276
278,280
283
281,2982
285
286
299
4
299
290,294
288,292
2948,2947
296,297
287
671,667
668
291,295
301
289,293
302
303
306
309
307
309
308
309
311
313
312
312,319
314,320,324
312,317,319
304,305
317
319
323,322,321
324
325
326
328
328
330
2426,2594,2591,330
331
1894
332
335
796
336
1423
339
340
343
344
343
343
3116
346
347
351
349
350
351
353
354
355
352
357
358
359
361
15
369
370,378
392
396
399
401
3013
402
2116,2826,3047
471
405
409,411,413,414
407
415,410,412
408
416
417
417
419
1196
659,419
1892
420
421
2258
421
185
423
462
425
426,469
194
426
964
967
3274
432
433
437
440
442
441,445
2901
446
2253
448
448
450,589,451,591
667
448
1323
454
456,455
276
454
458
324,316,458
461
464
468
472
1119,475
477
477
479
481
482
481
979
483
2096,2844
2096,483,2849,2453
2096,483,3212,2849
486
490
491
2078,500
502
503
504
506
506
506
1191
513,510,512,511
515
515
516
449
672
672
514,508
517
518
521,522
520
526
526,1271
1643
528
531,2498,2502
2501,532
3138,533
2500,531
1810,1811,535
249,536
537
538
2753
540
542
1684,543
544
1042
845
546
547
548
549
2606,550
554
555
556
559
2
433
562,563
315
565
565
566
567
568
569
573
574,570
1510,571
572
573
607
575
576
2567,2417
2566
588
588
592,590
670
2982
593
284
594,406
2026
596
597,823
602,605
818,761
604
606
537
1423
608
610
610
611
613
613,1454
614
616
617
618
620
622,619
622
623
627
1622
631
629,2151
632
644
82
659
2162,2163
661,2161
3071,662
348
666
666
276,504
666,276,504,2282
667
509
666,298
267,670
668,507
667
335
674
675
2073,192
1072,1074,1073,1070,1080,1071,1069,1067,1068,1062,1059,1058,1056,1052,1053,1063,1066,1051,1065,1047,1060,1064,1061,1050,1057,1055,1049,1109,1121,2933,2921,2910,1079,2909,2927,2936,2939,2920,2912,2938,1078,2913,1077,2918,2935,1076,1083,2906,2922,2908,2926,2914,2934,1048,2915,2931,2916,1075,2917,1081,2923,1082,2919,2907,1054,2932,1046,2911,2930,2924,2937,2925,2929,2928
192,677
560,682
683,1838
95
170
172
685
688
2448,690
686,687
693,694
270
405,471,2904
695,282
623
696
2943
698
3056
362
363
3046,364
365
2580
699
3046
3055
700
2882
700
703
703,3048
2752
701
2713
2714
702
2564
3261,702
1672
1969
701
704
436,2886
707
712
709
710
711
712
177,712
708
715
1152
715,716
2896
717
1608,27,2388
1213
722
733
734
741
747
747
748
750
751
752
749,753
2814
752
1020,2816
1695,755
770
728,723
782
723
741
783
3095,3097,3098
1896,915
787
760
790
1895,791
1689
2812
2776
2780
2779
1841,2489,642,2459,2460,2732,2362,2327,2371,2370,2351,838,2792,2872,2871,2363,1746,1033,1031,1889,2368,1032,2369,1162,2367,769,1932,2854,2328,2518,2726,2734,2718,2786,2420
795
2811
796
797
799
800
801
802
802
804
803
804
805
806
809
812
814,811,2959
638,815,2189
816
817
824
2966,561,2967,1763
2824,820
828
829
924
342,341
831,2406
834
836
837
1600,843
844
848
847,846
438
850,439
1810,858
1905,1906
860,659,859
1811,862
1905,2,1906
864,863
697
866,659,869
1811,868
876,871,873
879
3299
2643
2649
884
885
886
3305
887
888
889,886
3304
890
894
898
911
912
912
912
361,3267,914
1661,967,3235
967,914,3235
915
916
919
2066,1692,2209,122,59,1753,1861,123,2202,2208,2207,2205,2285,43,2523,2204,2618,2861,958,1799,981,950,1528,1857,1691,1202,2206,2201,334,1527,2211,2833,1019,1627,124,2083,38,398,2210,2834,2143,101,119,1860,31,84,40,42,714,2168,338,327,329,635,100,76,639,213,360,2859,130,641,624,637,487,625,601,584,581,2158,626,333,2129,70,580,480,857,1147,972,978,1144,1146,775,877,956,970,2092,960,2260,1148,808,982,1141,705,72,2091,1662,73,1043,807,1149,907,2156,1845,2048,1802,2039,2166,1760,2084,2198,745,2146,1987,1879,2196,2195,1529,2197,2667,2436,505,1122,1162
2254,99,135,547,839,900,1709,1708,582,2165,137,2736,2463,1710,2655,840,47,926,545,1915,2482,111,1829,136,766,2598,125,1586,431,2467,457,765,773,754,1741,768,1739,2444,763,821,2787,260,774,2548,819,1919,2130,2601,2471,2479,2440,902,1952,2439,1590,2304,2341,474,1727,454
923
2875
925
927
964
3039
931
932
933
935
936
940
941
946
947
946
947
948
614
1480,953
957
177
961
964
965
966
967
2512
967
3053
971
973
974
975
976
977
979
1004
943,944
1007
947
151
150
1008
3238
1006,1005
2244
1011
2757
530
1012
2222
2496
1010
1012
1012
1013,2222
1014
1015
1016
1018
1728
1022
1022
1022
1022
1023
1025
1028
1038
1513
1027,822
1110
1089,1085,1086
1094,1098,1088,1099,1095,1091,1090,1097,1101,1087,1103,1102,1093,1105,1104,1096,1100,1092,1084,1086
192
1106
2913
1682,701
1075
192
1677
1114,1115
1112,1674
1665
1670
1666,1667
1675
1118,1116
1081
1686,1685
476
192
1120
1122
1124
1125
1128
2965,782
1129
1130
1131
1132
1133
1134
1135
1135
1140
1144
1144
1145
75,1150
74
1151
1159,1156,1155,1158
1157
2525,1160
1159
1017,1127
1476,1166,1182
1473,1168,1176
1169,1177,1174
1178,1170
1183
1184
1471,1179,1171
1474,1180,1172
1181,1475,1173
1185
1189
1472,1167,1175
1478,954,1493
1165,2569
1192
1197,1194,1199,1196,1198
1196
1197
1200
1201
3204
1201
1203
1152,1701,2816
1205
1207
1209
1211
1608,1878
2621
1215
1217
1219
1221
1223
1225
1227
1241,1231
1916,2831,447
1229,1239
1236,1233
1236
1234,1237
1234,3059
2537,1240
3133,1240
1229,3132
3135,1240
1235
2751,1236
1238
1238,2536
1617
3285
2793
1241
1242
1243
1243
1247,1244
1245
2721,2727,2144,2733,2725,2730,2728,2722,2731,2719,2720,1844,2718
3122
1873,2217,2145,2517,191,1208,2010,1551,934,1230,853,529,1837,1246
1254
1252
1249,2497
1251
1244,3061
1253,1255
1617
1256
1286,1262
1256,1263,1287
1256,3215
1257,2529
3131
1260,1258
1259,1286
1261
1261
1271
1273
1273,3087
1272
526
1510
3067,1457,3066
2527
1275
1294,3129
1276
1276
1277,1284
1278
1279,1288
1280
2538
1281
1282
371,376,387,650,648,383,385,379,1902,1351,1521,1495,1338,614,618,1729,381,646,1297,1292,2662
1522,1350,374,377,1352,386,645,1293,1730,649,621,384,382,1298,375,372,647,380,2659,1339,615
472,1362,1371,1194,842,611
612,1363,473,470,1195,1372
2217,393,1380,901,395,391,2679
394,390,1379,2680,900,2216
1283
1285
1285
1289
1290
1289
1292
1293
796
1297
1306,1303
1303,3256
1296
1302
1297
1297,1407
1300
2750
1301
1304
1618
1307
2532
1308,3240
1615,1311
1350,1352,1298,2659
1357,1295
841,1589,1591,1587,1584,2832
2831,1588,1583,1586,1590
1314
1313
1489,1309
1310
1312
2750
1314
1315
1315
1316,1441
1316,3185,3180,3179
1317
2539
3187
1318
927
1319
3177
3189,1317
1315,1440,1443
1320
1440,1316
1321
1322
1323
1325,1328,1332
1329
1334,1337,1330
1334
1326,1334
1335
1336
1337
1338
1339,77
1340
1342
1338
1347,1343
1344
1338
1344,1470
1345
1345
1346
1347
1348
1348
1391,1388
1349
3246
1352
1353
1354
1355
1356
1902
1357
1371
1359
1360
1361
1361
1374
1378
1362
2986,2888
1358
1367
1366
1886
1365,2696,3161
1368
1368
1369
1368,3106
1364
1371
1370
1371
1373
1374
1375
1375
1378
1379
1381
1382
1387
1383,1619
3193
1384
3136
1382,1405
1385
1615
1386
1391
1392
1397
1393
1445,1394
1395,2531
3239
1615,1396
1398
1403
1399
1398,1405,1287
1398,3175,1287
1400
2538
1401
1402
1402
1403
1406
1406
1407
1414,1303
1299,3178
1409
1410
1409,3246
1299,1413
1411
1618
1415
1415
2530
1390
1416,3130
1404
1415,1391
1417
3136
1418
1335,1419
1420
1420,1389
2530
1421
1386
1422
1423
1423
1510,1424,1427
1509,1428
3225,3181
2527,1425
1426
1615
1381,1437,1443,3216
2544,1432
1432
3187
3139
1436
1438
1434,2564
3190
1437
1440,1435
1437
1439
1439
1442
1620
1447
1448,1450
1449,2038
1451
2189
1452
1376
1377
1453
1453
2255
2423
613,1455
1453
1456
796
1457
1304,1457
1458
3137
1512
1457,1305
1306,1428
2527,1294
1510,1305
1457,1511
2535
1459,3137
1462
1460
1464,1461,1463
1465
1465
1466
1467
1468
348,1468
1469
1469
1469
1469
664
1479
1477
1479
1618
1481
1481
373,1902,1351,1521,1495,2662
1496,1522,1350,374,2659
377,578,1707,891,88,832
2960,577,1706,87,892
1489
1482
1483,2506
1443
1615,1484
3184,1485
2540,1486
3248
1487
1618
1490
1490
1494,1491
1492
1494
1495
1497
1498
1501,1503
1495
1495
1500
1499,1510
3222
1510
1504
1506
3302
1291
1507
1508
1507
1513
1519,1513
1514
1514
1517,1565
1515,1444
2544
3139
1516
1518
1518
609
1520
1520
1523
1523,1443
1446,1526
1523,3196
2547,1524
3241
1525
1615
2891,2969,1664
1532,1594
1533
1534
3282
1536
1537
1542
3078
1544
1543
1543
1549,2975
1542
3079
1542
1544
3077
1544
3078
1545
1546
1546
3006
3005
432
1560,1559,1557,1553,1562,1552,1561,1563
1554
1561
3033
1561
1561
1563
1566,1564
1567
110
2780,2137,1615,1803,1215
1573
1567
1567
2781,1567
1568,1571
1567,794
1574
3134
2755,1576
1572,812
1577
793
1567
1567
2002
1567
1570
1579
1580
2999
1593
1593
1595
1596
183,854
848
855
1956
1604
1605
1607
1592
1609
1582
1583
1430,1186
1433,1190
1612
2244
2458
1613
1431,1187
1429,1188
1351
1341
1340
463
1615
1618
3303,3286
1618
1619
1620
3286,2890,2984,2874
1621,1620
2221
3186
1616,1733
2037
1624
1628
2798,2800,2801,2797,2802,2799,2796,2805,2795,2804,2803,2808,2807,2806
1630
1631
1629
1632
1634,1633
1635
1636
1638
1639
2708,1648
2705
2705
1656
2613
1652
1654
2583,1646,3146,1656
1640
1647
1651
1653
2613
3318
1659
2783,1660
1665
1668
1669
1671
1673
1112
1676,1113
1678
1678
1679
1680
1681
1683
1685
1686
1687
1688,541
1689
1895,788,1694
2859
1696
1697
1698
1699
1700
952,435
1703
1703,1836
1704
689,1704
1705
1705,692
1713
1714
1715
1716
1749
1716
1718
1718
9,1720
916,1722
1723
1724
1725
1726
1726
1193,1610
1728
1729
1731
628,2036,1732
1729
1733
1622,1623
1740,1738
1736,192
1743
1744
1745
1747
1749
3272
1752,1751
1611
1749
401
1757
1758
1759,2677
1761
2992
1763
576,916,1763
1765
1766
1766
1970,1968
1767
1768
1769
1770
1771
1772
355
849
1776
1778
1782
1778
251,1780
2881
1785
1786
1788
1789
1790
1791
1792
1792
1793
1794
2521,1795
1796
1797
1798
1800,1804,1805
1806
1801,1807
1803
1812
1812
1813
1814,1810
249,1815
1816,865,867,861
1817,921,922,920
1821
1821
1822
1821
1823
1825,1826
2705
1831
1735,1737
1112
2073,192
1044
1835
2989
1835,2990
2998
1045
1614,1044
1839
2591,1833,197,330
1845
1846
2961,1865
1866
852,418
1867
787
1868
1870
1871
1872
1874
1875
1885
1885
1892
312,319,320,324
1893
1894
1896
830,147
830,2847
113
1898
1882,1881
1887
156
2877
1888,1891
50,1900
1890
1903
1907
2650
1908
1909
1910
1911
1917
1921,870
1922,1164
1923
1924
1926
1925
2699,1929
1928,2698
1931
1939,1943,1934,1947
1948,1935,1944,1940
1938,1942,1946
1941,1945,1949,1936
1937
1950
785,660
1954
1953
1953,2338
247,1957
1958
1798,2695
2794,1953,3103
598,1960
1953
1961
3109,1958
2695,1958
1963
2006
1964
1965,1955
1026
1690
2789,1843,2788,2306,1842
1972,1971
1973
1974
1975
1976
1977
175
1984,1978
2568,1161,189
1979,1977
1980
1981
1982
1983
2560
1985
770,2552
2955,1985
1986
1988
1989
1990
1991
1991
1992
1992,1773
1994
2000
2001,1606
2003
2004
2664,20,444,24,22,18
1614
583
2007
2008
2009
2016,2018,2011
2011
784,2599,2853
2013
2012
2014
2014,2387
2015
2016
1608,2570,2853
2016,2017
2018
717
2019
2027
2032
691
2033
2034
1734
2037
1615
2040
2689
11
2044
2045
2051
2050
2050
2050,2056
2054,2057
2052
2053
2055
1993,1824
1646,2059
2587
2060
2058
344
2062
2061
2063
2064
2065
2067
3003,2905,2903
2067,195
2068
2070
2071
2072
2073
2126
2075
2075
2085
1002,2086
2087
2088
2090
2089
2094
2095
2096
2099,2098
2097
2107,2106
2108,2114
3226,2100
2119,2113
2105
2100
553,579,2109,1998
2111
2114
2115
2117
2120
2122,2120
2121
2110
2125
2095
2127
2128
2171,2174
700,2175
2131
2132
2140
2139,2138
2137
3195
2137
2140
2144
2153,2154,2152
630
2156
2157
2159
2160
2164
2170
2177
2178
2180
152
2449,2181
153,2280
2186
14
2183
3014
3015
2223
3223
3139
2184
1618,2180
2185
2189
2190
2199
2212
2213
2214
2215
2216
2219
2220
2221
2228,2241,2239,2243,2250,2224,2248,2245,2232,2234,2236,2230,2226
2222
2223
2237
2237
2240
2244
2223
3206
3253
2223,2233,2231,2225,2249,2242,2247,2227,2229,2235,2238,2240
2255
2257
2258
2261
828,706
2081,2082,2080
2264
2265
2266
2267
2268
2269
2270
2271
2272
2273
2274
3091
3166,3163
3032,3029,3031
2276
345
3277,3276
2277
798,1702
1659
719,738,724,742,732,729,740,735
725,720
726,733,730,736,721,743,739
721
2278,2179
2281
519
2283
1827
2284
2031,2302,2346
940
979
484
2307
2310,2308
2309
2311
2668
2312,3292
940
2314
2317
2318
5
2321
2322
2326
2330
2331,2335
2336,2332
2333
2333,2337
1002,2334
2333
2339
2613
3320
2347
2348
2349
2350
2352
2354,2357,2356
2358
2358
6
2358
1750,2355
177
2364
2365
2377
1764,404
2378
2379
2384
2385
2387
2324,2323
2898,2389
2315
2325
659,2390
2391
2381,2382,2383
659,2393
2394
2399
2873,2400
2401
2402
1896,2403
2873,2402
2405
2412
2451,2452
940
979,2415
2416
2418
2418
3318
642,2892
0,3124
2422
2423
2425
2426
2426
2428,2429
2428
2430,2432,2433,2431
2434
2435
2441
2442
2445
2446
2626
2449
2450
1917,1920
2454
2456
2457
1530,1531
2246,3053
2223
2461
2468,2469
2466,2465
2464
2462
2470
2472
2752
2474
2475
2476
2476
2414,2477
2478
2478
929
2487
2488
2490
2494
2495
2498
2502
2498
2499
2500
2502
2503
2504
2505
2507
2508
2509
2510
2511
2512
2513
2447
2516
2520
2524,2526
2534
1250
2542,2538,2536,2541
2538,2527
2542,2538,2541
2538,2527
2533
3245,3237
2536
2538
2542
2546
1557,488,2344,2837,1995,1819,67,2527,905,2117,2502
1855,1850,1716,875,2610,2411,2835,1852,2148,1324,1495,1276,1331,1037,1729,2034,1859,1720,1407
489,2118,2838,2528,2345,1820,2503,906,1996,1142,1558,68
874,1496,2836,1851,1730,2617,1282,1717,1408,1849,2609,2035,1036,1721,2410,2147,1858,1854,1327,1333
1884,1626,1913,2515,2374,389,215,1041,2376,210,2150,2869,2745,497,895,199,2124,899,897
1195,2409,1876,1505,1412
388,1040,1883,896,898,1625,2123,496,2373,2744,2375,894,2514,1912,214,209,2868,198,2149
1194,1504,2408,1877,2678
2541
2542
2543
2546
368,1270,1266,1268
1267,1265,1269,367
841,1488,2023,2025
842,2022,2024
2545,2538,2527
2549
2549
2550,2735
2654
1554,2600
2551,2546
2724,2654
2897
2894
1554,3268
3086,2551
3086,2551
2551,2546
2556
2557
2558
2492
2559
2559
2561
2564
2416,2427,180
2209,59,1123,939,945,2202,2208,2207,2205,2523,656,2204,2261,1528,1202,269,2206,2077,2201,1958,2211,2833,270,2437,2083,398,2210,2834,119,1860,31,84,104,42,714,327,2858,100,76,639,213,360,2859,130,624,601,584,581,2158,626,333,2129,70,480,857,972,978,1144,775,956,2092,960,2260,1148,808,982,1141,705,72,73,1043,807,1149,2156,1845,2048,1802,2039,2166,2084,2198,745,2146,825,1987,2196,2195,1529,2197,2401,2404,2407,2395,2438,2396,505,62,2372,109,878,1122,1162
99,2030,900,833,1163,2563,756,193,582,904,2655,33,545,71,2482,136,125,1586,2467,457,773,754,2444,763,819,1919,1742,1111,478,961,1264,2043,851,2439,652,2303,2469,2630,2079,1541,651,1108,306,2287,848,2216,2435,2292,2654,2752,2472,2304,1540,2289,1107,1903,2343,2298,2294,2301,2300,2297,2290,2342,2341,2252,86,474,1848,1727,588,454,2934
2569
2340,523,2486,499,595,759,762,731,826,37,2291,1720,1756,2696,2519,1136,1753,2020,2602,2085,524,2169,945,1856,600,815,646,2256,1967,2285,656,2618,893,942,112,1691,2286,2077,2029,519,334,1527,1958,2032,2833,108,331,2028,1627,903,641,637,970,91,1137,1933,1138,1766,219,566,2244,1763,192
60,98,2484,744,1869,273,2656,229,1582,534,746,2481,2253,2483,2293,2553,1847,1126,1862,2093,963,2652,138,2480,1711,133,1039,403,1712,2030,2021,458,1663,2738,2485,85,962,564,2653,2697,140,547,839,525,2657,1163,1704,492,2142,539,434,2296,495,2134,1818,1583,758,46,2736,2555,139,1710,654,655,47,554,71,2251,2319,2595,2482,1739,2787,2043,902,1590,453,493,2316,1853,2419,2135,1585,2678,26,2491,474,2821,2490
1718,2522,1765,2860
422,2573,428,429
467
2583,2578
2582,3070
2585,211
2583,1797
2809,3278
2588
2589
2590
2590
1655
2593,2592
2594
2666,2596
1274,2597
2600
2470
2955
2603
2604
2575
2605
2605
2607
1593,2607
2826
680,2005
2612
2710
3318
2614
2619
2619
155,2620
2620
2621
2623
1767,2624
2622
2628
2754,2279
2627
2631
1021,1029,1153,2392
13,12
400,2633
2633
2633,872
2638
3011,2635
2636
923
2641,26
2638
684,786,1772,2996
2640,2639
1603,980
2643
2647
2648
2649
2654
2658
2660
2678
2661
2901
443,2663,19,17,21
2668
2669
2670
2671
2672
2673
2675
2616,2676
2672,2674
2678
2681
2681
2682
2691
2683
2684
2313
2687
2688
2688,2673
2685,2690
2692
2692
2693
2684,2694
2700,2704,2665
1637,2665
2695
2696
1658,2701
2705
2900,2701
2703
1794
2613
2703
2705
2705
1641
2613
3023
2970
2971
3075,2707
3027
2705,3028
2705
3064
1903
2715,430
2713
2714
2716
3307,2717
2613
501,2712
2718
2729,2723
2735
2737
2746
2556
2557
2746
2747
2749
2749
2750
3303,3286
2752
959,1828,2155,2188,2519,1136,1753,2602,2085,524,2169,123,1856,600,646,2256,1967,2285,656,2618,893,942,2861,112,1857,1202,2286,519,334,1527,2032,331,1019,2028,124,639,640,637,625,626,480,883,970,705,72,2091,73,907,1760,2667,1766,566,2244,1763,192
1711,133,1039,403,1712,1999,2288,658,2021,458,1663,2738,85,962,2653,135,140,547,839,525,2657,1704,2563,492,2142,539,434,495,582,2134,1818,1583,137,46,2736,2555,2463,904,654,655,840,47,554,926,545,1915,2251,452,2319,2595,2482,1829,1586,431,2467,1741,1739,2444,2787,774,2548,2471,902,1590,2216,453,2320,2491,474,2821,2490
2749
996,999,988,992,983,1000,997,985,998,989,986,987,984,993,990,991,995,994
2200,1220,1569,937,1210,1216,1228,231,2413,1218,1575,49,1206,1535,2010,678,2360,2386,2856,1224,1226,1880,1551,1212,810,1222
1232
1502
2223
2759
2758,2502
2530
3238
2760
2761
2763
2777,2778
2781
2785
2782,1646
2791
2793
2775,2774,2772,2767,2771,2769,2762,2380,2766,2764,2765,2770,2773,2768
1781,1656
2810
2812
792
2814
2815
1556
2817,366
2818,2756
2820
2819,2821
2826
2828,2830
2826,427
2828
2831
771,2840
2841
2841
320,2842
2843
1904
226,35,1918,2848,657,1919
3174,3192,485
924,2846
2850,2851,2852
2845,196,2305
2855
2857
3231
2863
181
2864
2865
1154,1024
2870
2873
155,3037
1650
2879
2876,1644
3318,2348
2348,834,355
1646,1642
2583,2578,3146,1642
2880
1645
2613,834
2613,2348,834
2962,2103
36
361
623
964
159
1718
2450
159
159
2500
2507
2564
159,3172
2114,2117,3172
2117,3172
3176,159
665
1834,335
2885
2887
2889
598,3140,3117
2893
2894
2897,2895
2897
2898
1152,1701,1775
2899
2702
856
3058
2564
2940,3048
2941
2095,2941,2827
2095,3074
3171,2941
2949,2945
2944
63
2950
2951
2952
1204
1755
2953,632
2867,2866
2348,2350
3268
2954,3086
1554
129
3310,1539
1793
2590,2956
1274,2957
2958
3317
813,2993
2649
881,882,880
2572
2968
2972,3078
3079
2705
2709,2707
2974,2784
2783,1656
2979,1656
3024
2978
2977
2976
1547,2973
3023
1548,2974
2980
2981
270,279
2983
1581
2963,2631
2985
2686,2991
1
2997,673
2794
2999
3000
3001
3002
2877,1899
156
157
3007
3008
3009
3010
3012
3013
603,3235
3016
3235
3017
3126
2095,3018
3219,3018
3019
1546
2705
3114
3160
3167
3084
3023
3023
3030
3033
3033
3034
3036
3039
3040
2095,3209,3044
3044
2095,3171,3044
2049,3041
2095,2829,3044
2095,3209,2829,930
2095,3209,3045
232,3044,3203
3126
928,3042
3043
2136,930
2827
2095,3044,2608
2095,3170,2827
2095,3044,3026
2095,3044,3170
3258
3050
3210
3118
3054,1778
1797
3057,527
3047
3151
3151
3078
3062
3062
1646,3063
2578,1646,3146,3063
2705
3077
3062
3078
3065
3038
3099
3069
3148,3205,3143
3142,3152,3145
3112,3107
3022,3021,3020
3035,3249
3072,3073
2707
3076
3004
3005
3006
3082,2076
3081
3083
3085
1273,3089
3089,1649
3090,3092
3092
3093
3094
3096
3099
3101
3101
1956
3103
3108
3109
3110
3110
3111
3113
3114
3115
3116
3117
3119
3120
3121
1798,3123
2695,3108
3125
2822
968
3194,911
3127,827
3194
3128
3128
3129
1248
1248,2561
3243
3129
3137,3136,3188,3129
3137
3230
3136
3137
3139
3233,3234
3229
3033
3140
3141
3149,3147
3142
3158
3144
3153
3153
201
202,3154
3155
1779
3156
1657
2581
3157,2579
2580
2706,3156
3159
3160
3161
3162
3164
3165
3167
3169
3060
3173,196,2305
3182,3183
3236
3229
2095,3191,196,2305
3194
3194
3197
3198
427,3199
2571,3202
3204
3208,1719
3211
3214
3218
3226
3227
3229
3231
3231
3231
3232
3232
3235
3236
3242
3228,3237
3244,3237
3236
3236,3246
3236,3229
3242
3236
1424,3225,3236,3246
3246
3246
3247
3247
3227
3246
3251
3252,185
3254
3255
3257
3260
1808
3100
3262,166
1962
2994
2994
2307
3104
3264,3105
3265
1787,1808
3266
2101,2102,2104
3201
3102,165
1143
3269
551,557
552,558
2564
3270
3271
3271
1117
1839
917,2262
918
1003
1003
913,2275
3220
3275
3140,3025
3255
3255
3279
3078
1550,3150
3079
3281
3288
3287
2586,3290
3291
2743,3293
3297
3299
3302
2995,2942,2964,2987,1693,3295,2988,3300,2740
3296,3280,2902,3298,3284,3273,3301
3306
3321,3322
2632
1214
3309,16
3310
3310
1653
3313
1555,3314
3312
2065,3311
2348,3312
3316,663
3283
3315,356
2703
1538
3308
2878
3318
2348
2705
2578,1646,3146,2584
1646,3319,1797,2584