3584,1
2
3290,5
4
3235,4
4,3236
1421,3
7
356,1191,1210
1191,1211
1192,1211
9
1601,9
2584,1869
456,2583
12
4461,11
14
15
17
18
19
3586,3584,3591,3587,3589,3588,2998
25,26
2304,4225
30
34
34,984
35
36
37
41,39,37
37,1466
41,39
1268,38
2542,38
3096,40
47
48
49
3154,4486
51
52
53
55
56
58
59
60
61
62
63
64
64,3829
3861,64
64,3869
63,2039,2153
2158,63,2153
2158,63,2039,2153
66
67
2158,1338,67,1679,2153
68
69
70
71
76
76,499
77
78
81
82
85,83
86
1251,86
87
88
90,93,91
92
2207,92,94
92,3951,94
94
89,94
96,98
99
100,107
354,101
103
106,103
354,104
108
2017,109
114,111,115
110,112
116,119,120
110,117
118,1529
121
125,121
127,125,121
4504,123
110,121
125
110,125
1366,126
127
110,127
129
133
134
135
134,135
136
136,134
1615,139
142
142
143
2401,144
3281,144
2401,141
145,3282
147
148
152
153
155
156,158
157
161,162,160
3571,159
3580,159
163
164,166,165
171,170,167
1540,168
4381,168
172
173
1132,1653
207,177
180
181
695,432,181,698
187
187,372
189
190
191
192
193
194
195
196
197
198
3006
200,2997
368,201
204
3788,4438,3804,3906,3670,4490,3738,3756
205,135
206
207
832,3011,206
1380,209
215
217
217,220
217,220,221
217,2072
217,2673
222
223
226
1380,228
230
231
232
3861,232
1692,685
240,235,237,238,239,80,79,236
242,243
243
244
245
248
249
249,3441
251
3067,251
252,253,254
255
258
4453,3696
3712,262
266,260
259,261
265,260
266,265,260
3642,263
262,258
266
266,258
3712,266
269,271
269
270
271
272
152,269,2470,1375,1666,694
3063,268
268,3334
274
278
279
281
284
297,295,296
287,1113
1154,287
1155,287
3020,287
3966,287
289,293
3959,287
290,2414
1352,289
1346,288
4296,289
335,2414
4284,291
3949,287
2587,288
4296,288
4129,287
1346,294
1487,1081,3969
1487,1731,3970
1487,1084,3970
307,310
1154,298
1155,298
3020,298
3966,298
300,305
3959,298
301,2414
1352,300
4296,300
303,2414
1352,302
4284,302
3949,298
1346,299
2587,299
4296,299
4129,298
1346,306
308,309
311,312
322,323
1154,313
1155,313
3020,313
3966,313
315,320
3959,313
316,2414
1352,315
4296,315
318,2414
1352,317
4284,317
3949,313
1346,314
2587,314
4296,314
4129,313
1346,321
1487,1097,3957
1487,1100,3958
325,326
1708,1064,3948
1487,1103,3948
1154,324
1155,324
3020,324
3966,324
328,333
3959,324
329,2414
1352,328
1346,327
4284,331
4296,328
332,2414
1352,331
3949,324
2587,327
4296,327
4129,324
1346,334
1352,291
2434,1193
2874,2776
3650,3950
776,337
3010,776,337
3010,776,337
3650,1602,3950
4234,3650,3950
338,2404
3016,337
4242,337
2585,1870
3020,339
1154,339
1601,339
1649,339
2401,2440,339
3108,339
4129,339
3959,339
4288,339
339,4315
4233,339
340
341,770
1214,340
1214,431
1954,3057
342
3621,2347,3620
2355,2353
2326,755,4107
2852,337
2852,379,337
2851,337
233,337
337,1154
337,2440
2614,337
2614,337
3944,337
337,3959
337,3959,688
345,2704
2762,3812
1583,1581,1582
84,81,348
84,3935,348
348,1159
348,1161
1583,1582
82,84,349
4153,84,349
350
861,2243,860,2244
351,1262
1343,1341,1342,1358
353,3965
354
354,2207,103
354,3951,103
1954,355
357
358
151,150
97,359
3907,3730,211
370,1880
3669,3700,3757,2398,3674,3150,154,421,3004,3765,4416,4439,3768,1888
186,185,183,184
906,2172,2187
3602,425
382
383
384
387
388
389
389,3387
390
391
392
393
395,394
398
407,2205
1154,400
1155,400
1350,2415,400
2440,400
3020,400
3944,400
4229,400
1346,401
2587,401
400,4230
400,4271
1346,402
2208,399
2208,403
3947,404
3286,405
4313,405
406,3952
593,407
407,1968
835,408
1364,408
408,4255
407,1965
4257,407
409
412,410
979,929,391,1472
414
1538,416
415,419
3940,415,418
3940,415,418,3595
3040,416,3595
3940,415,418,3916,3595
1539,416
3404
3405
417,418
422,2541
425
3602,425,3583
380
428
1726,428
431
432
2727,3036,706,432
227,575
1753,589,497,798
376,1016,758,777,448,3697,785,1517,1819,369,787,140,373,2605,781,786,277,366,2232,374,1017,765,769,367,377,1391,772,362,378,3687,1177,3163,2652,365,3391,2608,2606,3389,2651,3171,2629,3593,3161
1372,2082
2083,1373
442,443
445
397,396
445,446
2006
2992,450
449,2259
453
455,453
455
456
457
461,457
459
461,462
460,459
461
3739,3761,3758
466
465,466
468
468,466
3740,468
3763,468
471
755,471
755,471
474,473
474
476
476,473
1720,476
479
480
480,3232
482
486
3434,486
487
488
3742,3744,3686
489,488
755,488
491
491
494
494,438
494,1345
495
494,1390
494,3104
496
496,698
528,525,507,515,529,526,518,511,524
500
501
505,502
503,501
505
506
508
544,508
510
512
512,520,517
512,517
516
520
521,523
528
531
532
2236,1136,532,1246
929,2467,533,1005,1006
2236,1421,3592,532
979,532
4035,532
673,531
2096,535
536
543,538,554
510,539
541
541,522
558,513
543,545
549,548,545
528,546
550
550,516
552
552,514
554
554,506
556
556,520
558
559
559,512
560
561
562
563,562
563
566,564
568
569
570
217,220,221,491
2442,2314,2307,581,582,2321,2313,2312,384,2302,1835,1596,1595,1119,1120,1121,2310,587,585,584,1125,1124,586,583,3541
1727
1252,570
2643,579
1252,570
574,571
1380,570
2663,575
2664,577,578
2306,576
576,2309
572,575
575,573
1119,575
1120,575
2402,3527,575
2402,3527,3539,3009,575
2402,4265,3539,3009,575
587,585,584
588
588,38
697,591,698
590,1595,1879
592
592,1964
592,1963
594
911,594
2009,595
530,596
598,599
599
599,534
601
602
603
608
609
610
611
612
613
467,466
2696,470
618,617
620
621
622
623
624
3861,624
625
626
628
632,643,640
4489,4371,3643,3608,4417,4398,3705,3908,3787,3656,4406,4450,4452,4428,1972,3767,3719,3629,3690,3819
279,633
634,633
636
3716,3643,3787,3714,3777
636,641
279,638
637,636
641
3910,4460,3714
642,641
644
645
645,1574,1572
3012,3013
649
650
599,649
651
929,651,982
655
656
657
658
659
660
3723,3893
663,662
661,664
767,664
666
2102,666
2104,666
667
668
669
672
673
673,929
675
675,3424
675,3424,3425,3426
678
675,678
679,683
676,681
684
677,684
685
685,688
685,927,833
687,3496
685,3977
688
688,2704
691
692
693
694
695
695
698
273,698
626,698
698,3115
3976,698
699
699,698
703,704
701
979,701
3085,1874,929,3436,3437,702,2035
705
1710,2727,707
709
710
710,709
715
716
717
718
725
723,1579
725,726
728
2481,720,719,712,723,722,721,1579
728,729
731
714,713,724
731,732
734,741
716,735
737
737,717
739
739,718
742
743
744
979,744
748
656,3315,748
749
3892,4382,4497
751
750,749
1801,749
753
1801,753
755
475
473,756
477,478
473,757
2718,2717
794,755,759
2496,2497
760,2495
35,131
773
179,775
2363,2364
2366,2367
778
3054,3121,2682,3122,3053
788
790
791
793
794
794,3375
795,755,4005
795
796
796,1579
2491,4017,4036,4210,4018,4209,4212,4208
4189,2491,4017,4184,4036,4018,4182,4183
4189,4187,4186,4184,4188,4185,4182,4183
798,2373
800
801
805
805,810
808
809
811
813
814
815
816
817
821,1639,1644,825
1640,1645,822,826
823,827,1641,1646
1647,1642,824,828
821
821,2101
821,2111
2112,821
825
825,2101
2104,825
2112,825
2118,825
829,1643
830
831
831,2102
832
927,833
835
837
849,840
790,841
843
4368,4500,3821,4410,4420,4396,4432,4362,3657,4361,4456,4370,4442,3636,3752,3648,3718,4400,3772,3904,3628,3753,4498,3805,3694,3683,3677,3635
790,843
844,843
848,845
790,846
852
851,1607
857,856
855
855,1426
856
856,793
854,500
708,854
854,742
859
862
3258
863,3276
3247,868
2096,867
870
871
979,871
872
873
875
876
877
878
878,881
882,879
3903,879
882,878
4418,878
874,876,872
883
884
885
886,1592
888
928,563
644,889
3944,892
430,974,1402,888,3257,932,208
910
3955,4283,3447,890
3955,4284,3447,890
2587,891,1355
3955,890
4286,892
2578,892
3017,892
494,892
495,892
893,3465
893,4294
1351,892
1346,892
1355,892
894,2415
2587,894
2587,1357,892
2440,892
4280,892
1346,895
3955,4283,890
946,945,933,896,648
3104,897
3955,4283,1345,890
3955,4283,1345,648,890
2402,946,899,945,933
2402,946,899,933,3993
3955,946,4283,945,933,3450,890
909,888
903
2077,904
438,898
438,899
908
1350,2620
907,2414
1346,2620
2620,2440
909
909,59
909,890
911
912
911,912
911,912,2008
4035,912,4019
912,916,919
911,918,915
911,917,915
911,915
207,914
911,2548
915
920
921
923
925
926
929
929,2032
931
933
934
934,942
934,943
934,3967
935,689
1227,935
935,2406
2433,935
3129,935
935,3981
936,3017
4243,936
1346,937
937,1347
937,1349
4132,935
4231,935
2406,938
935,4239
934,3968
2406,939
3734,3736,3735,4358,3823,3737,3704
941,942
940,1648,1808,1605
944,3123,1463
946
901,2170,2184
569,972,947,1489
569,972,1489,948
569,972,1489,949
569,972,1489,950
951
951,2871
953,954
955
957,963
952,967,968
3569,956
952,814
2179,900
2179,2169
964,958
960
961,1924
961,2043
959,965
966,961
968,88
968,198
968,979
969,715
969,955
969,2396
968,1967
968,3087
968,3142
968,3179
970,1255
970,2969
968,3567
968,3580
968,4302
971,693
972
979,996,986
4436,3743,3715,4447
4436,3760,3647,4401,3691
1004,983
866,976
2030,982
3255,980
995,976
979,2397
977,989
978,989
979,2274
3295,929,2189,1136,985,1246
2564,3344,1490,976
979,270
929,990
2034,982
2526,3232
980,3250
800,992
481,991
3773,994
929,981
995,2564,3344,1490
997,987
1007,1008
999
1000
976
1488,1001
1004,1001,3148
1966,1002
2405,1003
1967,1002
1004
979,3928
979,1133
1004,989
4251,3017,1010
1004,998
1524,1002
1004,1946
1004,1947
1011
1012,1013
1015
1518,3097,783,3393
1196
1025
3638,1025
1027
1028
1029
1030
1031
1033
1036
1031,1034
1035,482
1037,1033
1035,486
1037
1038
1039
1042,2727,3036,706
1043
1044
1047
2607,2248,2315,799,2759
1048,1047
1050
621,452,435,3525,1413,1516
1051,1050
1053
621,452,435,3525,1413
1054,1053
1056
2248,2315,924,2630,804,146,1943,1266,3133,850,838,16,54,930
1057,1056
1064
1060,1068,1074,1065
1487,1731,1083
1069
1078
1077,1066
1079
1487,1081,1080
1059,1060,1068,1070,1065
1082
1487,1084,1083
1059,1067,1076,1073,1075,1065,1072,1071,1062,1383
1082,1670
999,1000,3284,3775,3676,1477
3676,2540,1474
1085,1088
1086,1089
1087
1059,1060,1068,1074,1070
1093,1090
1091,1094
1092
1059,1067,1076,1073,1075,1065,1072,1063,1071,1062,1061,1383
1095
1487,1097,1096
1059,1067,1076,1075,1063,1062
1098
1487,1100,1099
1059,1067,1076,1075,1065,1072,1063,1071,1062,1061,1383
1101
1487,1103,1102
1059,1067,1076,1073,1064,1075,1065,1063,1071,1062,1061,1383
1487,1708,1064,1101
1104
3101,1105
1060,1068,1070,1075,1071
1487,1105,1106
1109
4424,1109
1110
1111
1112,1114,1115
1116
1117
1118
1119
1120
1121
1128,1126
1129,1127
4451,3801,420,1162,1734,1735,1752
1130
1131
3937,3111,1131
1134,1654
1136
1137
1137,839
1138
1138,1139,1140
1139
1141
1142
1118,1142
1144
1805,2979,176,519,1916,199
1144,1145
1147
1425,176,1916
1148,1147
1150,1152
1151,1375
1153
1154
1155
1157
1182,1157
1159
1161
1163
1164
1166
2878,1169,1173
1171
1172
1178
1040
1638,1632,1627
615,1156
1183
1176,1172,1175,1173
1185,3564
24
1205,340
1205,431
1380,1187
1252,1187,2738
1188,2738
1188,3107
1252,1216,2737
1214,2737
1252,1284
1380,1284
1190,356
1190,3107
1190,4287
1252,1287,2745
1219,2745
1252,1282
356,1191
1380,1282
1192,356
1188,4287
1380,1216
1220,1222
249,3609
1222,1197
1380,1217
2273,1198
2273,1199
1219,2645
1201
1521,1522
1380,1280
1204,1208
1205,1209
223,1206
2453,1207
1380,1281
1252,1187
356,1188
1285,1283
1214,1365
1214,1367
1380,1216
1252,1216
1214,2405
1214,3372
1252,1287
1380,1287
356,1219
1252,1216
1225,1221
1223,575
1222,2305
1224,575
570,1224
1222,2407
1222,2435
222,1209
1227
1228
1356,1228
1229
1230,1233
1229,1231
1229,1234
2468,2490
1237
1241,1238,1242
1239,1237
1243
1244
1245
1246
1247
1248
1248,753
1250,413
1252
1253
1254
1255
1256
1380,1258
1259
1259,1261
1261
1262
1263
1264
1263,1264
1267
1268
1273,1268
1267,1270,1272
1267,2222
1267,3154
1270
1271
1273,1271
1270,3154
1272,3154
1273
3154,1269
1189,1275,1200
1189,1276,1200
1277
1277,1247
1279
1380,1285
1286,2339
1288
1289,1291
1292
3728,4405
3796,3664,4459,3769,3774,3895
3707,3681,3604,3762
1296
1296,1290
1292,1290
1293,1292
1294,1292
1295,1292
614,1300
1302
1303
1304
440,1304
1816,1527
112,3233
3576,135,446,443,3184,3188,3186,2266,262,505,503,879,2217,1701,2138,1418,2647,1416,2649,633,112,1478,1506,1299,2253,2565,3233,2556,2275,1047,1056,753,1790,1144,749,1316,2278,1781,2288,2293,1779,2276,1775,2539,488,1335,1050,1893,1053,1330,3365,2531,2143,4336,3445,1369,1313,1262,1865,2087,2089
751,1276,266,1860,1950,127,125,121,841,1481,1511,3401,1768,3381,1157,2552,2568,2559,2278,104,618,468,1277,1261,2989,359,1264,680,168,3516,94,2572,1330,1304,2143,2916,2918,784
1306
1004,1306
1004,1306,1527
1306,1528
1004,1308
1309
1311
1313
1738,1313
1315
1315,1555
1316
1801,1316
3427,1316
1319
1320
53,1320
2015,1319
1323
19,1323
1325
1733,1325
1326
1326,2535
1328
1328,2535
1330
3602,1330
1335
436,755
1336,1335
1338
1339,1340
1343
1343,1621
3387,1345
1345
3074,1345
1346,3933
1346,4234
1346,4242
1346,4291
3470,1345
3942,1345
1348,4291
1227,1345
1350,1353
1350,2420
2401,1350
1346,1398
1346,3965
1346,4277
1346,4278
1344,3074
1348,4234
4130,1345
1358
1359
1360
979,2233,1360
2034,2166,3597,1361
1362
1362,3861
979,673,929,1359
1364
1365
1367,1365,130,1368
1365,473
1367
1371,1369
1739,1370
1374,1375
1375
269,1375
1380
1381
1382
1383
505,1245
23
1386
1387
1388
1389
3975,1354
1394
1395
1396
1397
1399
1400
1401
1402
1402,909
1403,1311
1403,4293
1787,2580,1404,1771
1787,1404,1771,4281
1405
1741,1405
1407
45,2019
1408,1407
1410
46,2019
1411,1410
1414
1415
1416
1416,1414
1418
1418,1415
1421
1426
1427
1428
1427,3289
1429
1430
1432,1434,1436
1437,1435,1433
1432
1433
1434
1435
1436
1437
1444,1443
1438,1880
1439
371,1445
1446
648,1447
1448
945,1449
1462,1922
1462
1227,1462
1450,1451
1227,1462,1345
1346,1462
1453
1454
2578,1462
1462,2697
2699,3074,1462
3019,1462
3127,1462
1462,3337
1462,3339
1967,1456
1967,1457
1462,4270
1346,1458
4286,1462
1967,1459
1455,1452
686,1460
1461,7
210,1461,1256
1461,2704
2415,1460
2587,1460
1442
1440
1441
1464
1465,2544,423
1467
1468
1467,931
2581,1469
1471
1474
1477
1478
3755,4443,4362,4456,3636,4400,3772,3904,3753,4498,3805,3694,3683,4397,4441,3890,4413,3637,3635,3802,3716,4372,3682,3820,3711,3722,3625,3646,4458,3891,3701,4457,3746,3702,3791,4444,3689,3680,3733,3776,3653,3719,3629
1479,1478
1533,1478
1481
647,4403,3902,3745
1481,1482
1533,1481
1484
1533,1484
4372,1484
1485
1533,1485
1487
1495
1494,1493
1019,1488
1493
249,1492,2564,1110,2397
1491,1489
1493
1495
1496
4360,4442,3636,4400,3904,4498,3694,3635,3662,3729,3665,4499,3631,3896,4492,3668,3751,4494,4411,4433,3759,3800,3750
4369,4368,4500,3821,3755,4373,3790,4443,4496,4410,4420,3781,3772,3683
52,1496
1498,1496
1497,1496
1499,1502,1503,1504,1513
52,1500
1505,1509,1508
52,1506
1514,1510,1515
52,1511
2625
1222,1212
1222,1210
1215,1222
1189,1222
1222,1218
43
629
811,1531
1310,1531
1531,1309
2991,1531
3024
1532,424
603,1532,2541
1243,1532,2541
1464,1532
1533
1534
1421,1423,1424
1537
3047,3046
1538,3060
1538,3916
1540
3602,1541
788,1542
1543,1549
1544,1550
4035,929,1807,1545
1551,1546
1552,1547
625,2009,1548,915
1553
1556,1557
3384,1554
1569,1563
1566,1564
4251,1564
1565,3017
3933,1565
1565,1603
1565,1604
1565,1605
1565,3997
1567,1568
1570
1570,1843
1571
2546,1571
1572
646,1288
1575
1854,3914,1575
4144,3914,1575
1576
1577
1600,3353,1598,1578
3407,4296
1579
1589
1590
1537,755,1591
1014,887
1597,1596,1595
1594
1937,1598
1601
1605,1601
1606,1601
1605
1602,1621
1607
1610
1611
1613
1537,1614
2056,2055
50,42
1586,1587
1617,1618
1617,3963
1621,3017
1621,4291
3963,3786
1632,4291
4218,1608
1608,1612
1623,782
1624,1181
1632,3017
3747,1122,3524
1622,4295
3386,1631
1609,1612
1959,755
1639
2093,1639
1639,2111
2112,1639
2118,1639
1644
2093,1644
2104,1644
2112,1644
1648
2997,1648
1649
1650
1650,1845
1650,2548
1651
1652
1657
1660
1662
2848,1661
3447
1664
1666
1670
1487,1670
1671
1671,4154,4049
1672
1674
1676
1677
1678
1681,1682,1680,1678
1683
1684
979,2233,1684
2239,1685
979,1683,1686
979,2233,1685
1687
1688
1689
1690
1749,3565
1693
1698
1699
1699,3886
1700
1701
1701,1700
1703
4409,1703
4415,1703
4415,1703
4462,1704
4464,1703
1705
1706
1707
1708
2239,1715
1712,1717
1711,1716
1719
1720
1721
1722
3861,1722
1724
1784,812,1723
1725,1856
1727
1729,1709
567,1821,2698,2486,2449,3579,2470,864,1580,604,3002,3031,606,653,3032,1695,2729,1694,1855,3003,138,605,3192,2299,973,654,3601,2700,1697,2041,2042,1696,652,2220,655,3088,381,498,1718,774,1958,2242,2930,434,2880
1730,808,575
1730,4051,575
1732,1069
1733
1736
1737
1738
1739
1740
1741
1742
1743
1744
1745
1746
1635,1634,1626,1633,1636,1637
1635,1634,1633,1636,1637
1750,1751
1749,4002
1756
1757
1760,1757
1761,1757
4000,1757
3005,1758
3005,1602,1758
4234,3005,1758
2587,1758
1758,3070
1758,3127
1758,3129
4296,1758
1758,4309
1758,4132
1648,1759
1765,1763,1764
3766,1768
1768
1769
1769
1770
1771
1772
3136,3144,1902
3965,3007
1773
1780,1774,1778,1777
1773,1775
1779
1781
1782
1783
1785
1787
1788
1789,1792
1788,1790
1797,1793
1796,1795,1794
1793,3263
1793,3263,1747
1798
1798,3263
1798,1793
1180,1799
1800,1803,1802
2870,3014,2722
1804,2260
1807
1809,72,73,74
631,2092,607,1160,1363
415,1812
2169,2180,2182,900
113,3234
1202,1813
1203,1813
1393,1406,3153,1412,1409,3226,1324,551,542,540,547,553,557,711,730,740,727,733,1307,736,2270,188,447,2231,3167,2228,458,2226,1240,137,639,118,847,1486,1501,2562,1317,1146,2262,2554,2282,2284,2286,2291,102,2975,1776,1953,665,1232,490,1143,738,1149,3195,3198,454,2922,2925,1322,1327,1329,555,1321,509,527,1866,2264,2088,2090
1814,1523
1814,1524
1249,1392,3577,447,444,3185,3187,3189,2267,264,504,880,2218,1702,2650,1417,1419,2139,3392,3403,113,635,1480,1507,1298,2557,3234,2567,1049,1058,754,1791,1146,2279,2289,2294,2292,2287,2277,2295,1318,1776,2298,1951,1337,490,1055,1052,1894,3364,1331,2144,2532,4337,3446,1384,1314,352,1866,2088,752,1297,2090
1525,1815
1526,1815
1249,1275,1907,2462,124,842,1483,1512,3402,1158,1766,3382,2569,267,2560,2555,2279,105,469,360,2990,1278,95,682,169,3517,1265,619,1260,2574,1331,2144,2917,1305,2920,784,126,128
1528,1816
118,1530
110,3385
52,1739,249,108,1394,279,110,1533,2393,2390,3385,1048,1057,1801,1788,3427,1773,2297,2627,1336,1054,1051,3602,755,1738,3619,445,1248,3574,134,442,3180,3181,3182,2265,258,501,882,2214,1700,2648,2136,1415,1414,351,1892,1145,3357,2528,2142,3443,1245,1290,2456,2084,2085
52,249,790,110,1533,2378,2394,2390,2389,440,3602,354,1248,1182,3766,3395,3815,258,1906,2461,1263,617,466,2988,97,1259,1540,89,675,3514,1247,2573,2142,2938,2919,3394
2251,2250,2252,2763
1822
2548,1822
1824
1827,1826,1828
1954,1829
1832,1834,1833
4063,1831
1835
1836
1854,1838,1841
1837
1839
1840
1838,1841,1848
1842
1843
4006,1846
1844
1845
1842,1844
536,1844
1844,565
1847
1849
1850,1851
1852
1853
1927,1853
1837,1840
1857
1860
1867,1864
1865,2456
1868
147,1868
149,1868
2104,1868
1871
1872
2548,1873
2548,1872
1874
1875,1876
1877
1878
1879
1880
1783,1880
1880,3459
1884,1885,1887
1885,1887
1889
1890
1961,4191
1892
1893
1893,1892
1896
1897,1898
1900
1901
463,464
1903,1904
2460,2463,2466
1906,1950
1911,1912
1909,3943
1910,1915
1909,1915
1913,1914
1918
2762,3812
1922
1923
1924
1925
1926
2856,1926,988
2857,1926
2857,1926,988
1927
1928
2237,1929
1931,1678
979,1472,1929
929,1930
979,2238,1929
1928,2234
979,780,1928,1135
1928,2235
979,1928,929,2034,1472
979,1928,2233
1932
1927,1934
1933,148
1934
1935
1936
1939
1940
1941
1941,473
1945
1949
4351,1948
1967,2405,3148,1010
1861,1863,1862,1859
2627,2253
1919,1920
1896,1952
1954
1957
1956,1730
1960
234,1019,286
1019,3532
234,1019
2485,2487,2488
1963
1963
1965
1966
1967
1971
1996,1997,1998,1999,2000,2001,2002,2003,2004
1973,1974
1974
630
1983
1985
2878,1985,3467
2878,1985,4346
1784,1167,1983
1994,3599
1784,4472,1983
1784,4472,3599,1983
1985,1172
2928,1985,3467
1969,1820,2374
2007,2009
2009
2010
2010,914
2011
2012
2013
2014
2015
2016
2018
2512,2018
2020,2021,2023
2024,2026
2030
2030,65
2033
2034
2034
2038,2036
2037,3230,1338,1424
2037,3230,1420
2043
2044
1226,451
2045
2046
2047
2048
2049
2049,2077
3570,2050
2051
3353,2055,2068
2052
2053
761,4068
2054,2731
1599,3816
3586,2064
1824,61,3816
3816,1613
2058,3354
3353,2061
3353,3816,4010
3106,2059
1573,2060
3353,2615,3106,3816,4010
2060,2518
4011,3106,3816,1668
1937,3816,4010
2062
2063
2073,3816
1824,3816
3817,2065,2506
2849,3816
2065
2066
2067
2068
2069
2065,2910
2070,1772
2908,2071
2073
2074
2074,851
1467,2074
2074,2018
2074,2726,3067
2076
2077
2077,3183
2078
2078,3183
2078,4097
2080
2081
2081,3883
2084
2085
2086,2089
2087,2085
2089
2084,2089
2091
2104,2118,2112,2093
2098,29
2075,673,1825,2327,929
2094,597
2094,1428
2094,1430
2094,1431
2094,1928
2094,2114
2096
2096,2120
2097
2097,2121
2097,3846
2097,3874
3879,2097
2099
2094,2105,2119
2100,2455
2094,2113
2093,1183
2093,817
2093,818
2093,851
2102,241
2093,2221,1607
2109,28
2076,1825,2726
1043,2105
2105,1428
2105,1430
4035,2105,1382,929
818,2108,3447
2106
2107
3874,2107
2110
2104,1184
2116,22
2077,1825,2726
2113,816
1428,2113
2113,1437
2113,2325
2113,2546
2113,3566
1428,2113,4306
2114
2115
3832,2115
3852,2115
2117
2122,20
2078,1825,2726
2119,1117
2120
2121
3837,2121
3868,2121
2123
2124,745,2130,2131
2125,2663
4166,4151,3749,3954
2126,2663
2126,2674
2127,2967
2020,745,2128,2022
2129,2663
2136
2137,2140
2138,2136
2141
1749,2141
2142
2143
2143,2142
2600,2498,2147
2154,2160
2158,2153,69
2158,2153,71
2158,2153,173
2158,2153,190
2158,192,2153
2158,2153,194
2158,2153,196
2158,198,2153
2158,2153,231
2158,2153,609
2158,2153,885
2158,2153,1028
2158,2153,1940
2158,2153,2450
2152,2926
62,2152,2926
2155
2156
2158,2153,2156
2157
3882,2157
34,33,31,32
2160
2161,779
2548,2162
2163
2165
2166
2175,2167
2168,951
2621,3447
2621,1358
2621,2871
2174,2414
2178,2177
1235,2176
2224,890
2182,2181,2183
1346,2622
2415,2623
2189
2158,1039,2189,2153
2158,2189,2986,2153
2158,2189,3109,2153
2158,2189,2329,2159
2190
3509,2190
2191
3507,2191
2193
2194
2208,2195
2208,2196
2209,2195
1966,2198
3952,2197
2195,3953
1967,2198
2199,10
2415,2198
2440,2198
3020,2198
3944,2198
2198,13
1346,2200
2201
2208,2202
2208,2203
3952,2204
2206
2206,2208
2208
2209
2210
2211
2046,2211
2212
2213
2214
2215
2216,2219
2214,2217
2221
2221,1607
3154,4487,2222
2151,2499,2149,2150
2225,2148
2133,2132,2145,2146
2227,2229
2134,2135
2005
2296,2230
2256,2459
2354,2356
2719,2721,1422,1858,8,1917,1955
1534,1473,1535,280
2245
2246
2253
2256
2257
2258,975
2260
2261
51,2261
2263
36,2263
2265
2266
2266,2265
2465,2464,2382,865,2383,2386,2385,2384
2465,2464,2377
2271,2268
2254,2255,2257
2269,2257
2272,1194
2272,1195
2272,1519
2627,1818
2275
2276
1773,2276
2278
249,2278
2280
4448,4449,3693,2653,3671
108,2280
2281,2280
2283
108,2283
2285
3428,2285
108,2275
2288
250,2288
2290
3441,2290
1773,1781
2293
3427,2293
1773,1779
2296
2297
2297,2539
2300
2301
2301
2301,2306,2309
2307,2302,2310
576,2303
2301,226
2302,2053
2306
2306
2309
2309
2316
2317
2318
3783,2318
3923,2319,3924
3984,2321
4377,2321
3060,2322
2323
2324
2325
2326
1673
2328
2329
1168,1175
1978,1975
1165,1588
762,763,764
2332
3784,3731,3888,3630,3685,3780
2333,2332
2334
2335
3780,3699,4412,4367,4359,3633
2336,2335
2337
2343,2341,2340
2342
862,2342
2359,2365
2344,1018
2361,2360
363,343
364,2348
3621,437
2346,2354,2350,2356,2349
4395,4393,4394,2354,2356
2352,343
2613,343
2357,686
389,2358,2704
1346,2357
2357,1358
2357,1966
1967,2613,343
2357,2404
2357,2440
2587,2357
2357,2025
3944,2357
2357,3125
4463,2351
4465,2369
2368
2370,2368
3905,2368
2401,141,2374
2374
2402,2374
2401,2374
2375,2520
2375,4194
2375,4338
4323,2376
4324,2376
2378
2379
2380
2381
2387
2388
2389
2390
2393
2394
2395
2396
2399
2400
2401
2402
2409,2408
2410,2414
2416,2417,2415,2419
2418,2403
1356,2405,4232
3989,2415
2405,3965
2411
2412
2413
2414
2414,2420
2420
2421
2021,2023,2421,4086
2021,2023,2421,3954
2401,1222,340
2401,1222,431
2401,2764
2401,3471
2422
2509,2510,2511
3666,2425
2423,2424
3666,2426
2515,2516
2513,2514,2515,2520
2429,2427
2431
2434,1214
2440,2441
2436,2437,2439,2438
2436,2437,2438
794,1537,2432
2402,2432
2440
2446
2447
2158,2447,2153
2451
2450
2453
2454
2455
2456
2457
2458
2459
2461
1860,2461
2467
2476,2477,2473
2492,2472
2471,4024
3105,2471
2471,4297
2476,2477
2476,2477,2493
4142,1553,2475
1179,3602,2494
4023,2471
1345,2474
3105,2471
1817,2479
2480,2548
2483
2484
2489
1179,3602,2494,473
2500
2502
2503
2504
2505
2506
2506,1536
2507
2550,2507
2508
2509
2512
2513
2518
2520
2521
3667,2521
2524,2523
2525
2525,2522
2526
2527,2529
2533,2530
2531,2528
2534
2536,2537
2539
2540
2541
2542
1273,2542
2541
2543,3055
3060,2541
2545
2546
2547
2548
2549
3864,2549
2547,3930
2547,3369
2547,4285
2551
2552
2553
2389,2553
2389,2552
2556
2390,2556
2563,2558
2390,2559
2561
2390,2561
2564
2565
3794,4435,3793,3654,3754
2393,2565
2566,2565
2568
2394,2568
2576,2571
2577,2570,2575
2572,2573
2578
2579
2580
2581
2381,931,2164,2581
2582
2582,1868
149,2582
2582,147
2586
2587
2588
2589
2590
4156,2590
2591
2591,3965
2592
4142,2592
2592,4146
2593
2594
1703,2594
2595
2595,1966
2597,2598
2599
2601
492,2602
3148,1009
2603
2604
2604,1810
2543,1531
2616,343
2617,2348
3621,2618
1954,4317
4204,4200
3939,3936,3938
2710,2611
2469,797
2589,2619
905
2620,2589
2173
2623,2624
2188
2627
2628
1655,1665,1669,1659,1658,1656,1661
2631
2632
2633
2633,1662,2632
2633,1662
2634
2635
2636,2637,2638,2639
2636
2637
2638
2639
3261
2641
484,483
1196,2387
2643,1889
2509,2510,2511
794,2513
2645
2515,2516,2517,2519
794,2646
1022,1021,1023,1024
2648
2649
2648,2649
2654
2405,2442,2443,3528,2307,581,2321,2313,2312,2311,384,2302,2126,491,2429,2427,1597,1596,1595,1119,2125,2129,2310,649,650,746,1691,2079
1727
576,1595
1956,655,2660
1019,2661
576,1593
1252,1257
2662,218
1380,1257
472,2661
2301,576
2820,2663,2674
2405,2665
1119,2663
2643,2666
2658,2663
2663,2659
2669
2670
2126
2405,2443,2311,2302,1595,1691
1252,2668
1380,2668
2672,2674
2674,2669
2674,2670
2671,2674
2676
2307,2126,2125,2129,3530,3529
2678
1252,2675
2676,2679
1380,2675
2677,2680
2678,2680
1380,2657
1806,3191,3190
4077
2688,2685
2689,2686
2695,2733,2734,2735
2691,2693
2692,2694
2695
2697
2699
1252,2703
1380,2703
1380,2703,427
2701,4100
1854,1830,2702
1854,3914,2702
4144,3914,2702
2704
2707,2706,2708
3607,2705
2710,3159,2711,2712,2715,2716,2713,3099,2714,792
2710
3089,4324,2710
2720
869,3247,2724
2726
2726,2037,3230,1420,3067
2726,3067
4083,433
2730
2732
2744,2748,2753,2750,2736,2756,2743,2739,2755,2747
2752,2748,2749,2747
2753,2750,2746
2744,2742,2754,2752,2748,2753,2736,2751,2746,2749,2747
2744,2742,2754,2752,2758,2748,2753,2750,2757,2736,2751,2756,2746,2743,2739,2741,2740,2755,2747
2744,2750,2746
1252,2760
1380,2760
2764
218,2777
1727
2442,2873,791,2875,2430,2429,2427,1595,805,810,2906,2844,2842,649,650,3038,175,3135
2776,2906
1380,2767
649,2768
650,2768
814,2770
1693,2502,2769
2428,2768
2375,2771
1380,2772
2773,1727
2774,1728
1380,2775
1252,2764
217,2777
2065,2778
3817,2779
2072,2778
1380,2764
805,2780
2643,1015,2781
1380,1954,2764
2782,336
2780,2765
2842,2780
2843,2780
2783,2877
2874,2780
2906,2780
1770,2906,2780
2784,3229
2766,2780
221
2873,791,2875,2430,2429,2427,2906,649,650
805,810,2844
1252,2785
2789,2786
1380,2785
806,2790
2790,2788
2844,2790
2790,2787
2791
2873,2338,2875,707
1380,2791
2792,2793
2794
1908,707
1380,2794
2795,2796
2797
537,1463,3513,2655,2656,2448,1515,707,1786
108,2797
249,2797
2799,2798
2873,791,2875,2430,2429,2427,1595,1120,805,2906,649,650
2802
1252,2800
217,2803
1380,2800
1120,2804
1121,2804
2643,2805
2801,2804
2804,2802
1108,3536
809,174
2312,1470
2453,2452,2313,805
1252,2806
1380,2806
809,2811
3108,2812
2811,2807
2808,2811
2809,2811
2810,2811
805,807,1032,385,386
1252,2813
1380,2813
2815,2814
2819,219
1727
835,836,834,2442,833,1835,1596,2444
1252,2816
1380,2816
2820,2817
2820,2818
2821
1754,3594,691,2307,2313,2312,2311,2302
1380,2821
219,2823
2822,2823
2302,1121,2310,3540
1252,2824
1380,2824
2826,2825
214,2302,1595,585,3373,586
1252,2827
1380,2827
2829,1301
2829,2828
3355,3356,1942
1252,2830
1380,2830
2832,2831
3355,3356,1942,1882,1881
1252,2833
1380,2833
2834,2835
213,212,2026,2321,2311,2302,2579,1345,2420,1616
1252,2836
1380,2836
2837,2838
2307,2313,2302
1252,2839
1380,2839
2841,2840
2844,2842
2844
2845
3320,748
2846
3317,3316,3332
2849
1252,2850
2858
1154,1155,2445,216,1358,2452,3134,3143,3421
1380,2858
2860,2859
2861
1154,1155,216,2454,1123,3421,3319,2501,1675
1380,2861
2862,2863
2864
2445,216,2873,3421,3319,1675
1380,2864
2865,2866
2867
2868
2869
2871
2873,2875
2876,2874
4408,3899
2877
2878
2882
2886
2887
2888
2890
2891
2893,2892
2891,915
625,2009,2891,915
2896,2895
2899,2898
2901,2903,2902,2904
1762,2900
2905,3599
1762,2900,4484
2906
1823,2249,2907
2909
2911
493,2911
979,2912
270,2913
1302,2913
2913,1677
2120,2911
2914,3242
2915
2916
2916,2938
2918
2937,1619
2918,2919
2921
2939,2921
2923
2939,1620
2923,2924
2478,2926
3638,2927
2927,1026
2928
1982,1975,1985,1983
2928,2929
2894,2897
1742,1745,1746,1743,1744
2932,2931
3037,2933
1252,2703
1380,2703
344,2935
344,2935,426
344,2935,4009
2402,180,2701
4324,2695
2939,2937
2853,2854
27,657
1252,2775
3334,2940
2869,2941
2942
2883,2884,2885
2952,2956,2950
2952,2956,2950
2953
473,2953
2342,2954
229,2955
2957,2958,2959
2951,2952,2956,2953,2950
1380,2960
2959,2960,2962
2690,2961
2945,2948,2949,2944,2943
2963,2964,2965,2947,2946
58,755,2966
2968
2969
4022,425
2970
2970,2976
2971
4423,3748,3911
2970,2971
2972,2971
2977,2976,2973,2978
2970,2974
2976
2981
2548,2982
2981,2548
2984
2985
2986
2987
2988
2989
2988,2989
2991
2993,803,3160,3474
2993
2994
4154,4049,2994
2995
2996
3971,3170
3965,3170
2999
3005
3007
3008
2024,2029,1345
3010
3011
3015
3022,3023,3017
3018,3019,3017
3019
3021,3019
3986,3017
3988,3017
3022
2587,2997
3025
1577,283
3025,2505,282
3026
3028,3027
3030,3029
3033
3033,3035
3037
3045,3039,3051
3041
3043,3041
350,1137,3919
3042,2457
3063,3041
3043
3043,3149
3044
3047
3048
3047,2044
3047,2867
3047,2996
3047,3061
3047,3062
3579,3050
3047,3063
3052
3055
3055
241,3056,1698
694,3056
3057
3059,3057
3063,3062
3063,3062,2044
3062
3063
3066,3064
2548,3065
3067
3068
3069
3069,3965
3070
3071
3072
3072,3965
3074
3075
1784,3075
3080,3077,3076
3085
3086
3087
3089
3090
3091
3093
3093,3094
2727,3095,707
3100
3098,2052
3098,4476
3102,3100
3103,3105
425,3105
3106
3107
3108
3109
3110
3111
1889,3111
3112,1611
3112,2984
3113
3113,2667
3084,3082,3078,3080,3077,3079,3114,3083
3124
3130,3128,3127,3126,3131
3127
3130,3128
3130,3128,3127,3126
3136
3138
3137,2983
3140
3139,2983
3141
3142
3145,3146
3147
3148
3149
3151
3152
3151,3152
3154
3638,3155
2705,3157
3155
3156
3638,3156
3158
3164,1938,3165
3168,3169
3118,3116,3119,3120,3117
3166,670
1754,1166,3108,1808,3582
3172,1944,1186,789,2980,246,1385,4426
3175,1836,3178
3177,2036
3180
3181
3182
3183
3184
3180,3184
3186
3181,3186
3188
3188,3182
3193,3199
1739,3194
3196,3199
3173,3197
3202,3217,3224,3215,3210,3213,3211,3218,3200,3222,3212,3219,3204,3216,3221,3203,3220,3223,3207,3214,3201,3206,3205,3208,3209
441,3225
3320,3227
3229
3231
3254,3231,993
3233
3385,3233
3241,1755
3235,698
695,3235,432,181,698
272,3236
3235,394,2596,698
1719,245,2720,3235,394,2596,698,1879
674,3236
588,1756,3236
1674,3378,2915,3236
3245,3052,3236
3236,3081
3235,3300
3237
3238,285
3238,2233
3239,698
1928,3240
3241
696,3243
3245
3246
911,3246
3248
3249
1136,3249,1246
3249,3252
3253,3250
3251
3252
1136,3252,1246
979,929,3253
1377,1378,1379
3259,3260
3271,1748
3255
3256
3266,387,3047
3266,3047
3047,3267
863,3260
863,3273,3276
3262,3447
3265,3423
863,4222,3276
3266,3049
3262,3447
3262,3596,1236
3266,3147
863,4222,3276,3596
863,4222,3276,3042,3596
863,4222,3276,3918,3596
3269,3270
3263,3271,3268
3272,1109
3275
494,3275
3278,3279
3368,3280
3368,3280
3283,3285
3286
3287
3288
3291,3293,3298,3297
3294,3292,3296,3299
1421,3292
3295
133,3289
3290,3578
3301
3302
3303
3304
3306
3307
3308
3309
4429,3312
3305,3327
3311,802
3311,2193
1288,3313
3058,3314
3311,411,3350,3345,1667
3315,3228
3317,411
2845,3311,3350,3345
3315,1804
3176,3315
3323,3325
3321,3324
3326
383,3327
3328
3322,3328
3329
1031,3330
3331,482
3331,486
646,3318
2845,3311,3347,3350,3345
3335,3333
3337
3338,1610
3340
1883,3341
3341,2548
3342
3343
911,3343
2482
3345
3346,486
3346,612,486
485,611,3352
3351,1031
3346,485,611
3347
3348
3349
3350
2845,3350,3345
2847,1031,3350,3345
3353
3353
3358,3360,3363,3362,3359,3361
3357,3365
3365
3366
3367
911,3367
3369
3370
3371,1671,225
3376,3377,3374
3378
4125,3379
3380,3379
4037,3379
3380
3381
3381,3396
3384
3385
3301,2936
2578,3388
1638,3386,1627,1629
1638,1630,3386,1627
1638,3386,1627,1631
3961,3388
4286,3388
1638,3386,1627,1628
3388,3158
3388,4246
3619,2647
3395,3394
2320,616,224,1020,2780
3264,3397
3266,3400
3398,3062
3399,3447
3397,3274
3174
2378,3401
1045,627,1046,3244
3406,3965
3422,3438
3427
3428
3429
3430
3431
3432
3433
2037,2153,3433
2158,2153,3433
2158,2030,2153,3433
2158,2037,2153,3433
3434
3435
3154,3435
3436
3437
3439
3440
3441
3444,3442
3445
3445,3443
3420,3419,3417,3412,3416,3414,3408,2881,3411,3409,3410,3415,3418,3413
3448,3449
3447,4297
292,3447
304,3447
319,3447
330,3447
227,3447,575
819,3447
2095,3447
820,3447
3457,3453,3451,3455
3456,3452,3458,3454
851,3447,1607
569,972,947,1489,3447
569,972,947,1489,3447
951,3447
3569,956,3447
962,3447
3570,3460
2103,3447
3461,2221,1607
3447,2871
4220,3462
3334,2869,3463
3034,3447
3041,3447
3043,3447
3464
3440,3464
3047,3447
4003,3447
4138,3447
494,3447,4297
1663,1613
3106,1663,1613
4080,3447
257,256
255,3466
3467
3467,2987
1171,3468
3469
3470
3472,3470,3473
697,3475,439,700
3502,1107,3500,3476,2391
2392,3505,3503,3477,3501
3476
3962,3487
2025,3478
1166,3479
4053,3479
2307,3480
4290,3479
3478,2404
2440,3478
3478,3008
3108,3481
3478,3015
3944,3478
3478,4342
3652,4357,4402,3623,3661
3505,3503,3477
2392,3477,3501
3486
3483,3487
3508,3487
1634,3478
2579,3488
2579,3488
2308,3480
3480,3929
3932,3480
4288,3481
274,3489
3489,4312
3490,2404
3022,3478
2578,3482
3108,3491
3492,1493
3108,3493,1493
389,3494
2595,3494
4253,3494
3497,3495
685,3496
4267,3494
4286,3482
3108,3498
3108,3499,1493
3505,3503
3506
3485,3507
3508
3484,3509
3504,3510
3511
3512
911,3512
2732,3512
4034,244,929,3237,3512,4112
3514
3515,3518
3514,3516
3520,3519,3521
853,3523
1970,3526
429,75,2027,3533,747,2028
4227,4248,580
234,1196,3531
3534,1743,1744
1854,1830,3535,3613
4144,3914,3535,3613
3537
1984,1992,1985,1983
3537,3538
3542,3543,3544
3545
3545,4354
3522,3068,3545
1169,1171,1174,1172,1173
1376,491,1173,1983,4001
4414,1983
1173
3546,3554
1222,3553,1213
3553,1520
3554
1985,3552
856,1995
3984,1995
3688,3555
3556,3688
1985,1170
2331,2330
3673,3672,1784
3562,4375
3563,1376
4320,3673,3672,1376,4375
3673,3672,1376,4331,4375
3983,3561
1988,1977,1993,1982,1976,1984,1978,1986,1991,1979,1975,1992,1989,1981,1990,1987,1980,1985,1983
2401,3528,384,2663
3565
3566
3567
1607,3568
3570
3571
3571,3287
3571,3288
3571,3919
3572,2996
3572,3048
3575,3573
3576
3576,3574
3578
3579
3579,4344,698,3590
494,4297
3580
3580,3288
3581
2112,3581
3583
3583
3585
3590
3590
4345,3590
3592
3595
3596
3597
3598,2872
3600
1666,3600
3602
3607
2401,2440,287
3944,287
2401,2440,298
3944,298
2401,2440,313
3944,313
2401,2440,324
3944,324
3610,3611,3612
794,2534,755,4350
3614
1854,1830,2684,4327
3724,3616
4421,3617
1854,2684,4327,3914
3725,3617
4144,2684,4327,3914
4422,3618
755,4445,4446
2404,339
2401,3944,339
347
2642
755,2644
771
3622,4493
1559,1562,1560,1561,1698
3638
3638,2705
3639
3640
3642
3817,2206
3649,2206
3666
3666,2424
3667
1168,1169
1991,1975,1990,1983
3675,2855,768
2247,1891,2879
178,44
4111,4098,4109,4077
3584,3710
4111,4098,4109
3712
4454
3725
921,922
4190,921
4355,1493,472
4177,3726
4355,491
3727,472
3727,1493,472
3740
2538,182,2040,2640
4437,4407,4488
3764
615,1767
1674,1673,929,651,2031
2723,1475,1476
3778
3779
4069,4056,4088
3584,3783
1585,1584
1586,1587
1625,4352
1811,3898,361,766,3390,275,671,3162,132
2371,3799,3603,2372
1921,1895,2889
2762,3809
346,143
3583,3810
346,4168
2761,3812
3808,2934
3811,3583
1274,375
3817,2065
2057
2959,2960,2962,2953
3825
3826,660
2549,3826
3826,3469
3827,3828
3830,3831
3833
3834,660
2549,3834
3834,3469
3835,3836
3838
660,3839
2549,3839
3469,3839
3840
660,3841
2549,3841
2551,3841
3842
3843,660
2549,3843
3843,2551
3843,3469
3844,3845
3848,3847
2549,3849
3851,3850
1905,3336,3853
2549,3854
1905,3336,3855
2549,3856
3857
2549,3858
3859
2549,3860
3864,3865
3863,3862
3867,3866
3870,3871
3872,3873
3875,3876
3877,3878
3881,3880
3807,3806
3884
2549,3885
3626
3813,3658
3905
1380,4070
2645,3912
1356,4232
3913
4064,4061,3915
4063,4065
4065,4007
4063,1840
4106,4103,4104
3044,3916
3033,3917
4097,4105
3925,3926,3927
3919,1652
3919,1879
3919,2323
3919,2483
3919,2725
3920,1928
3919,3034,2037
3921,2868
3085,3919
3922,602
3918,1918
3918,2457
3919,1421,3277
3044,4097
668,6
668,4081,3927
4062,4170
3930
3931
3931,565
4260,4262,4279
4262,4279
3934,913
3937
3941
3591,3941
3944
3945
3946
2173,905,2186
3960,1586
4415,3964
3972,166,165
163,3973
3974,2997
152,2470,4203,1375,4318,694
152,2470,4203,1375,1666,694
3387,4228
3980,3979,3978
473,3982
3985,4015,3984
3956
1857,3986
3986,1878
2781,3987
3986,2580
3991,3990
3991,3989
3990,3992
3994,3995,3996
2997,4249
3132,2997,4249
4131,2997,4249
4133,2997,4249
4154,4049,3998
4119,2513
3999,4002
4202
4162,4259,4149
4094,4093
4147,4148
4003
4003,1041
4004
2611,2609
2610,2612
4195,4193,4197,4199
4194,4198,4196,4201
4049,4048
1852,4006
4155,4006
4012
4012,1837
4012,4158
4040
4041,4040,4045
2021,2023,4086
4014,2375
2401,4013
4016
4019
4020
4021
4022
4025
4026
4177,4027,1493,473
409,4028
4029
4030,473
4031
4032
4033
4034
4034
4035,1877,3111,207
4038,4072
2588,4039
4041
4041,1111
4043
4044
4046
392,4343
4047
4049
4050
4055
4057
4057,2687
4058
4058,1886
4059
4060
21,4060
4063
4066
4052,4067
4008,4071
4073
4074
4075
1856,4076
3584,4077
1856,4078
3584,4079
4080
4081
152,2470,4203,1375,4318,694,4082
3976,4082
4085
4087
4089
4084,4090
3976,4091
4092
4095
4096
4097
4099
3976,4101
4156,4102
4107
4108
4110
4113,4205
4113
4114
697,439,700,4115
4116
2114,4116
4118
4120
4121
4121,1011
1899,4122
4123
4054,4124
4125
4126
4127
4296,2997
3919,3370
4133
4117
4132
4301,4303
4128,4135
4134,4128
4128,4137
4136,4128
4139,4140,4141
4162,4157
4142,4144
4143,2379
4163,4158
4063,4163
4145
4177
4138,2044
3063,4138
4178
4150,4152
4154
830,4154
4154,4042
4156
4158
4158
4159
3164,1938,2626
3164,1938,4160
473,4161
4163
4164
4165
4181,4167,4180
4169,473
1836,4171
4171
473,4172
473,4173
4174
473,4175
4177
2401,4179
4181
4190
4191
3976,4192
4195
4202
4205
4205,2548
2485,4206,2488
2485,2488,4207
4187,4186,4210,4188,4209,4212,4185,4208
4211,2509
4213
4219,4213
4213,202
4214,1713
1687,4215
4214,1714
4214,1715,2241
4214,1715,2240
4217,1678
4216,1678
2033,203,4213
568,4213
4220
4221,698
2401,4223
4224,2662
4224,2663
2303,4225
2401,4254
856,4123
3586,4123
2401,4226,384,2663
4233,4235
4234,2404
4234,1621
4236
4237
4238
691,1962,4240
4241
4243,4244,4245
2401,4247,384,2663
4250
2710,4250
4250,2780
1567,4252
4256,1963
4258
4158
4261
1252,4264
2477,2473,4266
4267
687,4267
4269
4272
4274
4275
142,4275
204,4275
215,4275
389,4275
600,4275
837,4275
4275,1688
2586,4275
2595,4275
3070,4275
3124,4275
4263,4275
3127,4276
4268,4275
4280,3986
3988,4280
4282
4283,1345
4285
4287
4289
4291
4292
4298
4299
4300
4301
4304
4305
1433,4306
561,4308
1468,4308
4307
4307
4309
4309
4310,3071
4311
2171,902,2185
534,4314
4032,3946
4316,3584
4366,2371,3799,3603,2372
3154,4319
3154,4321
3154,4322
1252,3818
1380,3818
4324,0
4324,428
4324,2404
4324,2709
4324,2710
3615,4326
4329,2380
4325,3709
4324,4469
4324,3584,1,3615
4324,3584,4085,1
4324,3584,1,4273
2683,4328
4324,3584,4111,1
3154,4330
4347
129,694,4332
4332,1014
3154,4333
3073,2065
3154,4335
1333,1334,1312,1332
1394,4336
110,4339
241,4340
110,1366,4339
3154,4341
4343
4344,698
129,4349
694,4348
4176
4351
4270
4353
1988,1982,1984,1986,1975,1989,1987,1985,1983
4363
4365
4372
4376,4377,4378
4375,2681
791,4375
2388,4379
4379,2782
2422,4375
4381
4385
4388
4392,4391,4390,4386,4387
4389,4334
2063
2345
2362,2360
2362
858,1558,3383
4409
3000,3001
1707
3627,4425
4419
3695,3655
4422
4424
3310,3327
4455
3700,3659,3679,2223,3624,3803,3732,276,247
3720,3887,3644
4356,3644,3698
3795,3814,4430,4404,3782,3900,4374,3669,3645,4434,3706
3795,3814,3901,4430,4404,3782,3900,4374,3645,4434,3706,4409
4475
3096,4467
3063,4468
2259,2992,4466
1426,4471
708,4470
2222,4473
4474
4477
4478
3060,4478
4481,4482,4483,4480
3578,4479
3154,4485
3154,4487
2728,3447
3547,3548,3549,3550,3551,3557,3558,3559,3560
690,3092
3822,3909,4364,3703,2192,57
4501,112
4440,4383,3721
4502,112
3713,3632,3770,3660,3692,3771
117,4503
3678,4399,3824,3894,3797,4431,3897,3606,3641,3798,3651,3741,3663,3792,4369,3684,4380
3717,3785,3634,3789,3605
122,4505
4495,3708,4384
121,4506
3889,4427,4491
4507,127