2435,2639
2917,2920
1723,2159,2161,2162,2163,2164,2165
7,1264
7,1798
8
2919,2921
12
13
109,435,436
413,1142
412,1143
14
109,436,1055,1603
15
2472
16,17
16,17
1475,2193,2194,2202,2253,2254,2291,2419,2447,2453,2460,2841,2856,2863,2909
18
1431,2609
1342,1430
936,1431
19
20
11,591,1616,1617,1618,1619,1620,1621,1622,1623,1624,1625,1626,1627,1628,1629,1630,1631,1632,1633,1634,1636,1637,1638,1639,1640,1641,1642,1643,1645,1646,1647,1648
21,2463
22
22,1425
25,26
24,2480
24,2483
27
27,204
29
29
30,960
30,191
31,251
32
32,1180
32,1335
33
33
34,350
34,993,1053,1460
34,1211,1460
35
36
39
40
43
44
45
45,2171
47
47,176
48,929
49
49,335,781,1963
50
51
1741,1742,1743
53
57,998
1221,1932,2757
60,61
59
62
62,1481
63
796,797
1730,2514
796,1730,2514
107,355,432,500,503,506,509,512,739,1066,1229,1390,1782,1855,1857,1861,1886,1889
106,354,431,499,502,505,508,511,738,1065,1228,1389,1781,1854,1858,1860,1885,1888
750,989
797,1480,2521
989,1545
1730,1733
1485,1494
2305,2361,2369
2306,2362,2370
65,358,786,2043
66,67,68,69,70,71,72,73,74,75
52,2111
77,78
80
82,83,85,86
87,88,89,175
84,2245
88
90,91
90,981
90,1653
90,1654
425,2129
93
94
95
41,42,97,98,99,100,101,102
109
110,112,755
111,2241
113
109,1444
114
1302,1591
119
120
122,123
851,1013,1171,1307,1668
49,1253,1258,1479
2582,2583
125,130,170,1549
127,2521
126,2263
127,1480,1504
126,749
126,2562
129,1492
128,801
630,912,2586
134,141
135,137,140,142,172,2672
131,132,133
136,749
136,1480,1504
136,2521
136,2562
139,1492
138,801
659,912,2587
668,912,2588
144,152,153,154,163
145,146,147,148,149,150,151,162
155,156,161,164
157,1480,1504
157,2521
155,156,161,164,2673
158,749
158,2562
160,1492
159,801
143,145,146,147,152,154
719,912,2561
2708
2176,2177
165,166
167,749
167,1480,1504
167,2521
167,2562
169,1492
168,801
2584
2585
171,2560
483,1154
176
48,930
177,1250
179
180
182
183
184
185
187
186
189
188,194,196,197,426,841,842,844,933,1007,1148,1167,1249,1543,1551,1813,1929,1934,1940,2128
190,198,2438
192,249,1292,1506,2098
95,303,2445
777,888,1512,1582,1933,2110,2111,2126,2440,2445,2857
2917,2920
2917,2920
198
199
200
201
202
203
204
205
205,1534
206
207
209
2270,2297,2818,2845,2910
242,2348
56,58,588,1064,1451,1753,1895
243,1118
244
244,2313
246
2173,2353,2849,2870,2929
193,248
250
105,212,1491,1495
9,10,831,928,984
261
1874
268,868
268,1875
269,868
1878
270
270,271
271
273
273,403
273,403
274
275
276
277
279,281
279
280
281
282
283
284
285
285,1431
285,1431
286
286,798
288,2171
290
292
294,396
297
298
299
300
301
88,301,2445
88,1421
303
295,306
303,1130
303,2445
84,113,310
303,2125
250,311
312,1740
316,2445
84,113,315
317
318
319
320
320,2160
321
322,781
322,824
323,1481,2133
323,1481,1727,2133,2140
323,1481,1727,2140,2691
325,380,381
327
327,328
328
291,329
331
332
333
332,334
900,1599,1608,1609,1867,2652
336
337
338
339
339,341
339,520
340
2292,2386,2866
342
349
349,952,953
349,953,2616
1728,1729
358
359
360
360,1704
365
2298,2487,2873
365,366
367
369
369,1403
370
370,868
371,869
372
372,1224,1453
373
373,978
374
375
376,458,496
379
381
382
2862
383,416
386,1579,1740,2166
393
393,395
395
399
2441,2807,2928
399,402
399,400
403
406,408
404,407
284,405
1290,1291
412
412,759
278
384,385
417
418
352,353
1012,1171,1307,1668
420
784
934,935
1030,1031
781,1564,2151
389,497,498,1579
422,1869
427
428
430
434
435
435,1264
440
449,453,1034,1038
450,454,1035,1039
451,455,1036,1040
448
448,1355
448,1357
448,1368
452
452,1355
452,1357
452,1368
457
459
459,495,1558,2445
1800,2652
1302,1591
1302,1409,1591
463,465
462
464
317,461,858
466
467
429,1508
469
1868
441,442,443,444
204,2072
478
478,1798
479
480
424,481
489
480,488
486
484,485
488
417,488
490
491
321,490,919
492
493
494
495
514
515
516,886,1766
1223,2338
518,519
4,5,1266,2425,2426
437,545,1436,1607,1721,2103
482,522
321,522,541,919
523,2179
523,2876
321,525,541,919
321,527,541,919
321,526,541,919
321,524,541,919
321,531,541,919
321,532,541,919
321,533,541,919
321,535,541,919
321,536,541,919
321,537,541,919
321,538,541,919
321,534,541,919
534,1151
521
321,521,541,919
321,539,541,919
321,540,541,919
541
342,549,550,551,2123
1233,1909,2116,2119
343,344,345,347,348
1302,1409,1591
564,565
888,979,1244,1254,1426,1512,1518,1582,1649,2110,2111,2126,2710,2857
567
865,867,925,2322,2326,2327,2330
865,867,925,1587,1588,1983,2322,2327,2330
2291,2812
568,2465
764
570,574
573,577
571,575
572,576
578
579
582,583,584,585,586
1765,1799
589
590
302,592
595
596,602
1941,2262
611,613
610,612
128,799
622
622
624
628,630,912
625,626,627
624
596,600,602,603,604,605,606,608,609,829
632
645,647,649,651
644,646,648,650
640,667
639,666
634,636,638
633,635,637
138,799
641,642,658,670
643,1942
597,632,660,912
657,659,912
602,606,609,661
659,748
655,656
652,662
598,607,671
668,669,912
663,664,665
673,678,680,682,692,696
674,677,679,681,691,695
676,692,694,696,715
675,691,693,695,714
700,702,704,706,708,710
701,703,705,707,709,711
672,697,699,718
698,1943
678,680,682,684,686,688,690,713
677,679,681,683,685,687,689,712
159,799
716
717,719,912
596,599,600,601,602,603,604,605,608,609,829
724
724
721,723
720,722
725,1461
168,799
734
734,2843
734,2858
737,2364,2372
736,2365,2373
555,558,792,1762
554,557,791,1761
741,743
742,744
220,752,1122,1123,1127,2382,2869
745,746,747
746
748
749
749,751
753
1220,2239,2766
753,754
756
757
758
759
756,2445
787,824
178,763
109,2175
765
178,761
178,766
767,769
770,772
771,1264
773
775
776
777
778
779
781
782,783
785
788
794
796
108,1392,1856,1859,1862
798
798,1758
774,798
800,1494
775,798
804
805
806
807
808,809
808
809
809,810
1149,2367
811
812
816
824
826
827,2850
828
760,840
840,2346
954,970,2337
843
845
845
847
847
855
848,1163
849,1650
845
850,1163
851
852
853
854
857
858
859
1214,1717,1892,1968,2006,2733,2734
394,860,2006,2020,2039
861,1300
939,1214,1717,1892,1968,2006,2903,2904
1214,1717,1892,1968,2006,2903,2904
394,862,2006,2039
863,1300
862,1425
931,939,1971,2806
939,1927
488,996
867,2322,2326,2327,2330
867,1587,1588,1983,2322,2327,2330
867,2322,2326,2327,2330
430,931,2015,2021
475,867,1251
394,990,1585,1905,1967,1971,1999,2000,2001,2002,2006,2008,2009,2011,2014,2015,2017,2021,2022,2025,2026,2028,2029,2030,2031,2033,2037,2039,2040,2042,2055,2056
394,862,990,1585,1905,1967,1971,1999,2000,2001,2002,2006,2008,2009,2011,2014,2015,2017,2021,2022,2025,2026,2028,2029,2030,2031,2033,2037,2039,2040,2042,2055,2056
342,867,2123,2330
868
216,421,1424,1815
871,872
2198,2750,2828,2908,2926
795,873,1029,1296,1850,1851
874
875
876
877
878
880,882,884
881,883,885
886
886,2303
1599,2236
816,894,1594,1863,1864,1865,1867
889
379,460,494,561,566,587,1302,1595,1853,1866,1922
379,460,494,561,566,587,1302,1409,1596,1853,1922
379,460,494,561,566,587,1302,1596,1853,1922
379,460,494,561,566,587,1302,1409,1596,1853,1922
379,460,494,561,566,587,1302,1441,1595,1853,1866
379,460,494,561,566,587,1302,1409,1441,1596,1853
410,887
893,1865,1867
379,460,904,1302,1441,1596
494,566,587,891,1853,1867
494,566,587,1853,1867,1921
816,896,1593,1863,1864,1865
816,895,1594,1863,1864,1865,1867
892
816,896,1594,1863,1864,1865,1867
379,460,494,561,566,587,1302,1409,1441,1596,1853
894
897
902
816,897,1594,1863,1864,1865,1867
898,1594,1867
816,899,1594,1863,1864,1865,1867
901,1594,1863,1864,1865,1867
902,1594,1865,1867
903,1594,1867
900,1594,1867
900,1594,1867
900,1599,1867
905
907
908
909
909,1798
910
2113,2114,2115,2117,2118,2120,2121,2122
911,1431
912
922
109,735,920,1393,1532
109,735,920,1394,1532
252,919
920,986,1845
922
923
924
925
913,914,915,916,917,918
282,1585
1583,1585
1584,1585
859,2445
528,529,530
762,768
874,1966,2024
936
937
938
939
940
941,1870
943,948,2647
943,948,2648
944,1918
945,1919
946,1041,1772
947,1042
947,2883
949,951
950,1042
954
955
956,958,959
960
957,960,961
961
968
2185,2360
968,969
970
971
972
2837,2838,2871
972,973
1578,2443,2868
976,977
974,975
2188,2352,2376,2767,2867
979
201,907,980,1244,1528,1582,2110,2112,2126,2710
980,2334
983
985
986
987
988
32,986
986,2468
1392
990
989,990
991
3,991
992
942,992
986,992
992,1404
993
994,996
995,2451
940,997
999,1001
1000,1137
592,1004
1006,1498
377,1006
1006,1480,2606
1006,2671
1006,1503
1000,1166
1002,1003
594,1004
593,1004
1005,1807
1005,2563
777,888,1512,1582,1933,2110,2112,2126,2440,2444,2857
1010,1117
1117,1662
1117,1565
846,937,1174,1550
1012,1171,1307,1668
1014,1171,1307,1668
1013,1171,1307,1668
1015,1171,1307,1668
1016
1018
2130,2231
23,2130,2901
1017,2130,2901
1019
326,1019
289,1020
289,1021
381,1019,2681,2699
1022,1022
1022,1219
1023
1024,2680
351,1025
517,1026
1027
287,1028
1028,2680
938,2380
982,2334
962,965
964,966
963,967
84,113,303,2445
84,113,316,2445
832,833,834,835,836,837,838,839,848,850,1171,1307,1385,1446,1454,1457,2749
1032
340,1032
1033
1033,1355
1033,1357
1033,1368
1037
1037,1355
1037,1357
1037,1368
2196,2275,2834,2872
1043
1044
2173,2196,2353,2834,2872
1044,1045
1046
1047
1048
1049
1050
1052,1318
1051
1054
1056
1057
1062,1313
1822,2729
1043,1822,2729
1113,2687
1114,1779
1115
1116
22,1116
22,1116,1117
1117
979,2155,2380
1124
1125
1126
1126,1708
1130
1131
1132
1125,1134
1135,2385
1136
1137
1138
401,1138
1139
1140
364,1141
364,759,1141
1146
1868
430,2015,2028,2032,2038
290,423,468,939,1519
1130,2445
799,1162
1150,1151,1152
482,1396
1155,1157
1159
1156,1158
472,474
286,1160
800,1160
1161,1493
799,1160
1160,1504
1160,1731
1160,2692
1160,2693
1160,2521
1163
1164
1165
1166
1168
1168,1269
1170,2294
1171
1172
1173
1173
1175
1057,1168
1168,1211
1168,1845
1168,1847
1177,1178,1179
1180
1180,1914
1183,1186,1188
1182
1184
1185
1187
1189
1190
1191
1192
1193
1194
1195
1196
1197
1198
1199
1200
1201
1202
1203
1205
1206
1207
1205,1206
1211
1211,1884
921,1212
1209,1210,1213
1214
1214,2735
1215
1217
1216,1777
1219
1222
1222,2009
1224,2072
1224
1225
1227
1231
1232
1234
1235
1237
1238,1605
1242
1243
888,979,1254,1255,1426,1512,1518,1582,1649,1933,2110,2112,2126,2444,2710,2857
1245
1246
1247
1205,1247
1206,1247
1248
1252
96,124,569
569,2136
96,569
411
1256
759,1256
1236,1241
49,1253,1257
1240
1259
1260
1261
1262
1263
1796
1267
1268
1269
1270
1271,1274
1272,1275
1273,1276
1277
1278
1279,1280
350,1264
1168,1264,1469
1211,1264
1209,1210,1213,1264
1264,1335
1264,1844
1263,1898
1264,2346
1281
1283
1284
1285
1286
1287
870,1296,1849
1298
1299
1300
1301
1303,1304,1305,1306
1307
1308
1309,1310,1311,1312
2284,2439,2851
1063,1314
1315
1316,1581
1319,1320,1321
1317,1322
1323
1324,1325,1328,1329
1326,1577,1754
1330
1331
1332
1333
1334
1335
195,927,1814
1335,1336
1337
1338,1538
277,1339
1340
1341,1538
1335,1792
1343
22,1343
1344
1345
1346
1347
1348
1349
1350
1351
1354,2073
1352,1353,1358,1359,1360,1361,1363,1364,1365,1371,1372,1373
1355,2074
1356,2075
1362
1357,2076
375,515,1176,1327,1459
330,1367
876,1367
878,1367
879,1367
1235,1367
1366,1369,1370
1375,1377
1375,1376
1378
397,1379,1383,1384
1380,2146
1381
1382
1382,2649
1385
1163,1385
1385,1452
1387
22,1387
1388
1388
1391
387,1392
1388,1793
388,1392
439,1522,1523,2197,2200,2229,2246,2248,2255,2274,2278,2280,2281,2315,2316,2317,2318,2319,2420,2437,2823,2878,2879
1395
1398
1399
1400
2293,2864
1402
1402
492,1404
1402
1009,1403
1405
1222,1404
1403,1448
1016,1404
1406
1407
1407,1578
1408
1409
1410
301,2445
300,1163,1450,2445
2247,2445
81,1449,2247,2445
81,1449,2247,2445
1422
1666,1667
1299,1300
37,1297,1411,1412,1413,1414,1415,1416,1417,1418,1427,1428,1429,1509,1560,1567,1719,1891
1288,1289
1430
1430
1432
1433
1434
544,1435
623,629
1438,1944
631,653
654,1439
794,1440
1440,1945
14,1916
293,331
292,331
379,460,494,562,566,587,1302,1409,1596,1853,1922
1443,1445
1446
1448
1449
1450
1453
1454
1455
1456
1456,1743
1457
1061
1460
1461
1462
2235,2242,2462
1462,1463
1464
2363,2371,2874
2366,2374,2875
1465,1467
1469
1168,1469
1469,1481
1469,1480
1470,2634
1472
1473
1476
1477
1478
1479
1480
1481
1481,2133
1486,1487
1484,1489
1488,1492
173
64,1492
357,433,501,504,507,510,740,1067,1392,2564,2565,2566,2567,2568,2569,2570,2571,2572,2573,2574,2575,2576
213,215,219,780,1144,1537,2149,2150,2927
1483,2729
1490
201,907,979,1244,1528,1582,2110,2111,2126,2380,2710
981,1425
1492
1492,1494
1494
1496
1497
1480,2099
1524,1525,1526
1499,1500
1501,2230
1798,2808
797,1480,1504
1504,1505
1504
2186,2342,2751,2841,2868,2909
1510
1131,1510
1511
1511,2357
1351,1511
1512
734,1512,1513,1514,1515
1516,2463
1517
1518
477,560,1576,1801
1520
1521
1527
1527,1939
1528
1529
1529,1798
1530
1531,1555
1533
1533,2650
1535
1533,1536
1538
1540,1541
1539
1542
2550,2551,2552
1546,1731
1546,2692
799,1547
1548
547,615
548,2526
932,2271
777,1552
1524,1525,1526
1553
1225,1553
1554
113,1554
1554,1899
1554,2070
1218
1538,1555
781,1556
824,1556
1557
1558
781,1558
824,1558
2626
2637,2638
824,1564
1566
1568
824,1570
0,1571
1561,1571
1571,2607
824,1569
1208,1562,2442,2511
1181,1208,1562,2442
1562,2442,2511,2655
2,1573,2434
1573,2434,2765
1181,1208,1562,1574
1208,1562,1574,2511
1562,1574,2511,2655
1575
870,1296,1577,1754,1849
1577,1754
1578
1580
1580,2463
1582
1583
1583,2768
1584
1430,1584
1585
1586
1587
1588
1589
1590
460,1592
379,410,1597,2236
900,1599,1608,1867
900,1599,1608,1867
1599,2237
1598,1866
470,1601
456,1600,2488
2829,2830,2832,2833
2829,2831,2832,2833
1602,1898,1901
1604
1608
1609
1115,1668
835,839,1171,1307,1385,1446,1454,1457
1117,1610
1611,1613
1612,1614
2455,2824
1615
1644
1665,2707
2467,2470,2479
889,979,1244,1512,1582,1649,2110,2111,2126,2710,2857
2436,2821,2841
979,1244,1512,1582,1649,2110,2111,2126,2427,2432,2710,2924
979,1244,1512,1582,1649,2110,2111,2126,2431,2710,2913
979,1244,1512,1582,1649,2110,2111,2126,2427,2432,2710,2923
979,1244,1512,1582,1649,2110,2111,2126,2428,2432,2710,2914
979,1244,1512,1582,1649,2110,2111,2126,2428,2432,2710,2914,2922
979,1244,1512,1582,1649,2110,2111,2126,2428,2710,2912,2918
979,1244,1512,1582,1649,2110,2111,2126,2380,2710
201,907,1528,1652
979,1244,1512,1582,1649,2110,2111,2126,2429,2710,2913
979,1244,1512,1582,1649,2110,2111,2126,2430,2710
979,1244,1512,1582,1649,2110,2111,2126,2429,2710,2918
979,1244,1512,1582,1649,2110,2111,2126,2456,2710
890,979,1244,1512,1582,1649,2110,2111,2126,2710
979,1244,1512,1582,1649,2110,2111,2126,2428,2432,2710,2924
1401,1655
1656
19,1656
781,1564
781,1564
1566,1660
338,864,866,910
471,473
424,1657
1661,1662
1658,2151
1565,1659
1425,1660
892,1582
1582
1011,1388
1011,1388
1565,1663
832,833,834,835,836,837,838,839,1385,1446,1454,1457
1669
1669,1873
1670
382,1670
1671
1671,1724
1672
1604,1672
1673
1674
1675
1676
1677
1678,2339
2251,2339
1169,1682,2072,2251
28,1679
28,1679,2295
28,1679,2296
1680
2314,2491,2842
1680,1681
2252
926,1685,2339
28,1683,2295
1684,2339
28,1683,2294
1683,2294
28,1683,2296
1685,2339
1686
1687,1718
1650,2393
1650,2392
1688,1701
1600,1695
1651,1689
1690,1695
1430,2609
27,247
1692,1722
109,435,1697
941,1693
1691,1696
1650,2389
1651,1694
1650,2392
1695,1701
1651,1697
1698
1650,1698
1650,1699
1650,1700
22,1116
1650,1702
1707,1708
1705
109,435,1711
941,1706
1703,1709
1650,2391
1651,1707
1650,2393
1600,1708
1651,1710
1708,1715
1651,1711
1650,1712
1650,1713
1650,1714
1650,1716
1717
438,1721,1811,2103
1722
1724
1726
1684,1725
1685,1725
798,1292,1295
108,740,1392,1856,1859,1862,2564,2565,2567,2568,2569,2570,2571,2572,2573,2574,2575,2576
1731
1732,1734
1720,1735
1436,1736
1737
1738
440,1738
1738,2320
1739
1740
1743
1744
1744,1798
1745
1746,2844
1748
1749
1750
1751
1752
1755
1756
1757
1758
1759
1770,1771
1767,1773
1767,1772
1264,1769
1773
356,357,501,504,507,510,740,1067,1392,2564,2565,2567,2568,2570,2571,2573,2574,2575,2576
1773,1774
1774,2697
1775
1776
1777
1776,1778
1767,1773,1776,1778
1780
16,1780
1431,1780
1784,1787
1785,1788
1786,1789
1791
923,1791
1797
1798,2392
1795
1797
1797
1794,1962
1802,1805
1802,1805,1806
1807
1808
1808,1810
1557,2836
191,1687,1718
832,1171,1307,1385,1446,1454,1457
833,1171,1307,1385,1446,1454,1457
834,1171,1307,1385,1446,1454,1457
835,1171,1307,1385,1446,1454,1457
836,1171,1307,1385,1446,1454,1457
837,1171,1307,1385,1446,1454,1457
838,1171,1307,1385,1446,1454,1457
839,1171,1307,1385,1446,1454,1457
174,1423
419,1686
1816
1817
1128,1129,2183,2195,2304,2347,2433
2321
1819,2339
1685,1818
1685,2347
1820
1747,2387
756,1130,1145,1764,2157
1823
1824
1825
1826
1827
1204,1823,1828
1845
1739,1846
2184,2290
1845,2793
1845,2473
1853
813,814,815
1829,1830,1831,1832,1833,1834,1835,1836,1837,1838,1839,1840,1841,1842,1843,1852
817,818
272,542,543,819,820,821,822,823
1869
1869,2072
1870
55,116,181,830,1147,1437,1812,1928,2454
1871,1873
1873
1685,1872
268,1705
825,1008
1876
1705,1877
1879
2234,2446
1879,1880
1881,1883
1882,2148
1884
34,1884
1906,1907
1898
1264,1898
1899
1900
1902
1905
1908
1912
1912,2249
1913
1168,1913
1915
1916
1335,1916
1917
2196,2834,2872
1920
379,460,904,1302,1596,1922
379,904,1596,1922,2762,2763
379,460,904,1596,1922,2763
379,460,494,563,566,587,1302,1409,1596,1853,1922
1442,1920
1902,1903,1904
1915,1916
1930
1931
121,939
567
2340,2341
1935
1936
1935,1937
1936,1938
1226
1461,1790,2287,2421
118,214,476,1461,1790,2377,2752
118,214,476,1461,1790,2287,2377,2416,2421,2459
115,118,214,266,267,476,1461,1790,2287
115,118,214,1461,2752
1946
1946,2796
1947
1947,2796
1961
1798,1961
1963
1964
1965
1966
1967
1968
1969
1970
1971
1972
1973
1974
1975
1976
1977
1978
1979
1980
1981
1982
1983
1984
1985
1986
1987
1988
1989
1990
1991
1992
1993
1994
1995
1996
1997
1998
1999
2000
2001
2002
2003
2004
2005
2006
2007
2008
2009
2010
2011
2012
2013
2014
2015
2016,2018
2018
2019
2020
2021
2022
2023
2025
2026
2027
2028
2029
2030
2031
2033
2034
2035
2036
2037
2038
2039
2040
2041
2042
2044
2045
2046
2047
2048
2049
2050
2051
2052
2053
2054
2055
2056
2057
2058
2059
2060
2061
2062
2063
2064
2065
2066
2067
2068
2069
212,1491,1495,2069
1431,2069
1635,1948,1949,1950,1951,1952,1953,1954,1955,1956,1957,1958,1959,1960
2071
2071
445,2070
446,2070
447,2070
1374,2070
1318,2077
2078
2081
238,239,240,2079
2082
2083
2084
2085
2086
2087
2088
2089
2090
2091
2092
2093
2094
2095
2096
2097
2098,2100,2101
2102
2180,2201,2228,2753,2813
2105
2104,2106
2109
2110
2111
2118
2123
2125
90,2110
425,2110
1446,1454,1457
1171,1173,1307,1385,1402,1446,1454,1457
888,979,1254,1255,1426,1512,1518,1582,1649,2110,2111,2126,2445,2710,2857
549,551,1301,1464,2131
314,888,979,1254,1255,1426,1512,1518,1582,1649,2110,2112,2126,2444,2710,2857
309,888,979,1254,1255,1426,1512,1518,1582,1649,2110,2112,2126,2444,2710,2857
304,888,979,1254,1255,1426,1512,1518,1582,1649,2110,2112,2126,2444,2710,2857
305,888,979,1254,1255,1426,1512,1518,1582,1649,2110,2112,2126,2444,2710,2857
296,888,979,1254,1255,1426,1512,1518,1582,1649,2110,2112,2126,2444,2710,2857
307,888,979,1254,1255,1426,1512,1518,1582,1649,2110,2112,2126,2444,2710,2857
308,888,979,1254,1255,1426,1512,1518,1582,1649,2110,2112,2126,2444,2710,2857
981,1115
346,2123,2124,2127
250,1740,2125
1265,2132
38,245,398,1293,1294,2137
324,2679,2686
96,764,2135
2141,2142,2143
757,1278
2144,2592
2144,2772
1559,2145
200,1480,1559,2134
2148
2151
1133,2152
2154,2156
2160
2167
1698,2167
2167,2393
2171
2172
1181,1208,1562,2705
1208,1562,2511,2705
1562,2511,2655,2705
415
2178,2925
181,1147,2454
2184
2187
2199
2203
2204,2207
1408,2205,2343,2344,2345
812,1804,2205
2171,2206
2208
2209,2212
1408,2210,2343,2344,2345
812,1809,2210
812,1809,2210
2171,2211
2213
254,2214
2171,2215
253,812
2216
256,2217
2171,2218
255,778,1804
2219
258,2220
1408,2221
2171,2222
257,812,1803
2223
260,2224
2171,2225
259,812,1804
262,265
264,2171
263,812,1808
2230
1500,2230
1018,1385
410,1594,2238
2240
2174,2277,2282,2283,2490
414,1430
1571,2333
2245
198,906
2249
2250
2261
2261,2375,2741
2261,2375,2743
210,362,391,618,620,1896,2169
208,361,390,616,617,2168
727,729,731,733,2139
726,728,730,732,2138
211,363,392,619,621,1897,2170
2494,2495,2496,2497,2510
2265
2266
2267
2268
2269
2159,2276
2279
2285
2286
2289,2615
1798,2392
1798,2412
1264,2393
2300
198,2300
514,2300
1476,2300
1873,2300
2301
2302
2301,2302
1466,1468
1069,1071,1073,1081,1096,1098
1068,1070,1072,1080,1095,1097
580,2309
2307,2309
2308
580,2308,2309
581,2307,2309
6,2311
2310
6,403,2312
2313
2320
2321
2323,2324
1981,1982,2325,2328
2325,2328,2332
2329,2331
2147,2368
2339
40,2339
2343
2344
2345
2346
221,226,227,228,229,230,231,235,236,237,2080
1181,1208,1562,2348
1208,1562,2348,2511
1562,2348,2511,2655
2349
2350
2351
1115,1117
1115,1117
2358
2159,2359
1083,1085,1088,1094,1101,1103,1106,1108,1111
1082,1084,1087,1093,1100,1102,1105,1107,1110
1076,1086,1090,1112
54,116,181,368,409,1147,1812,1928,2454
2171,2375
2384
367,2384
2385
23,1821
2402,2403,2404,2405,2406,2407,2408,2409
2402,2403,2404,2405,2406,2407,2408,2409
2388
2389
2390
2391
2392
2394,2395,2396,2397,2398,2399,2400,2401
2393
2394,2395,2396,2397,2398,2399,2400,2401
2394
2395
2396
2397
2398
2399
2400
2401
1650,2410
1650,2411
2412
1650,2412
1650,2413
1650,2414
1650,2415
218,553,790,1060,2108
217,552,789,1059,2107
2502,2506,2507,2508,2509
222,223,224,225,232,233,234,241
1277,2070
92,2070
313,2070
1181,1208,1562,1572
1208,1562,1572,2511
1562,1572,2511,2655
1571,2333,2639
1571,2333,2627
2445
2448
2449
2450
2451
2452
2461
2774,2789
2775,2790
2776,2791
2464,2794
3,2792
434,2793
2795
1575,2466
2109,2796
2464,2796
2778,2797
2779,2798
2780,2799
1507,2468
2468,2471
2469,2473
2781,2800
2782,2801
2783,2802
2785,2803
2474,2480
2475,2480,2792
2465,2476
2477,2793
2466,2478
2786,2804
1180,2480
2787,2805
2481
2482
1425,1664
2484
2485
2486
2489
2492
2493
1482,2498
2503,2504,2505
799,2498
1768,2501
2499,2500
799,2501
1482,2501
1768,2498
2512,2622,2624
1745,2631
2521
2522
1544
800,2523
1493,2524
799,2523
1504,2523
1731,2523
2523,2692
799,2525
2523,2701
796,2531,2683
1492,2537
796,1533,2531,2683
1775,2532
2532,2650
2533,2538,2539
796,2534
775,2535
796,1758,2534
2535,2683
1494,2536
1533,2536
487,2541
800,2542
1493,2543
799,2542
1504,2542
1731,2542
2542,2692
799,2544
487,2546
487,2545
800,2548
1493,2549
799,2548
1504,2547
487,2553
1504,2554
487,2556
799,2557
1153,2556
1731,2558
1153,2555
2558,2692
799,2559
108,357,433,501,504,507,510,513,740,1067,1230,1392,1783,1856,1859,1862,1887,1890
2577,2578,2579
1239,1606
2580
2581
2589,2590,2597,2600,2605,2645,2670
1181,1208,1562,2591
1208,1562,2511,2591
1562,2511,2591,2655
2593
1397,2682
1493,2594
2540
1731,2595
2595,2692
799,2596
1494,2264
1492,2598
1058,2599
1893,1894
1113,2646,2687
1113,2651,2687
799,2729
2601,2602,2603,2604
2521,2700
46,2171
1471,2608
2614
2611
955,2611
971,2611
2612
2613
2617
2618
2619
2620
2623
2625
2628
2629
2630
2632
1481,2633
2635
2636
2158,2640
2641
2621,2642
2643
2644
2651
2694,2695
333,2649
2694,2695
2652
2654,2655
2659,2660
2656
2663
2657,2658
2661
2662,2665,2666
2664
2667
2668
2669
2527,2528,2529,2530
2515,2516,2517,2518,2519,2520
1494,2677
556,559,793,1763
798,2675
775,2676
1758,2676
2676,2683
1492,2674
2650,2675
989,2684
200,1480,1559,2678
200,1480,1559,2685
2688
1494,2738
2690
2696,2698
2697
781,2418
824,2418
1,2702
1563,2703
1474,2706
2704,2764
1573,2434
2730,2731,2732
2712,2713,2714,2716,2723,2724
2709,2717,2718,2720,2722,2725,2726,2727,2728
2711,2715,2719,2721
2733
2734
2734
2736
1492,2689
803,2737
802,2737
76,2744
2740
79,2744
2742
2745
76,2746
79,2746
403,2739
2747
2748
2758
2761
2513,2653
546,614
2768
2773
2773
2775
2776
2777
2782
2783
2784
2785
2786
2787
2788
2790
2791
2792
2793
2794
2795
2796
2801
2802
2803
2804
2805
1977,2031
1502
2822
2825
1068,1074,1075,1076,1077,1078,1079,1086,1089,1090,1091,1092,1099,1104,1109
2825,2827
2835
1237,2835
2836
2843
2850
2857
2858
2865
1923,1926
1925,2171
779,785,1924
2876
2877
2880
2881
2881
2882
2754,2755,2756,2814,2815,2816,2817
103,117,1419,2181,2226,2243,2259,2299,2383
2884,2888
1119,1910,2256,2335,2378,2381,2421,2839,2859
2189,2287,2421
2189,2256,2752
104,1420,2182,2227,2244,2260
1120,1911,2257,2336,2379,2423,2840
2191,2258,2424
2885,2889
2886,2897
2887,2890
2232,2759,2768,2809,2845,2852,2860
2192,2232,2272,2354,2377,2416,2458,2768,2818,2845,2852
2192,2272,2354,2377,2416,2458,2459,2768,2818,2825,2845,2852
2233,2760,2770,2810,2847,2855,2861
2273,2355,2417,2457,2769,2819,2846,2853
2356,2771,2811,2820,2826,2848,2854
2891,2894
2892,2895
2893,2896
2190,2288,2422
2070,2899
520,2070,2899
1720,2900
2898
888,979,1244,1426,1512,1518,1582,1649,2110,2111,2126,2710,2857
1385,2902
832,833,834,835,836,837,838,839
1245,2130,2901
2903
2904
2151,2907
1446,1454,1457,2901
1171,2905
1307,2906
1171,1307,1385,1446,1454,1457,2902
201,907,1244,1528,1582,2110,2111,2126,2710,2911
1121,2153
201,907,1244,1528,1582,2110,2112,2126,2710
1057,2915
2610,2916
1848,2916
1846,2916
856,1172,1175,1282,1386,1405,1406,1447,1455,1458
378,1760
2930