0,1
2
3
4
5
977,2296
1172
1172
10
24,214
11
12
13
14
15
16
17
18
574,1186,1469,2564,2573,2577
445,2566
129,500
129,500,1062,1433,2575,2579
801,2366,2412,2569,2590
676,2396,2570
701,2571
701,2339,2406,2571,2594
701,2406,2571
1042,2574
1062,2575
1062,1433,2575,2579
676,1042,2312,2396,2566,2570,2574,2593
445,676,2566,2570
129,500,701,2571
754,1090,2349,2410,2568,2572,2576,2595
2412,2590
19
21
21,2420
22
23
24
26
27
28
29
30
31
32
33
34
35
36
37
38
30,224
41
42
44
45
46
47
48
49
50
51
52
53
54
55
56
57
58
59
60
61
62
63
64,65
67
68,69
71
72
73
74
76
77
78
79
80
81
82
83
84
85,86
87
88,89,90
89,90
91
92,103,118
93
94
95
96
6,40
98
99
100,383
101
102
104
105
106
107
108
109
110
111
2,111,112
112
113
114
110,114
115
115,116,117
116
117
119
120
121
122
123
124
125
126
127
128,1461,1603,2075
129
132
133
134
135
136
138
139
141
142
143
144
145
146
147
148
149
150
151
152
153
154
155
156
157
158
159
160
161
162
163
164
165
166
167
168
169
170
171
172
173
174
175
176
177
178
179
180
181
182
183
184
185
186
1031,1034
188
189
190
191
192
193
194
195
196
197
198
199
201
202
203
485,1323,2056
204,206
205,580
1661,2215
1661,1661
207
208
209
210
211
212
213
215
216
217
218
219
220
221
222
225
226
227
228
229
230
231
232
1473,1669,1808,1809
707,1631,1674,1819,2336
235
236
237
238
239
240
241
242
243
244
245
246
247
248
249
250
251
252
253
254
255
256
257
258
259
260
261
262
263
264
265
266
267
268
269
270
271
272
273
274
275
276
277
278
279
280
281
282
283
284
285
286
288
289
290
291
292
293
294
295
296
297
298
299
631,1730
1730,1942
302
303
304
305
306
307
308
310
311
312
313
314
315
316
317
318
320
321
322
323
324
233,234
326
327
328
329
330
331
332
333
334
335
336
337
338
339
340
341
342
343
344
345
346
347
348
349
350
351
352
353
354
355
356
357
358
359
360,361
630,1627
632
1943
780,1471,2457
1626,1627
364
365
366
367
368
369
370
373
374
375
376
377
378
379
380
381
43,75,382
384
385
386
387
388
389
390
391
392,1728,2687
393,2199,2282
393,2199,2284
325,1672,1673
490,2457
490,2089,2457
394,984,1831
396
397
398
399
400
401
406
402
403
403,1786,1867
404
405
1481,1727
1481,2264
410
411
412
413
414
415
414,1730
416
417
416,1730
419
420
421
424
426,1630
425
427
427,1572
416,627
428,429
431
430
432
433
434
435
436
437
579,1005
438
439,440
441,442,443
444
445
445,676,1042,1432,2396
445,676,1042,2396
445,676,1042,1432,2312,2396
446
447
448
449
449,1776
451,453
450,452
454
455
456
457
458
459
460
461
463
468
469
463,469
464,470
465,471
466,472
467,473
469,889
474
475
477
478
479,1467
480,485,1323,2056
480,2307
481,2307
482,535
483
483,535
484
486
488
489
491
492
492,1870,2024
493
493,2517
493,2646
494
2510,2689,2711,2798,2835
496,497
498,1596,2729
495,780,997
500
129,500,1062,1433
500,701,1062,2406
500,701,1062,1433,2339,2406
501
2044,2045,2049
502,2044,2045
503
504
505
506
507
508
509
510
513
514
515
516
518
519
521
522
525
526
526,2782
527
528
529
530
532,533
531,1988
530,1989,1999
534,536
537,539,540,541,542,543,544,545,546,547,2261
548
549
551
552,2486
552,2486,2487,2488,2489,2490
2487,2488
553
554
555
555,754,1090,1464,2410
555,754,1090,1464,2349,2410
445,935,2101
555,935
561
562,2076
563
1885,2057,2649
1886,2060,2649
564
565
566
567
568
569
502,2045,2735
572
573
574
574,2564
574,1186,1469,2564
575
576
577,1729
576,1012
579
580
581
582
583
585
586
613,919,2014,2147
2480,2482,2620,2622,2666,2811
590
591
592
593
594
594,1566
192,1455,1463
597
598
599
600
601
602
603
605
606
607
608
609
493,609
609,1089
610
611
598,611
612
371,372,625,2512
615
616
617
618
619
620
621
622
623
626
627,1730
628,1730
629
633
634
635
636
639,640,641,642,643,644,646
638,648
647
649,650,651,652,653,654,656
657
658
659,780
662
663
665
666
795,2201
667
667,2135
669
669,674
670
671
672
675
676,1042,1432,2396
676,1042,2396
677
678
679
680
681
681,2031
683
684
685
687
688
689
690
691
692
828,836
819,2600
693
696,698
697,2672
699
700
701
701,2339,2406
701,2406
701,1062,1433,2406
702
703
704
705
706,1670
708
709
710
711,712
713
714
715
716
1590,2189,2190,2274,2295
717,718,719,720,722
721
723
724
725,726,727,728
729,1995
730
731
732
733
517,519,520,523,524,525,587,688,689,2297
734,2498
525,735,1325
736
738
595,604,749,750,846,1779,2418
739
740
741,742,743,744,745,746,748
645,655,747
751
752
753
754
754,1090,2410
755
165,755
499,755
668,756
165,755,1027
757
758,999
758,2646
761
760,1887
762,965,969
762,966,969
763
589,763
764
765
767
2561,2664,2703,2784,2828,2832
766,767
769,2784
767,768
770,997
770,998
771
772
773
774
775
776
778
1447,1449,1466
1446,1448,1450
780
782
783
784
1653,1654
785
786
787
788
638,648,781,788
789
790
791
792
609,664,686,737,1216,1639,1780,1781,1783,2210,2318
395,985,1831
1214,1784,1785,2203,2204
45,494,715,1927
796
797
798
799
799,2358
137,140,319
801,2366,2412
801,2412
801,2569
759,2628
759,2629
704,802
803
804
805
806
807
808
809
810
811
812
813,814,815,816,817,818,821
822,823,824,825,826,827,829
830,831,832,833,834,835,837
838
839
840
841
842
843,1630
844
674,844,1574
844,1955
847
848
849
850
851
852
853
854
855
856
857
858
859
860
861
862
863
864
865
866
7,8,9,309
867
868
869,870
2607,2693,2743,2763,2827
871
871,873
873
875
2665,2810
876,979
877,878
879
596,880,1952,2461
881
882
883
884
885
886
887
888
889
890
891
892
893
894
895
896
897
1708,1711
2154,2156,2157
898
39,72,97
836,2600
645,2555
820,828,836
899
901
902
903
904
905
906
907
908
909
911,1042
911,1090
43,75,312,382
912
913
915
916
917
918,1093,1729,2033,2642
918,1094,1729,2033,2643
918,1093,1729,2033,2761
918,1094,1729,2033,2762
920
921
922
923
924
925
500,926,927,949
500,926,927,950
928
929
930
931
624,675,1759
932
933
872
934
556,557,558,559
992,2395
991,2395
936
937
938
937,1613
942
944
937,939,940,941,942,943,944,945,946
947,1571
1580,1899,1935,2260
948
949
950
951
952
953
955
956
956
957
1579,1898,1930,2259
958
959
960
961
963,967
964,968
949,969
950,969
970
847,1898,1930,2091,2140
970,971
970,2786
972
973
974
975
976,978
979
981
982
981,982
983
1793,1805,1826,1830,1832,1838,1840,1841
986
987
988,1461,1603,2075
187,988,1461,1603,2075
989
990
991
992
993
994
995
996
997
998
1000
1001
1002
1063,1090
578,1005
1186,2573
1007,1012
1003,1090
1008,1012
1006,1090
1009,1011
1010,1011
1005,1012
1187,1188
1016,1017
1014,1015
1004,1013
1018
1019
1020
1021
1022
1023
1024
1025
1026
1326,2301,2501
740,777,1535
476,595,604,749,750,846,1068,1069,1070,1071,1072,1073,1324,1779,2192,2193,2194,2195,2418
1027
165,1027
1027,2419
1028,2305
1030
779,1030
1032
1033
1035
1035,1036
1036
1037
874,1037
1037,2174
1038
1039
1040,1059
1041,1061
1042
1043
1044
1045
1046
1047
1048
1049
1050
1005,1012,1052
1004,1012,1052
2612,2621,2680,2682,2792
1054,1055
1004,1012,1053
1056
1057
187,1057
1058
1059
1060
1059,1060
1061
1062
1062,1433
1064
1065
1066
1067
1074,1077
1075
1076
1078
1079
1080
1081
1082
1083
1084
1085
1086
1087
937,1088
1090
1091,1730
1091,1093,1729
1091,1729,2720
1092,1730
1092,1094,1729
1092,1729,2721
1095
1096
1097,1098,1099,1100,1101,1102,1103,1104,1105,1106,1107,1108,1109,1110,1111,1112,1113,1114,1115
1116
1117
1118,1119,1120,1121,1122,1123,1124,1125,1126,1127,1128,1129,1130,1131,1132,1133,1134,1135,1136
1137,1138,1139,1140,1141,1142,1143
1144
1145
1146
1147
1148
1149
1150
1151
1153,1154,1155,1156,1157,1165,1170
1152,1158,1159,1160,1161,1162,1163,1164,1166,1167,1168,1169
1152,1153,1154,1155,1156,1157,1158,1159,1160,1161,1162,1163,1164,1165,1166,1167,1168,1169,1170
1171
1172
1173
1174
1175
1176
1177
1178
1179
1180
1181
1182
1182,2301
1183
1184
1186,1469,2573,2577
1185
1185,1408
1189
1190
1191
1192
1193
1194
1195
1196
1197
1171
1171
1198,1203,1335
1199,2209
1202
673,1231,1604,2251
1204
1205
1206
1207
1208
1209
1210
1211
1212
1213
1215
1217
1218
1219
1219,2672
1220
1221
1222
1223
1407
1224,2796
1225
1226
1227
1228
1229
1230
1232
1233
1790,1791,1792,1794,1795,1796,1797,1798,1799,1800,1803,1812,1813,1814,1815,1816,1817,1818,1820,1821,1822,1823,1824
1235
1236
1237
1238
1239
476,1068,1069,1070,1071,1072,1073,1324,2192,2193,2194,2195
1240,1241,1242,1243,1244,1245,1246,1247,1249,1250,1251,1252
1253,1254,1255,1256,1257,1258,1259,1260,1262,1263,1264,1265
1266,1267,1268,1269,1270,1271,1272,1273,1275,1276,1277,1278
1279,1280,1281,1282,1283,1284,1285,1286,1288,1289,1290,1291
1292,1293,1294,1295,1296,1297,1298,1299,1301,1302,1303,1304
1305,1306,1307,1308,1309,1310,1311,1312,1313,1314,1315,1316
1318
1319
1320
1320,2672
1321
1322
1248,1261,1274,1287,1300,1317
1326
1327
1328
1329
1330
1330,1332
1331
1333
1334
1335
1336
1337
1338
1339
1340
1341
1342
1343
1344
1345
1346,1347,1348,1349,1350,1351,1352,1353,1354,1355,1356,1357
1358,1359,1360,1361,1362,1363,1364,1365,1366,1367,1368,1369
1370,1371,1372,1373,1374,1375,1376,1377,1378,1379,1380,1381
1382,1383,1384,1385,1386,1387,1388,1389,1390,1391,1392,1393
1394,1395,1396,1397,1398,1399,1400,1401,1402,1403,1404,1405
1406
1182,1406,1764
2650,2652,2653,2654
1408
1409
1410
1411
1412
1413
1414
1415
1416
1417
1418
1419
1420
1421
1422
1423
1424,1426
1425
1427
1428
1429
1430
1431
1432
1433
2130,2700,2813
1436,1437
1434,1435
1438
1439
1441,1442
1440,2715
1802,1811,1829,1834,1836
1445
1451
1452
1453
1455
1456,1458
287,1457
1459
1460
1463
1464
1416,1465
1468
1488,2122
2016,2017,2034
1469,2577
1470
200,301
1444,1806,1807,2329
1234,1472
1474
1475
1476
408,1480
407,1482
1485,1486,1487
1485,1486,1487
1488
422,980,1484,1600,1896,1902,2041
1489,1490,1491,1492,1493,1494,1495
1496,1497,1498,1499,1500,1501,1502
1503
1504,1505,1506,1507,1508,1509,1510
1511,1512,1513,1514,1515,1516,1517
1518,1519,1520,1521,1522,1523,1524
1525,1526,1527,1528,1529,1530,1531
1532
1533
1534
1535
1536
1537
1538
1539
1540
1541
1542
1543
1544
1546
1547
1549
1550
1551
1552
1553
1554
1555
1556
1557
1558
1559
1560
1561
1562
1563
1564
1565
1566
1567
1568
1569
1570
1571
1572
1573
1575
1578
1579
1581
1582,1929
1583
1584
1585
1586
1587
1576,1588
1589,2310
1591
1592
1593
1594
1595
1597
1598
1599
1601
1601,1602
1605
1606
1607
1608
1609
1610
1545,1548,1560
1611
1607,1608,1609,1610,2276,2611,2788,2789
1612
1614
1615
1616
1617
839,1617
1618
2516,2662,2699,2754,2791,2818,2826
949,1619
1620,1621
2699,2774,2790,2791,2826
949,1622
1623,1624
1625
1628
1570,1628
1629
1572,1629
418,910,1804,2334
1632
1633
1634
1635
1636
1637
1638
1640
1641
1642
1643
1643,2326
1644,1645,1646
1647
1648
1649
1650
1651
1652
1653
1654
1655
1656,1657
1655,2559
1655,2560
1657
1658
1659
1660
1661
800,2457
1663,2457
1662,2457
1664
1665
1666
1667
1668
1669
1672
1673
1674
1675
1225,1676
1677
1677,1679
1678
1679
1680
1680
1678,1680
1679,1680
1680,2179
1681,2181
1682
1682,1685
1683
1683,1685
1684
1684,1685
1685
1689
1690
1686,1691
1687,1691
1688,1691
1692,2560
1693
1694
1695
1696
1697
1698
1699
1700
1701
1702
1703
1704
1705
1706
1707,1710
1709
1711
1712
1713
1714
1715
66,70,1704,1705
376,1706,1709
1716
1717
1718
1660,1718,2178
1719
1720
1721
1722
1723
1724
1725
2698,2702,2776
1729
445,1729
1730
1731
1732
567,692
1733
1734
1735
1736
1737
1738
1739
1740
1741
1742
1880,2298
1743
1881,2299
1744,1745,1746,1747,1748,1749,1750
1751
1755
1756
1757
1758
1759
1760,1762
1761,1763
1760
1761
1762
1763
1764
1765
1766
1767
1768
1769
1770
1752,1754,1774,1775
409,550,1850,2173
1771
462,1752,1773
1462,1850,2088
1772
1776
2473,2660,2697,2741,2783,2836
1778
1780
1780,1781,1869,2150
1781
694,1787
695,1787
1788
1789
1825,1827,1833,1835
1826,1828,1834,1836
1793
949,1801
1803
1805
1806
1807
1808
1809
1810
1810,1828
1819
286,1825
1829
1830
1831
1832
286,1833
286,1835
1837
286,979,1837
1839
286,1839
1841
1842
1845,1846,1847
1844
1848
1849
1850
1851
1852
1853
1854
1855
1856
1857
1858
1859
1860
1862
1863
1864
1865
1863,1866
1868
845,1868
1871
1872
1873
287,1874
1876
287,1875,1876
1877
286,1877
1878
1879
1882
1883
1884
568,899,1850,2094,2249
512,900,1753,2095,2175
1887
1888
1889
1890
1892,1893,1894
1895
1864,2076
1891,2076
1897
1900
1901
1903
1904
1905
1906,1907,1908
1909
1910
1911
1912
1913
1925
1926
1927
1928
1929
1930
1931
1932
1933
1934
1930,2770
1936
1937
1938
1939
1940
1941
1942
1942,1991
1944
1942,1944
1945
1946
1947
1948
1949,1950
1951
1955
1956
1957
1958
1959
1960
1961
1962
1963
1964
1965
1966
1967
1968
1969
1970
1970,1971,1972
1971
1972
1973
1974
1975
1976
1977
1978
1979
1980
1981
1982
1983
1984
1985
1986
1983,1984,1986
1984,1986
1987
1988
1989
1990
1985,1987,1990
1982,1991
2046,2047,2048
1993,2520
487,1454,1993
1994
1995
1996
1997
1009,1997
1998,2002
2000
1987,2001
2003
2004
2005
2006
2007,2008
2009
2010
2011
2012
2013
2015
29,223,316
2016,2017,2034
2018
2019
2020
2021
570,793,2302,2303
2020,2092,2150
794,2022,2302,2303
2022,2302,2303,2630
571,737,914,954,1216,1726,1780,1781,1782,2023,2325
997,2025,2162
2026
2027
2028
2029
2030,2416
2032
2033
1093,1729,2033,2642
1094,1729,2033,2643
1093,1729,2033,2761
1094,1729,2033,2762
2035
2036
2037
2038
2039
2040
2042
2043
2050
2051
2052
2053
2054
2055
511,2519,2627,2661,2691,2704
2057,2649
2058,2059
2060,2649
2061,2062
2513,2524,2525,2618,2619,2684,2785,2831
2063
2064,2066
1983,2065
2067
2068
2069
2070
2071
2072
2073
2074
2076
2083
500,2077
2080
2077
2081
2078
500,2079
2082
2079
2084
2085
2086
2087
2088
2089
2090
2092
2093
2094
2096
2097
2098
2099
2100
2101
2102
2103
1477,1478,1479,1483
1477,1478,1479,1483
2104
2105
2106
10,161,551,1956
839,2050
445,555,1042,1090
2107
2108
2109
2110
2111
2112
2113
2113,2586
2114
1090,2115
1090,2117
1090,2119
1090,2121
1042,2123
1090,2123
2124
2124,2520
2125
2125,2520
2126
2126,2499
2127
2127,2497
2127,2499
2128
2128,2499
2131
2132
2133
2134
2135
2136
2137
2138
2139
2141
2142
2143
731,914,2144
914,1863,2144
2145
2148
2149
2150
2151,2496
2152
2153
2153,2155
2153,2155,2777,2778,2779,2780
2154,2156
2777,2778
2157
2158,2159,2160,2161
2162
2164
2165
2166
2167
2168
2169
2170
2171
2172
2176,2198
2178
2179
2180
2182
2183
2184
2187
2188
2191
2196,2197,2289,2291
2199
2200
2201
2202
2205
2206
2207
2208,2718
2211
2212
780,2212,2262,2275,2415
2213
2214
2215
2216
2217
2218
2219
2220
2712
2220,2221
2222
2223
2224
2225
2226
2227
2228
2229
2230
2231
2500,2613,2631
2231,2232
2235,2236,2243
2234,2236,2242
2233,2241
2240
2238
913,2245
1488,2245
961,1843,2245
1228,1843,2245
959,1843,2216,2245
1843,2245,2331
2185,2237
2177,2246
1443,2185,2237
1440,2186,2237
415,2244
417,2216,2244
1066,1843,2244
957,1843,2216,2244
2188,2244
2239
1592,2247
1699,2247
1225,1843,2247
1843,2183,2247
774,1843,2216,2247
863,1843,2216,2247
1046,1843,2216,2247
1431,1843,2216,2247
1701,1843,2216,2247
1843,2010,2216,2247
1843,2227,2247
2248
2250
2252
2252,2531
2253
1587,1942,2253
1942,2253
2254
689,2255
2256
844,1569,2256
2257
1942,2257
2258
2259
2262,2263
2263
2529,2636,2637,2638,2639,2816,2817
2265
2266
2267
2268
2269
2270
2271
2271,2272
2272
2273,2391
2275
2276
2277
2278
2279
2280
2281
2282
2283
911,1090,2283
2285
2286
2287
2288
2196,2197,2289,2290
2292
2293
2294
2296
2298
2300
2301
2302
2303
2304
2307
2308
2135,2308
2308,2562
2309
2135,2309
671,2135,2309
2311
2313
2314
2315
2316
2317
2319
2320
2321
2322
2323
2324
2326
2327
2328
2329
2330
2331
2332
2333
1671,2335
2337
2338
2339
2339,2375,2376,2406,2591,2594
2339,2375,2376,2592,2830
2340
2341
2342
2343
2344
2345
2346
2348
2350
2350,2479
2351
2129,2352
2353
2354
2355
2356
2357
2358
2359
2360
2361
2362
2363
2364
2365
2365,2411
2366,2412,2590
2366,2590
2366
2366,2412,2590
682,2347
2367
2367,2368
2369
1200,1201
2370
2371
2372
2373
2374
2390
2392
2393
2394
2396
676,1042,2396,2587
2397
2398
2399
2400
2401
2397,2401
2402
2403
2404
2405
2406
701,1062,2406,2588
2407
2408
2409
2410
754,1090,2410,2589
2146,2377,2378,2379,2380,2381,2382,2383,2384,2385,2386,2387,2388,2389
2411
2413
2414
2415
2417
2419
2420
2522,2610,2617,2623,2688,2742
2420,2421
2422
2464,2605,2744,2745,2833
2423,2424
2425
2426
2427
2428
2429
2431
2432
2433
2434
2454
2455
2456
2457
2458
2459
2462
2463
2465
2466
1915,1916,1917,1918,1919,1920,1921,1922,1923,1924,2467
538,780,1914
2468
2469
2470
2471
2472
2474
2475
2476
2477
2478
2479
2481
2483
2484
2485
2491
2494
2496
2497
2492,2493,2494,2495
2499
2501
2502
2503
2504
2505
2506
2507
2508
2509
2511
2514
1028,1029,2305,2306
669,674,1028,1029,2305,2306
944,2517
2520
1992,2520
487,1454,2521
2523
2031,2526
2640,2805
2528
2530
2641,2806
2532
2533
2528,2533
2534,2535,2536,2537,2538,2539,2540
2541,2542,2543,2544,2545,2546,2547
2548,2549,2550,2551,2552,2553,2554
2557
43,75,312,382
2560
2562
2563
2564,2573
2564,2573,2577
2565
2567
129,2575
129,131,2580
2568
2366,2569,2590
2571
130,2339,2592
2575
2576
2578
2579
2581
2582
2583
2584
2585
2586
2312,2593
2594
2339,2594
2595
2596
2597
2598
2599
20,25
2601
2602
2603,2604
2606
2135,2606
2608
2609
2611
2614
660,1322,2740
2615,2736
666,2740
660,2616
660,1322,2616
1861,2616
666,890,1861,2740
666,890,1861,2430,2740
1859,2740
469,932,1759
423,584,2163
2624
2625
2515,2556,2558,2626,2635
2633
2634
682,1577
1730,2642
1093,1729,2642
1729,2642,2720
1094,1729,2643
1730,2642
1730,2643
2644
2645
300,362,363
2646
2647
2648
962
1777,2651
2655
2656
2657
2658
2659
2663
1544,1545,1548,1551,1554,1558,1559,1560
2668,2670
1730,2667
1730,2669
2671
688,1995,2296
2460,2518,2676
1953,1954,2460,2674
2679
2673,2675,2677,2678
2681
2685
2686
516,519,520,523,524,525,587,688,689,2297,2498
588,1051
2692
2694
2695
2696
616,637,685,1565,1778,2084
608,949,979,1733,2457,2646
517,519,520,587,688,689,2296
2498,2701
2706
1803,2705
2707
2708
1093,1729,2709
1729,2709,2720
1094,1729,2710
1729,2710,2721
2713
2714
62,104,377
63,105,378
2716
2460,2676,2751
2021,2717
2457,2725
2719
2031,2719
661,1322,2722,2736
606,661,1322,2722,2736
608,2723
2724
2726
780,997,2728
2730
2732
2733
2734
2727
2736
2737
2738
1987,2738
2116,2118,2120,2738
1953,1954,2460,2674,2752
2739
207,949,979,2457,2646
410,2003
2746
2747
2748
614
2749
2731
2733
942,2750
2753
2757,2759
1730,2756
1730,2758
1093,1729,2756
1729,2720,2756
1094,1729,2758
2760
2765
2766
2767
2768
2769
2770
2771
2772
2773
2775
2779
2780
2781
396,2496,2499
2784
2786
2788
2789
2793
516,688,689,1995,2297
523,524,525,2795
560,2527,2632,2683,2690,2755,2764,2787,2794
2797
1632,1633,1634,1945,1946,1947,2132,2133,2134
2799
2800
2801
2802
2803
2804
2807
2808
2809
2812
2814
2815
2819
2820
2821
2822
2823
2824
2825
2829
2834
2435,2436,2437,2438,2439,2440,2441,2442,2443,2444,2445,2446,2447,2448,2449,2450,2451,2452,2453
2837