253,665
1036,1900
2
2,3218
3,2584
4
2892,2893
3142
3150
135
7
135,741,742
232,3152
10
1287
1416
1835,2913
1835,2914
3127
3150
1286,3252
135,742,1641,2377
2696,3321
17,2931
2695,3326
19,2931
1759,1760
21,2931
2046,2047
2324,2693
23,2931
25,2720,3121
25
26
28
30,31
29,1324
32,257
35
36
36,2001
38
38,2369
38,2370
40
52
54
55
57,2271
58,62
59
58,106,107,1107,2410,2419,2424
59,60
61,1809
737,1724,2185
65,1590
67
68
69
71
70,2100
73,2633
82
55,82
83,2638
83,3182
83,3182
84,1652
84,2731
84,2731
85,1640,1797,2598,2603
85,1640,2598,2603,3160
86
87
93
94
96,704,813,2012
97,98,100,101
96,192,705,813,2012
109
110
45,46
48,49,117,118,119,120,121,122
129
130
131,1812
134
134,720
135
135,575,1134,2670
135,2050
144
145,2068
147
149
54,1899,1903,2099
151,2458
152,2458
2079,3128
682,722,2179,2199
2101,3044
157
2652,2657,2658,2666
2648,2661
263,264
184,3231
1044,2190
1043,2191
166,167
161,2561
161,3153
194,915
162,998
162,939
163,955
163,2528
165,2120
163,3193
164,2127
164,2232
162,1058
162,2232
533,1264,3102
3090
170
172,2434
170,3101
171,3058
171,3287
724,3283
700,3014
819,2843,2919
174
174,3078
800,801,802,803,804,805
176,179
177
746,747,751,755,758,761
179
179,1896
181
182
182,703
201,2272
448,1715,1833,2594
448,1833,2594,3241
448,1833,2594,3236
448,1833,2596,3236
448,1833,2597,3236
181,1591,1592
185,1773
181,216
181,1595
186,269
186,270
187,2458
9,186,267
186,271
181,3060
188,2584
188,3057
189,3061
190,238,1924,2150,2856
190,1924,2150,2856,3225
190,1924,2150,2856,3244
182,1841
1134
109,969
109,1014
42,44,47,56,93,111,123,124,125,146,223,275,276,326,345,405,406,505,594,606,655,656,658,660,676,746,747,781,788,791,796,839,859,861,930,935,936,937,967,968,971,978,979,984,987,1002,1016,1065,1069,1070,1108,1124,1519,1571,1765,1783,1799,1862,1864,1865,1921,1974,2004,2035,2048,2052,2053,2143,2176,2181,2182,2196,2198,2212,2227,2268,2270,2351,2364,2365,2372,2411,2437,2450,2456,2574,2721,2737,2766,2768,2769,2775,2817,2855,2864
37,43,114,137,140,142,197,229,234,279,467,468,502,541,571,592,593,737,780,782,927,954,980,990,1106,1705,1706,1707,1745,1751,1777,1784,1831,1934,1937,1958,2118,2174,2200,2201,2202,2203,2304,2306,2307,2310,2328,2498,2508,2575,2582,2585,2679,2680,2722,2851,2853,2869
220,3257
196
477,480
432,2074
200
204
2125,3043
205
205,1778
208,210
211
212
473,474,1596
220
190,1924,2856,3225,3274
220,998,2468,2528
221
222
223
223,1746
225,226,227,228
224,1896
231
232
148,231
149,231
231,2503
234
236
2904,2989,3331,3337,3360
191,237
239
239,2697
240
240,2887
241
241,427
242
157,242
246,247
244,3302
240,243
245,2168
248
157,248
249
249,2403
250
250,1598
251,664,2340,2486
252,1966
254
207,209
255,1984
205,353
353,3059
765,2649
763,765,767
765,767
259,400
763,765,767
258,404
179,260
261,267
2668
262,1060
262,2669
262,2990
265,1060
265,2844
2675
268
272
273
274
278,306,691,692,694
276,2945
277,511
277,510
279
279,280
280
280,317
281,318
276,283
282,692
276,284,286
181,289
287,291,2987
291
292
305,694
4,305
304,305
296,300
294,298
2946,2947
302,303
293,521
690,694
691,694
297,301
292,307
295,299
308,2987
310,311
2960,3313,3361
309,312
314
314,317
315
317,318
315,316
317
319
311,321
320,325
320,325,327
322,328,332
320,325,327,328
311,313
325
327
329,330,331
332
333
334
336
336,682
338
338,2439,2578,2611,2614
339
339,1896
340
343
343,820
344,1282
344,1413
347
348
351
352
351,2079
351
2079,3128
354
355
357,359
357
358
359
361
362
363
360,363
365
366
367
369
369,998
14,605
377,385
378,386
400
404
407
409
409,3021
410
998,2125,2856,3056
413,479
413,2856
417,419,421,422
415,2594
418,420,423
416,2594
424
424,425
425
427
427,1185
427,682,1186
427,1894
428
429
429,2267
429,2266
188,428
431
431,470
433
434,477
198,434
434,480
995,3301
998,3301
2106,3301
440
441
445
448
450
449,453
451,2931
454
2261,2262
456
456,595
458,459,596,598
456,690
456,693
448,1313
462
463,464
282,462
462,693
466
324,332,466
469
472
476
480
483,1104
485
485,2266
487
489
490
489,969
489,1014
491,2316
491,2101,2874
491,2101,2466,2874,2879
491,2101,2466,2879,3230
494
498
499
507,2083,2199
509
510
511
513
513
282,513
513,1180
517,518,519,520
522,523
522
523
457,521
521,695
521,695
515,521
524
525
528,529
180,527
533
533,1260,1262
533,1262,1264
534,1637
534,1645
534,2821
533,1262,1753
533,1262,1983
533,1264,3102
533,1642,3102
535
538,2513,2516,2518
539,2514,2517
540,3152
538,2513,2516
542,1810,1811
254,543,682
544
545
545,2780
547
549
550,1680
551
551,1077
552,872
553,1077
554,872
555,2627
556,872
557,2628
561
562,872
563,2915
566
2,566
441,725
569,570
323,568
572
572,1932
573
574
575
576
576,580
577,581
578,1501
579,1616
580
580,614
582
583
2430,2587
2586,2587
595
282,595
597,599
595,693
595,2987
600
290,600
414,601
2032,2569
603
604,849
609,612
609,785,842
611,2939
613
544,613
613,1413
615,1509
617
617,2267
618
619,1444
620,626
620,627
620,940,2288,2289
621,939,995,1000,1001,1522,1764,2121,2232,2538,2890,3192,3202,3204,3209,3292
622,2289
620,3245
623,940
369,624
624,999
624,3191
626
626,1444
628
630
631
632
637,642
638,643
639,644
634,3068,3077,3185,3208
640,3042
636,2548
636,997,3204,3242,3250
636,3263
635,3068,3077,3185,3208
633,642
633,643
642
642,1609,1906
645
649
649,1616
651
652,2160
654
666
667
86,667
682
2171,2172
684,2170
685,3081
356
689
282,689
282,511,689
282,511,689,2293
510,690
516,690
304,689
273,693
514,691
514,690
343
697
698
699
196,701,2078
1081,1082,1083,1084,1085,1106,2937
196,701
567,706
707,1839
99,704
173,704
175,2584
709
712
714,2461
710,711
717,718
275,276
413,479,1212,2934
288,719
645,3232
720
2165,2941
722
3055,3065
370,3055
371,3055
372,3055
373,3055
723,2600
723,2600
3055,3064
3055,3131
724
724,2911
724,3176
727,3057
727,2105,3057
2779
561,725
725,2739
725,2740
725,726
727,2584
726,941,3285
725,1668
725,1977
725,1930
728
444,2916
731
735,736
733
734
735
736
180,736
180,732
739
1141,2846
739,740
739,2926
741
27,1602,2400
741,1202
746
757
758
765
771
771,2844
772,1887
774
775
772,776
773,777
775,2844
776,1887
1055,2846
779,1692,2186
794
747,751,752
448,806
747,751
746,765
807,1767
3108,3110,3111
943,1898,2903
811
784
814
812,815,1897
494,1685
2822,2842
2803
2807,2809
2806
664,793,864,1066,1067,1068,1151,1743,1842,1891,1939,2338,2339,2362,2373,2374,2378,2379,2380,2381,2382,2433,2472,2473,2504,2534,2744,2752,2759,2761,2813,2819,2884,2901,2902
819,1632
819,2841
820
821
823
824
825
825,826
826
824,828
827,829
828
829
830
833
836
835,838,2959
660,839,2198
840,1896
841
843
844
850,1896
568,1761,2971,2972
846,2854
854
855
952
349,350
857,2419
860
862
863
866,872,1870
870,1593
174,871
875
873,874
446,873
447,877
885,1810,1811
1909,1910,2589
682,886,887
889,1810,1811
2,1771,1909,1910
682,890,891
721,1909
682,893,896
895,1810,1811
898,900,903
906
906,3334
2667
2673
911
912
913
913,3342
914
913,915
913,916
916,3341
917
921
925
938
939
939,1058,2538,2890
939,1715
939
369,942,998,3290
942,998,1657,3257
942,998,3257,3290
943
944
947
34,42,44,46,47,63,74,76,77,80,88,104,105,122,125,126,127,133,217,335,337,341,342,346,368,406,488,495,512,587,588,591,608,646,647,648,657,659,661,662,663,729,738,769,799,831,832,884,904,934,979,985,987,989,1003,1007,1013,1016,1017,1054,1078,1107,1130,1133,1135,1136,1137,1138,1151,1191,1518,1519,1520,1621,1658,1688,1689,1750,1758,1799,1802,1846,1858,1861,1862,1881,1994,2045,2054,2071,2088,2089,2096,2097,2139,2152,2155,2165,2167,2175,2177,2204,2205,2206,2207,2210,2211,2213,2214,2215,2216,2217,2218,2219,2220,2269,2296,2449,2540,2641,2692,2863,2864,2889,2891
51,103,114,128,138,139,140,266,439,462,465,482,552,554,589,595,778,787,789,790,792,797,798,845,847,865,867,927,929,954,1579,1583,1705,1706,1707,1724,1736,1738,1830,1922,1926,1959,2140,2174,2263,2315,2352,2452,2453,2457,2476,2480,2484,2492,2495,2567,2618,2623,2679,2763,2814
951
135,2905
953
955
995,1722
995,3048
960,3143
961
962
964,965
965
969
970
975,1040
975,976
975
976
977
628,630
982,1470
986
180,986
992
995
996
997
998
998,2528
955,998
956,998
998,3062
1004
1005,2114
1006
1008
1009
1010
1011
1012
1014
1039
972,973
1042
976,1612
154,1040
153,1040
1043,2547
1043,3260
1040,1041
1046,2253
1046,2231
1040,2784
537,1047
1047,2253
1047,2231
1047,2511
1045,1763
1047,2563
1047,3153
1048,2231
1049
1050
1051
1053
1053,1725
1057
1057,1746
1057,1771
1057,2656
1058
1060
1063
1073
1073,1504
848,1062
1096,1675
1087,1088,1088,1090
1086,1088,1089,1091,1092,1093,1094
196,1081
1095,1676
196,2937
725,1678
196,1082
196,1082
725,1673
1099,1100
1097,1670
1097,1661
1099,1666
1662,1663
725,1671
1101,1103
196,1083
1104,1681,1682
484,725
196,1085
1105,1664
1107
1109
1110
1113
806,2970
1114
1115
1116
1117
1118
1119
1120
1120,3009
1125
1126,1127
1128,1545,2620
1130,1133
1133
1134
79,1139
78,1138
1140
1144,1145,1147,1148
180,1146
1149,2542
1148
1052,1112
1155,1171,1466
1157,1165,1463
1158,1163,1166
1159,1163,1167
1172,2893
1173,3290
1160,1168,1461
1161,1169,1464
1162,1170,1465
1174,2255
1178,2255
1156,1164,1462
983,1468,1483
689,1154,2589
1181
1183,1185,1186,1187,1188
1185
1186
1189
1189,1190
2106,3220
1190
1192
1141,1698,2846,3344
1194
1196
1198
1200
1602,1880
1202,2644
1204
1206
1208
1210
1212
1214
1216
1220,1230
455,1183,1923,2861
1218,1228
1222,1225
1223,1225
1223,1226
1223,3069
1218,1229,2556
1218,1229,3147
1218,1229,3146
1218,1229,3149
1224,2777
1225,2778
1227
1227,1609,2555
1228,1611
1228,3340
1227,2821
1230
1231
1232
1232
1233,1236
1234
1845,2153,2744,2745,2746,2747,2748,2751,2753,2755,2757,2758,2760
2961,2967
3135
195,536,702,880,963,1197,1219,1235,1542,1838,1875,2016,2154,2226,2533
1233,1243
1233,1241
1238,2512
1233,1240
1233,3071
1242,1244
1243,1611
1245
1245,1251,1276
1245,1252,1277
1245,1277,3234
1246,2546
1246,3145
1247,1249
1248,1251,1276
1250
1250,1609
1260
1261
1262
1264
1264,1914
1264,3100,3102
533
1447,1501
1447,1498,3076,3077
1265,2544
1265,3142
1284,3142,3150
1266
1266
1267,1274
1268,1276
1269,1278
1270,1278
1271,2557
1271,3270
1272
379,381,384,387,389,391,393,395,628,632,669,671,673,1282,1287,1328,1341,1485,1512,1726,1904,2686
380,382,383,385,388,390,392,394,629,641,668,670,672,1283,1288,1329,1340,1342,1486,1513,1727,2683
476,480,618,869,1183,1352,1361
478,481,625,868,1184,1353,1362
399,401,403,928,1370,2226,2704
398,400,402,927,1369,2225,2705
1273,1609
1275
1275,2777
1279
1280
1279,1280
1282
1283
820,1282
1282,1287
1285,1293,1296
1285,1293,3280
1286,2560
1285,1292
1287
1287,1397
1290
1290,2777
1291,1295
1294
1294,1612
1297
1298,2551
1298,3262
1301,1609
1283,1288,1340,1342,2683
1285,1347,2686
868,1577,1580,1582,1584,2862
869,1576,1579,1581,1583,2861
1297,1304
1297,1303
1299,1479
1300,1609
1302
1302,2777
1304
1305
1305,1310
1306,1431,1434
1306,3195,3196,3200,3201
1307,2469
1307,2558
1307,3204
997,1308
955,1309
1309,2529
1309,3193
1307,3207
1305,1430,1433
1310
1306,1430,1433
1311
1312
1313
1315,1318,1322
1319
1320,1324,1327
1324
1316,1324,1326
1325
1326
1327
1328
81,1329
80,1330
1332
1328,1335
1333,1337
1334
1328,1334
1334,1460
1335
1335,1460
1336,2474
1337
1338
1338,1377
1338,1378,1381
1339,2557
1339,3270
1342
1343
1344
1345
1346
1341,1904
1347,1352
1347,1361
1349
1350
1351
1351,1364
1349,1364
1349,1368
1352
2918,2993
1348,1363
1357,1537
1356,2721
1355,1888
1355,1888,2721,3175
1358,1533
1358,3031
1359,2731
1358,3119
1352,1354
1352,1361
1360,1369
1361
1363
1364
1365
1365,1442
1368
1369
1371
1372
1372,1377
1373,1613
1373,3212
1374,2557
1374,3150
1372,1381,1395
1375
1375,1609
1376,1381
1381
1382
1382,1387
1383,1433
1384,1435
1385,2550
1385,3261
1386,1609
1388
1388,1393
1276,1389
1277,1388,1395
1277,1388,3190
1390,2232
1391,2557
1391,3270
1392
1392,1609
1381,1393
1396
1388,1396
1397
1289,1293,1404
1289,1291,3194
1399,2557
1400,2560
1399,3252,3270
1289,1291,1403
1401
1401,1612
1405
1377,1405
1406,2547
1406,3144
1380,1405
1394,1405
1381,1395,1405
1407,2557
1407,3150
1408
1324,1325,1409
1410
1277,1379,1410
1411,2547
1411,3144
1376,1410
1276,1412
1413
820,1413
1414,1417,1501
1414,1418,1500
1414,3197,3246
1415,2544,2557
1416
1416,1609
1371,1427,1433,3200,3235
1422,2563
1422,2469
1422,3204
1422,3153
1426,1433
1428,1433
1424,2584
1424,3208
1371,1427
1425,1430
1427
1429
1429,1609
1432
1432,1614
1437
1438,1440
1439,2044
1441
1441,2198
1442
1366,1442
1363,1367
1443
1443
1444,2264
1444,2436
626,1445
618,1443
626,1446
820,1282
1295,1447
1294,1447,3077
1448,2560
1448,3151
1447,1503
1295,1417,1447
1296,1418,1447
1284,2544,2557
1295,1447,1501
1296,1447,1502
2554,2560
1449,3142,3151
1368,1452
1363,1450
1451,1453,1454
1455
1349,1455
1368,1456
1457
1458
356,1458,1459
1459
1459,2500
1459,3126
1457,1459
687,1457
1437,1469
1467,1470
1469
631,1612
1471
1297,1471
381,1341,1485,1512,1904,2686
382,1340,1342,1486,1513,2683
92,385,585,858,918,1704
91,387,584,919,1703,2963
1471,1479
1303,1472
1473,2522
1433,1472
1474,1609
1475,3200
1476,2559
1476,3272
1477
1477,1612
1480
1480
1481,1484
1470,1482
1484
1485
1487
1488
1491,1493
1485,1494
1485,1497
1490,1499
1489,1501
2785,3242
1490,1501
1494
3327,3328,3338
1497
1494,1496
1281,1501
1498
1499
1498,1610
1504
1504,1510
1433,1505
1434,1505
1508,1556
1434,1506
1507,2563
1507,3153
1507,2110
1509
1509,1609
616,2764
1511,2557
1511,3150
1514
1433,1514,1517
1436,1514,1517
1436,1514,3238
1515,2566
1515,3263
1516
1516,1609
1521
1522
1660,2921,2974
1523,1587
1524
1525
951,3310
1527,1982
355,1528
1533
1534,3088
1533,1535
1534,3089
1534,3087
1540,2980
1533,3087
1533,3089
1533,3088
1535
1535,3087
1535,3089
1535,3088
1536
1537
1537,3011
1537,3013
1537,3012
440,725
1543,1544,1545,1548,1550,1551,1552,1553,1554
1545
1545,1552
3041,3127
1552
1552,2734
1554
1555,1557
1558
113,1067
1204,1609,1803,2146,2544,2807
741,1564
1558,1938
1558,2790
1558,2808
1559,1562
818,1067,1558
1565
1554,3148
1567,2782
1568,1688
836,1563
1570,3000
817,1558
912,1558
1545,1558
1558,2009
1558,2169
1558,1561
1572
1573,1581
1574,3006
1586
1586,3214
1588
1181,1589
1591,1594
1593,3017
186,881
186,875
186,882
1963,1971
1598
1599
1601,1688
1573,1585
1603,1776
1575,1583
1576,1583
1175,1420
1179,1423
999,1606
1606,2253
1606,2471
998,1607
1176,1421
1177,1419
1328,1341
1331,1344
1330,1345
471
1609
1609,1612
2920,2948,3318,3339
1612
1613
1614
2904,2920,2989,3318,3339
1614,1615
1614,2230
1614,3203
1610,1730
1610,2043
1618
1622
2823,2824,2825,2826,2827,2829,2830,2831,2832,2833,2834,2835,2836,2837
1624,2350
1625,1963
1623
1626,2744
1627,1628
1629
1630
1632
1633
1643,2734
1655,2731
1655,2731
1652,2636
1646,2636
1648,1651
1648,1650
1640,1652,2598,2603,3160
1634
1641
1644
1645
1647
1649
1649,2636
1649,3355
1655
1656,2810
1661
1664
1665,2779
1099,1667
1669,2779
1097,1669
1098,1672
1674
725,1674
1675
1676
1677,2937
1679
1681
1682
1683
548,1684
1685
1687
1688
812,1691,1897
2888,2889
1693
1694
1695
1696
1697,2448
443,981,1776
1700
1700,1837
1701
713,1701
1702
716,1702
1710
1711
1712
1713
1713,1746
1713,3021
1715
645,1715
8,1717
944,1719
1720
1721
1722
1723
180,1723
1182,1604
1725
1726
1498,1728
650,1729,2042
1616,1726
1730
1616,1617
1735,1737,1738
196,1733
1740
1741
1742
1744
1746
1746,3299
1748,1749
1605,1748
992,1746
409,1746
1755
1753
1756
1757,2702
1759
1759,2999
1761
583,944,1761
1763
1765
1039,1765
1976,1978
1766
1767
1768
1769
1770
1771
363
876,877
1774,2620
1776
1778
1782,2270
1778
256,1780
1778,2910
1785
1786
1788,1790
1789,1791
1790
1791
1792
1790,1792
1793
1794
1795,2537
1796,2731
1797
1798
1800,1804,1805
1806
1801,1806,1807
1799,1803
1812
1812,1993
1812,2723
1129,1813
1814
1810,1811,1815
254,682,1816
888,892,894,1817
948,949,950,1818
1822
1822,1984
135,1823
1822,2001
1824
1826,1827
1793,2731
410,1832
1732,1734
1097
196,2078,3004
1079,1080
472,1836
1836,2996
1836,2997
2078,3005
1079,1080
1079,1080,1608
1840
201,338,1834,2611,2614
1846
1847
1866,2964
689,1867
426,879
855,1868
811,1869
1869
1872
1873
1874
1876
1877
1887
1887
1894
320,325,327,328,332
1895
1896
1898
116,150,856
856,2877
116,856
1900,2271
1883,1884
160,1889
159,1889
1889,2906
1890,1893
54,1899,1902
1892
1905
1911
2674
1912,2844
1913
1914
1915,1916
534,1907
1774,1907,2080
1907,2607
1917
1918
1924
897,1928
1153,1929
1930
897,1931
1933
1932,1933
1936,2725
1935,2724
1938
1941,1946,1950,1954
1942,1947,1951,1955
1945,1949,1953,1963
1943,1948,1952,1956
0,1944
1957
683,809
1961,2349
1960,2349
1960,2349,3116
252,1964
1965
1798,1965,2720
1960,2349,2822,3116
605,1967
1960,3114
605,1968
1965,2720,3122
1965,2720,3121
1971
1971,1972
1962,1973
1061,1686
1686
1843,1844,2317,2815,2816
1979,1980
1981
1982
1983
1984
1985
106,178
1985,1986
193,1150,2588
1985,1987
1988
1989,2270
355,1990
1991
1985,2580
1992
794,1992,2572
794,1992,2955
1993
1995
1996
1997
1998
1998,2988
1999
1772,1999
2001
2007
1600,2008
2010
2011
18,20,22,24,452,2689
1608,1835
590,2012
2013
2014
2015
2017,2020,2022,2024
2017
808,2619,2883
2019
2017,2018
2020
2020,2399
2021
2022
808,1602,2590,2883
2022,2023
2024
741,2024
2025
2033
2038
715,2038
2039
2040
1731,2040
2043
1609,2043
2046
2714
10,2776
2050
2051
2057,2060
2056
2056
2056,2059,2062
2057,2060,2063
492,2058
2059
2061
1825,2000
1264,2065
2066,2607
2066,2607
2064,2360
352,2067
2067,2828
1264,2067
2068
2069
2070
2072
2933,2935,3010
199,2072
2072,2073
2075
2076
2077
2078
2080,2136
2080
2080,2100
2090
1037,2091
2092
1037,2093
1037,2095
2094
2099
2100
2101
2103,2104
1746,2102
2111,2112
2113,2120
2105,3247
2119,2129
2110
2105,2939
560,586,2005,2115
2117
2120
2122,2123,2126
2124,2127
2127
2130
2130,2132
487,2131
2116,2130
2135
2099,2100
2137
2138
2180,2183
724,2184
682,2141
180,2142
2146,2149
2147,2148
2146
2146,3214
2146,3048
2149
2153
2161,2162,2163
198,653
2165
2166
2168
2169
2173
2179
2186
2187
2189
155,2291
2190,2462
156,2291
2195,2291
13,2291
252,2192
2291,3022
2291,3023
2193,2232
2193,3243
2193,3153
2193,2563
1612,2189
2194
2198
2199
2208
2221
2222
2223
2224,2295
2225
2228
2229
2230
2233,2235,2237,2239,2241,2243,2245,2248,2250,2252,2254,2257,2259
2231
2232
2246
645,2246
2249
2253
2232,2253
2255,3224
2253,3277
2232,2234,2236,2238,2240,2242,2244,2247,2249,2251,2253,2256,2258
2264
2266
2267
2270
730,854
2085,2086,2087
2273
2274
2275
2276
2277
2278
2279
2280
2281
2282
2283
3103,3116
3177,3180
3037,3039,3040
2285
353,3059
3303,3304
2286
822,1141,1699
534,1655
743,748,753,756,759,762,764,766
744,749
745,750,754,757,760,763,765,767
745,750
1040,2188,2287
2292
526
2294
1828
2270,2295
2037,2313,2357
969,2315
1014,2315
492,2056
2318
2319,2321
1599,2320
2322
2324,2693
2323,3324
969,2325
1014,2325
2328
2329
5,2329
2332
2333
2336,2337
2341
2342,2346
2343,2347
2344
2344,2348
1037,2345
180,2344
2350
2359,2636
3357
2358
2359
2360
2361
2363
2365,2367,2368
2369
2369
6,2369
911,2369
1747,2366
180,2366
2375
2376,2746,2754
2383
2389
412,1762
2390
2391
2396
2397
2399
2334,2335
2401,2928
2318,2326
2336
682,724,2402
2403
2393,2394,2395
2405
969,2405
1014,2405
682,2406
2407,2656
682,2412
2413,2903
2414,2417
682,2415
1898,2010,2416
682,2415,2903
2418
2425
2464,2465
969,2428
1014,2428
2429,2440
2431
2431,2636
2431,3355
664,2486,2922
0,3137
2435
2436
2438
2439
2439,2578
2441,2442
2441
2443,2444,2445,2446
2447
2448
2454
2455
2458
2459,2461
2460,2649
2462
2463
998,1924,1927
2467
2469
2470
1521,1522
2255,3062
998,2232
2474
442,2481,2482
2476,2478,2479
725,2477
2475,2589
2483
2485
2485,2779
2487
2488
2489
2489
2427,2490
2491
2491
958,1722
2500
2501
2502
2503
2505
2509
2510
2513,2518
2513,2518
2513
2514
636,2512
666,843,844,2383,2515
636,2512
2516
2518
2519
2520
2521
2523
2524
2525
2526
2527
2528
2529
2460,2656
2532
2536
2538
2541,2543
2552,2553
1239,2552
2544,2555,2557,2560,2561
2544,2557
2544,2557,2563
1907,2549
2544,2557,2560,2561
2544,2557,2565
2552
3259,3269,3271
2555
2557
2557,2561
2557,2565
71,496,932,1130,1548,1820,2002,2127,2355,2518,2544,2867
902,1072,1266,1314,1321,1397,1485,1713,1717,1726,1851,1853,1856,1860,2040,2157,2424,2632,2639,2865
72,497,933,1131,1549,1821,2003,2128,2356,2519,2545,2868
901,1071,1272,1317,1323,1398,1486,1714,1718,1727,1850,1852,1855,1859,2041,2156,2423,2631,2640,2866
203,214,219,397,504,922,924,926,1076,1620,1886,1920,2134,2159,2386,2388,2531,2772,2899
1184,1402,1495,1878,2422,2704
202,213,218,396,503,921,923,925,1075,1619,1885,1919,2133,2158,2385,2387,2530,2771,2898
1183,1401,1494,1879,2421,2703
2560
2561
2562,2564
2565
376,1255,1257,1259
375,1254,1256,1258
868,1478,2029,2031
869,1477,2028,2030
2544,2557,2562,2564
2568
682,2568
2569,2762
2570
2570
1545,2571,2620
2565,2571,2620
2570,2750
2571,2927
2571,2924
1545,2571,3291
2571,3099
1545,2571,3099
2565,2571,3099
2576
2577
2578
2507,2576
2579
1133,2579
2581
2584
183,2429,2440
34,46,63,66,74,76,77,80,88,104,108,112,122,133,217,275,276,335,341,368,406,488,512,588,591,608,646,648,661,679,729,738,769,799,831,832,851,884,905,968,974,985,989,1007,1013,1017,1078,1107,1108,1130,1133,1137,1138,1151,1191,1519,1520,1802,1846,1861,1881,1965,1994,2045,2054,2082,2088,2089,2097,2139,2155,2165,2167,2175,2204,2205,2206,2207,2210,2211,2213,2214,2215,2216,2217,2218,2219,2220,2269,2270,2384,2408,2409,2414,2417,2420,2450,2451,2540,2863,2864,2888,2889
37,75,90,103,128,139,197,314,455,462,465,482,486,552,589,595,674,675,778,780,787,797,845,859,875,878,927,931,992,1082,1152,1253,1531,1532,1579,1724,1739,1849,1905,1926,2036,2049,2084,2225,2261,2298,2300,2301,2303,2305,2308,2309,2311,2312,2314,2315,2352,2353,2354,2448,2452,2457,2480,2482,2485,2495,2583,2653,2678,2679,2779,2937
2589
41,95,111,115,196,223,339,342,506,526,530,531,573,602,607,659,663,669,679,755,783,786,839,852,920,930,971,974,1003,1121,1122,1123,1518,1621,1688,1717,1750,1754,1761,1765,1857,1940,1965,1975,2026,2034,2035,2038,2082,2090,2178,2253,2265,2296,2297,2302,2351,2499,2535,2624,2641,2721,2863
26,50,51,64,75,89,102,136,141,142,143,233,279,411,442,460,461,466,482,500,501,502,532,541,546,554,561,571,677,678,768,770,782,865,929,991,993,994,1074,1111,1152,1575,1576,1578,1583,1659,1701,1707,1708,1709,1736,1819,1848,1854,1863,1871,2027,2036,2049,2098,2144,2151,2260,2262,2304,2307,2327,2330,2432,2493,2494,2495,2496,2497,2498,2505,2506,2573,2575,2615,2676,2677,2680,2681,2703,2722,2763,2765,2814,2851
939,1715,1763,2539,2890
430,436,437,2593
475,2594
1797,2598,2603
2602,3080
215,2605
1797,2598,2603
2839,3305
2608
2609
2610
1650,2610
1651,2610
2612,2613
2614
2616,2691
2617,2621
2620
1263,2620
2483,2621
2917,2955
2620,3308
2625
2626
183,2595
2627
2627,2915
2629
236,1586,2629
2629,2856
96,704,2012
2634
2635
2635,2736
3355
2637
2642
2101,2642
158,236,2643
158,2643
2644
2646
1766,2647
2645,2653
992,2651
2290,2781
2649,2650
2654
1056,1064,1142,1602,2404
11,12
408,1746,2656
2415,2656
899,2656
12,2662
2659,3019
2660
951,2660
26,992,2665
2653,2662
708,810,1771,3003
2663,2664
1015,1597
2667,2673
2671
2669,2672
2673
2682
2684
2912,2936,2962,2969,2991
2685,2687
2685,2703
2685,2703
2688,2931
17,19,21,23,451,2688
2693
2694
2695
2696
2697
2698
2640,2699
2639,2701
2697,2700,2703
2703
2706
2706,2712
2707
2707,2716
2708
2709
2324,2694
2712
2713
2698,2713
2710,2712,2715
2717
2708,2717
2718
2709,2719
2690,2726,2730
1631,2690,2726
2720
2721
2723
33,2723
1654,2727
2727,2731
2727,2930
2729
1794,2729
2636,2729
2729,3355
2731
1781,2731
534,1635
2636,2731
2731,3031
2731,2975
2731,2976
2733,3085
2731,3035
2731,3036
2731,3072
2731,3074
1905,2657
438,2741
2739
2740
2742
1895,2743,3344
2636
508,2738
2744
1907,2746
2749,2756
2762
2764
2773
2576,2773
2577,2773
2578,2773
2774
2776
1985,2776
2777
2920,3318,3339
2779
76,77,115,126,127,196,339,342,488,526,531,573,607,647,648,659,661,662,669,679,729,910,920,934,971,988,1003,1054,1121,1191,1518,1750,1758,1761,1765,1829,1857,1858,1975,2026,2034,2038,2090,2096,2164,2178,2197,2253,2265,2296,2297,2535,2624,2641,2692,2891
50,51,89,136,138,140,143,411,439,442,460,461,466,482,500,502,532,546,552,554,561,589,677,678,681,798,865,867,929,931,954,993,1074,1576,1579,1583,1659,1701,1708,1709,1736,1738,1819,1830,1922,2006,2027,2144,2151,2225,2260,2299,2330,2331,2457,2476,2480,2484,2492,2495,2505,2506,2567,2575,2583,2615,2677,2681,2763,2765,2814,2851
2774,2776
1018,1019,1020,1021,1022,1023,1024,1025,1026,1027,1028,1029,1030,1031,1032,1033,1034,1035
53,235,702,834,966,1195,1199,1201,1205,1207,1209,1211,1213,1215,1217,1526,1542,1560,1566,1882,2016,2209,2371,2398,2426,2886
1221,1231
1492
2232,2785
369,2786
2518,2785
2547,2785
2785,3260
2785,2787
2788
2790
2804,2805
2808
2809,2812
1640,2809,2812
2818
2820
2821
2392,2789,2791,2792,2793,2794,2795,2796,2797,2798,2799,2800,2801,2802
1652,1781
915,2840
2822,2838
2842
816,2822
2844
2845
605,1547
374,2847
2783,2848
2850
2849,2851
2856
2856,2858,2860
435,2100,2856
2858,2860
2861
795,2870
2871
322,2871
328,332,2872
2873
1908,2873
39,230,680,1925,1926,2878
493,3189,3211
116,952,2876
2880,2881,2882
200,2100,2316,2875
2885
2887
3252
2890
2893
184,2894
2894
2895
1059,1143
2900
2903
158,236,3046
1646,3355
1638,3093
1546,2908
860,2359,3355
363,860,2359,3355
1636,1640,2600
1636,1640,2598,2603,3160
1639,3093
1546,2909
860,2359,2636
363,860,2359,2636
2108,2965
40,162
162,369
162,645
162,995
162,996
162,1715
162,2463
162,2487
162,2488
162,2516
162,2523
162,2584
162,3187
162,2120,2127,3187
162,2127,3187
162,3191
688
343,1608,1835
2915
2917
2919
605,2292,3129,3154
2923
2924
2925,2927
2927
2928
1141,1698,1775,3344
1814,2929
2728,2730
186,883
186,3067
2584,2938
2938,3057
2145,2939
2100,2857,2939
2100,2939,3084
2939,3186
2943,2949
2942
2944
67,811
2950
2270,2951
355,2952
1192,1193
1063,1752
654,2953
2896,2897
2359,2361,2954
2954,3291
2954,3099
1545,2955
132,3347
1530,3347
1793,2956
2610,2956
2622,2957
2957,3093
2621,2957
1552,2958
534,3354
837,3000
2673,2844
907,908,909
2592
2973
2977,3088
2977,3089
2731,2977
2733,2735
2811,2979
1652,2810,2984
1652,2984
2731,3032
2811,2983
2607,2982
2607,2981
1538,2978
3031,3088
1539,2979
2985
2986
276,285,286
2988
2990
1574,2861
2654,2966
2818,2992
2711,2998
1,701
696,3004
1911,2822
3006
3007
3008
3009
1901,2906
159,1901
160,1901
3014
3015
3016
3017
3018
26,3020
3021
610,3257
2333,3024
2856,3257
3025
3025,3139
955,2100,3026
2100,3026,3239
2105,3027
1537,3031
2731,3031
3127
3132,3174
3132,3181
3095,3096
3031,3087
3031,3089
3038
3041
3041,3127
3043
3044,3045
3048
3049
2100,2859,3053,3227
3053,3186
2100,2316,3053,3186
2055,3050
236,2100,2859,3053
959,2100,2859,3051,3227
2100,2859,3054,3227
236,2100,3053,3219
3049,3139
957,3051
2145,3052
959,2145,3051
2857,3053
2100,2630,2857,3053
2100,2857,3054,3184
2100,2857,3034,3053
2100,2857,3053,3184
724,3282
3059
2697,3228
3130
1778,3059,3063
1797,3066
534,1797,3066
2856,3056
3087,3165
3089,3165
3088,3165
3072
1652,3072
1640,2607,3073
1640,2598,2603,3073,3160
2731,2735
3072,3087
3072,3089
3072,3088
2135,3075
3047
3109,3112
3079
3157,3162,3221
3156,3159,3166
3120,3125
3028,3029,3030
3044,3273
3082,3083
2733,3085
722,3086
3011,3175
3012,3175
3013,3175
2081,3092
2100,3091
3094
3096
3097
1261,3098
3104,3107
3104
3105
3106,3109
3104,3107
3109
3112
3114
2350,3114
1963,3116
3116
3121
3122
3123
3123
3124
3126
3127
3128
3129
3131
3132
3133
3134
1798,2720,3136
2720,3121,3136
3138
2852,3138
999,3229
938,3213
853,3140
1924,3213
2873,3141
2058,3141
3142
1237,1239
1567,3265
1568,3267
1569,3268
2117,2581,3143
3135
1239,3265
3142,3150
3142,3150,3151,3206,3255
3142,3151
3142,3251
3150
3151
3153
3254,3256
3255
3041
605,3154
1231,3155
3161,3163
3156
3172
3158
3167
3167
205,3168
206,3168
1778,3169
1779,3169
2731,3170
1653,3170
2601,3171
2599,3171
2600,3171
2732,3170
3173
3174
3175
3176
3178
3179
3181
3183
1223,3070
200,2100,2316,3188
3198,3199
3258
15,3152,3271
2514,3205
2519,3205
3255,3270
200,2100,2316,3210
3213
958,3213
2100,3215
2149,3216
435,2100,3217
3220
2591,3223
199,1716,3226
3229
3232
3233
3237
3247
3248
3252
3252
3252,3258
821,3253
1283,3253
3255
3257
3258
3264
3249,3259,3271
3259,3266,3271
3258,3270
3248,3258,3270
3255,3258,3270
3264
1687,1688,3265
3258,3270
1414,3197,3246,3258,3270
3270
3270
3249,3271
3249,3271
3248,3270
3252,3270
3275
188,3276
915,3278
3279
3281
724,3284
1808,3286
3113,3286
169,3286
1970,2350
969,3001
1014,3001
2318,3288
3117,3288
3118,3288
3289
1787,1808
1969,2350
2106,2107,2109
2232,3222
168,3115
1132,3178
3293
558,564
559,565
2584,3294
3057,3294
2149,3295
3275,3295
1102,1836
1836,1840
945,2271
946,2271
1037,1038
1037,1038
198,941,2284
184,3240
3302
3033,3154
3048,3279
3214,3279
3306
3088,3164
1541,3164
3089,3164
3309
3320
3319,3321
2606,3322
3323
2770,3325
3332
3334
3296,3297,3298,3314,3315,3316,3317
1690,2767,2940,2968,2994,2995,3002,3329,3335
2932,3300,3307,3312,3330,3333,3336
3343
3358,3359
2654,2655
1202,1203
16,3346
1983,3347
1812,3347
1649,3349
3093,3350
2622,3350
1546,3351
2621,3350
2070,3349
1572,2070,3348
860,2359,3349
686,3353
3311,3352
364,3352
2729,3349
1529,3347
2635,3345
534,2907
1652,3355
2359,3355
2731,3355
1640,2598,2604,3160,3356
1640,1797,2598,2604,3356