253,665
1036,1949
2
2,3302
3,2633
4
2941,2942
3225
3233
135
7
135,741,742
232,3235
10
1336
1465
1884,2963
1884,2964
3210
3233
1335,3336
135,742,1690,2426
2745,3404
17,2981
2744,3409
19,2981
1808,1809
21,2981
2095,2096
2373,2742
23,2981
25,2769,3204
25
26
28
30,31
29,1373
32,257
35
36
36,2050
38
38,2418
38,2419
40
52
54
55
57,2320
58,62
59
58,106,107,1156,2459,2468,2473
59,60
61,1858
737,1773,2234
65,1639
67
68
69
71
70,2149
73,2682
82
55,82
83,2687
83,3265
83,3265
84,1701
84,2780
84,2780
85,1689,1846,2647,2652
85,1689,2647,2652,3243
86
87
93
94
96,704,813,2061
97,98,100,101
96,192,705,813,2061
109
110
45,46
48,49,117,118,119,120,121,122
129
130
131,1861
134
134,720
135
135,575,1183,2719
135,2099
144
145,2117
147
149
54,1948,1952,2148
151,2507
152,2507
2128,3212
682,722,2228,2248
2150,3127
157
2701,2706,2707,2715
2697,2710
263,264
184,3315
1044,2239
1043,2240
166,167
161,2610
161,3236
194,915
162,998
162,939
163,955
163,2577
165,2169
163,3276
164,2176
164,2281
162,1058
162,2281
533,1313,3185
3173
170
172,2483
170,3184
171,3141
171,3370
724,3366
700,3097
819,2892,2969
174
174,3161
800,801,802,803,804,805
176,179
177
746,747,751,755,758,761
179
179,1945
181
182
182,703
201,2321
448,1764,1882,2643
448,1882,2643,3324
448,1882,2643,3320
448,1882,2645,3320
448,1882,2646,3320
181,1640,1641
185,1822
181,216
181,1644
186,269
186,270
187,2507
9,186,267
186,271
181,3143
188,2633
188,3140
189,3144
190,238,1973,2199,2905
190,1973,2199,2905,3309
190,1973,2199,2905,3327
182,1890
1183
109,969
109,1014
42,44,47,56,93,111,123,124,125,146,223,275,276,326,345,405,406,505,594,606,655,656,658,660,676,746,747,781,788,791,796,839,859,861,930,935,936,937,967,968,971,978,979,984,987,1002,1016,1065,1069,1070,1157,1173,1568,1620,1814,1832,1848,1911,1913,1914,1970,2023,2053,2084,2097,2101,2102,2192,2225,2230,2231,2245,2247,2261,2276,2317,2319,2400,2413,2414,2421,2460,2486,2499,2505,2623,2770,2786,2815,2817,2818,2824,2866,2904,2913
37,43,114,137,140,142,197,229,234,279,467,468,502,541,571,592,593,737,780,782,927,954,980,990,1155,1754,1755,1756,1794,1800,1826,1833,1880,1983,1986,2007,2167,2223,2249,2250,2251,2252,2353,2355,2356,2359,2377,2547,2557,2624,2631,2634,2728,2729,2771,2900,2902,2918
220,3340
196
477,480
432,2123
200
204
2174,3126
205
205,1827
208,210
211
212
473,474,1645
220
190,1973,2905,3309,3357
220,998,2517,2577
221
222
223
223,1795
225,226,227,228
224,1945
231
232
148,231
149,231
231,2552
234
236
2953,3072,3414,3420,3443
191,237
239
239,2746
240
240,2936
241
241,427
242
157,242
246,247
244,3385
240,243
245,2217
248
157,248
249
249,2452
250
250,1647
251,664,2389,2535
252,2015
254
207,209
255,2033
205,353
353,3142
765,2698
763,765,767
765,767
259,400
763,765,767
258,404
179,260
261,267
2717
262,1060
262,2718
262,3073
265,1060
265,2893
2724
268
272
273
274
278,306,691,692,694
276,3028
277,511
277,510
279
279,280
280
280,317
281,318
276,283
282,692
276,284,286
181,289
287,291,3070
291
292
305,694
4,305
304,305
296,300
294,298
3029,3030
302,303
293,521
690,694
691,694
297,301
292,307
295,299
308,3070
310,311
3043,3396,3444
309,312
314
314,317
315
317,318
315,316
317
319
311,321
320,325
320,325,327
322,328,332
320,325,327,328
311,313
325
327
329,330,331
332
333
334
336
336,682
338
338,2488,2627,2660,2663
339
339,1945
340
343
343,820
344,1331
344,1462
347
348
351
352
351,2128
351
2128,3212
354
355
357,359
357
358
359
361
362
363
360,363
365
366
367
369
369,998
14,605
377,385
378,386
400
404
407
409
409,3104
410
998,2174,2905,3139
413,479
413,2905
417,419,421,422
415,2643
418,420,423
416,2643
424
424,425
425
427
427,1234
427,682,1235
427,1943
428
429
429,2316
429,2315
188,428
431
431,470
433
434,477
198,434
434,480
995,3384
998,3384
2155,3384
440
441
445
448
450
449,453
451,2981
454
2310,2311
456
456,595
458,459,596,598
456,690
456,693
448,1362
462
463,464
282,462
462,693
466
324,332,466
469
472
476
480
483,1153
485
485,2315
487
489
490
489,969
489,1014
491,2365
491,2150,2923
491,2150,2515,2923,2928
491,2150,2515,2928,3314
494
498
499
507,2132,2248
509
510
511
513
513
282,513
513,1229
517,518,519,520
522,523
522
523
457,521
521,695
521,695
515,521
524
525
528,529
180,527
533
533,1309,1311
533,1311,1313
534,1686
534,1694
534,2870
533,1311,1802
533,1311,2032
533,1313,3185
533,1691,3185
535
538,2562,2565,2567
539,2563,2566
540,3235
538,2562,2565
542,1859,1860
254,543,682
544
545
545,2829
547
549
550,1729
551
551,1077
552,872
553,1077
554,872
555,2676
556,872
557,2677
561
562,872
563,2965
566
2,566
441,725
569,570
323,568
572
572,1981
573
574
575
576
576,580
577,581
578,1550
579,1665
580
580,614
582
583
2479,2636
2635,2636
595
282,595
597,599
595,693
595,3070
600
290,600
414,601
2081,2618
603
604,849
609,612
609,785,842
611,3022
613
544,613
613,1462
615,1558
617
617,2316
618
619,1493
620,626
620,627
620,940,2337,2338
621,939,995,1000,1001,1571,1813,2170,2281,2587,2939,3275,3285,3287,3292,3375
622,2338
620,3328
623,940
369,624
624,999
624,3274
626
626,1493
628
630
631
632
637,642
638,643
639,644
634,3151,3160,3268,3291
640,3125
636,2597
636,997,3287,3325,3333
636,3346
635,3151,3160,3268,3291
633,642
633,643
642
642,1658,1955
645
649
649,1665
651
652,2209
654
666
667
86,667
682
2220,2221
684,2219
685,3164
356
689
282,689
282,511,689
282,511,689,2342
510,690
516,690
304,689
273,693
514,691
514,690
343
697
698
699
196,701,2127
1081,1082,1083,1084,1085,1086,1087,1088,1089,1090,1091,1092,1093,1094,1095,1096,1097,1098,1099,1100,1101,1102,1103,1104,1105,1106,1107,1108,1109,1110,1111,1112,1113,1114,1115,1116,1117,1118,1143,1155,2987,2988,2989,2990,2991,2992,2993,2994,2995,2996,2997,2998,2999,3000,3001,3002,3003,3004,3005,3006,3007,3008,3009,3010,3011,3012,3013,3014,3015,3016,3017,3018,3019,3020
196,701
567,706
707,1888
99,704
173,704
175,2633
709
712
714,2510
710,711
717,718
275,276
413,479,1261,2984
288,719
645,3316
720
2214,3024
722
3138,3148
370,3138
371,3138
372,3138
373,3138
723,2649
723,2649
3138,3211
3138,3147
724
724,2961
724,3259
727,3140
727,2154,3140
2828
561,725
725,2788
725,2789
725,726
727,2633
726,941,3368
725,1717
725,2026
725,1979
728
444,2966
731
735,736
733
734
735
736
180,736
180,732
739
1190,2895
739,740
739,2976
741
27,1651,2449
741,1251
746
757
758
765
771
771,2893
772,1936
774
775
772,776
773,777
775,2893
776,1936
1055,2895
779,1741,2235
794
747,751,752
448,806
747,751
746,765
807,1816
3191,3193,3194
943,1947,2952
811
784
814
812,815,1946
494,1734
2871,2891
2852
2856,2858
2855
664,793,864,1066,1067,1068,1200,1792,1891,1940,1988,2387,2388,2411,2422,2423,2427,2428,2429,2430,2431,2482,2521,2522,2553,2583,2793,2801,2808,2810,2862,2868,2933,2950,2951
819,1681
819,2890
820
821
823
824
825
825,826
826
824,828
827,829
828
829
830
833
836
835,838,3042
660,839,2247
840,1945
841
843
844
850,1945
568,1810,3054,3055
846,2903
854
855
952
349,350
857,2468
860
862
863
866,872,1919
870,1642
174,871
875
873,874
446,873
447,877
885,1859,1860
1958,1959,2638
682,886,887
889,1859,1860
2,1820,1958,1959
682,890,891
721,1958
682,893,896
895,1859,1860
898,900,903
906
906,3417
2716
2722
911
912
913
913,3425
914
913,915
913,916
916,3424
917
921
925
938
939
939,1058,2587,2939
939,1764
939
369,942,998,3373
942,998,1706,3340
942,998,3340,3373
943
944
947
34,42,44,46,47,63,74,76,77,80,88,104,105,122,125,126,127,133,217,335,337,341,342,346,368,406,488,495,512,587,588,591,608,646,647,648,657,659,661,662,663,729,738,769,799,831,832,884,904,934,979,985,987,989,1003,1007,1013,1016,1017,1054,1078,1156,1179,1182,1184,1185,1186,1187,1200,1240,1567,1568,1569,1670,1707,1737,1738,1799,1807,1848,1851,1895,1907,1910,1911,1930,2043,2094,2103,2120,2137,2138,2145,2146,2188,2201,2204,2214,2216,2224,2226,2253,2254,2255,2256,2259,2260,2262,2263,2264,2265,2266,2267,2268,2269,2318,2345,2498,2589,2690,2741,2912,2913,2938,2940
51,103,114,128,138,139,140,266,439,462,465,482,552,554,589,595,778,787,789,790,792,797,798,845,847,865,867,927,929,954,1628,1632,1754,1755,1756,1773,1785,1787,1879,1971,1975,2008,2189,2223,2312,2364,2401,2501,2502,2506,2525,2529,2533,2541,2544,2616,2667,2672,2728,2812,2863
951
135,2954
953
955
995,1771
995,3131
960,3226
961
962
964,965
965
969
970
975,1040
975,976
975
976
977
628,630
982,1519
986
180,986
992
995
996
997
998
998,2577
955,998
956,998
998,3145
1004
1005,2163
1006
1008
1009
1010
1011
1012
1014
1039
972,973
1042
976,1661
154,1040
153,1040
1043,2596
1043,3343
1040,1041
1046,2302
1046,2280
1040,2833
537,1047
1047,2302
1047,2280
1047,2560
1045,1812
1047,2612
1047,3236
1048,2280
1049
1050
1051
1053
1053,1774
1057
1057,1795
1057,1820
1057,2705
1058
1060
1063
1073
1073,1553
848,1062
1144,1724
1120,1121,1121,1123
1119,1121,1122,1124,1125,1126,1127,1128,1129,1130,1131,1132,1133,1134,1135,1136,1137,1138,1139
196,1089
1140,1725
196,2994
725,1727
196,1110
196,1111
725,1722
1148,1149
1146,1719
1146,1710
1148,1715
1711,1712
725,1720
1150,1152
196,1116
1153,1730,1731
484,725
196,1118
1154,1713
1156
1158
1159
1162
806,3053
1163
1164
1165
1166
1167
1168
1169
1169,3092
1174
1175,1176
1177,1594,2669
1179,1182
1182
1183
79,1188
78,1187
1189
1193,1194,1196,1197
180,1195
1198,2591
1197
1052,1161
1204,1220,1515
1206,1214,1512
1207,1212,1215
1208,1212,1216
1221,2942
1222,3373
1209,1217,1510
1210,1218,1513
1211,1219,1514
1223,2304
1227,2304
1205,1213,1511
983,1517,1532
689,1203,2638
1230
1232,1234,1235,1236,1237
1234
1235
1238
1238,1239
2155,3306
1239
1241
1190,1747,2895,3427
1243
1245
1247
1249
1651,1929
1251,2693
1253
1255
1257
1259
1261
1263
1265
1269,1279
455,1232,1972,2910
1267,1277
1271,1274
1272,1274
1272,1275
1272,3152
1267,1278,2605
1267,1278,3230
1267,1278,3229
1267,1278,3232
1273,2826
1274,2827
1276
1276,1658,2604
1277,1660
1277,3423
1276,2870
1279
1280
1281
1281
1282,1285
1283
1894,2202,2793,2794,2795,2796,2797,2800,2802,2804,2806,2807,2809
3044,3050
3218
195,536,702,880,963,1246,1268,1284,1591,1887,1924,2065,2203,2275,2582
1282,1292
1282,1290
1287,2561
1282,1289
1282,3154
1291,1293
1292,1660
1294
1294,1300,1325
1294,1301,1326
1294,1326,3318
1295,2595
1295,3228
1296,1298
1297,1300,1325
1299
1299,1658
1309
1310
1311
1313
1313,1963
1313,3183,3185
533
1496,1550
1496,1547,3159,3160
1314,2593
1314,3225
1333,3225,3233
1315
1315
1316,1323
1317,1325
1318,1327
1319,1327
1320,2606
1320,3353
1321
379,381,384,387,389,391,393,395,628,632,669,671,673,1331,1336,1377,1390,1534,1561,1775,1953,2735
380,382,383,385,388,390,392,394,629,641,668,670,672,1332,1337,1378,1389,1391,1535,1562,1776,2732
476,480,618,869,1232,1401,1410
478,481,625,868,1233,1402,1411
399,401,403,928,1419,2275,2753
398,400,402,927,1418,2274,2754
1322,1658
1324
1324,2826
1328
1329
1328,1329
1331
1332
820,1331
1331,1336
1334,1342,1345
1334,1342,3363
1335,2609
1334,1341
1336
1336,1446
1339
1339,2826
1340,1344
1343
1343,1661
1346
1347,2600
1347,3345
1350,1658
1332,1337,1389,1391,2732
1334,1396,2735
868,1626,1629,1631,1633,2911
869,1625,1628,1630,1632,2910
1346,1353
1346,1352
1348,1528
1349,1658
1351
1351,2826
1353
1354
1354,1359
1355,1480,1483
1355,3278,3279,3283,3284
1356,2518
1356,2607
1356,3287
997,1357
955,1358
1358,2578
1358,3276
1356,3290
1354,1479,1482
1359
1355,1479,1482
1360
1361
1362
1364,1367,1371
1368
1369,1373,1376
1373
1365,1373,1375
1374
1375
1376
1377
81,1378
80,1379
1381
1377,1384
1382,1386
1383
1377,1383
1383,1509
1384
1384,1509
1385,2523
1386
1387
1387,1426
1387,1427,1430
1388,2606
1388,3353
1391
1392
1393
1394
1395
1390,1953
1396,1401
1396,1410
1398
1399
1400
1400,1413
1398,1413
1398,1417
1401
2968,3076
1397,1412
1406,1586
1405,2770
1404,1937
1404,1937,2770,3258
1407,1582
1407,3114
1408,2780
1407,3202
1401,1403
1401,1410
1409,1418
1410
1412
1413
1414
1414,1491
1417
1418
1420
1421
1421,1426
1422,1662
1422,3295
1423,2606
1423,3233
1421,1430,1444
1424
1424,1658
1425,1430
1430
1431
1431,1436
1432,1482
1433,1484
1434,2599
1434,3344
1435,1658
1437
1437,1442
1325,1438
1326,1437,1444
1326,1437,3273
1439,2281
1440,2606
1440,3353
1441
1441,1658
1430,1442
1445
1437,1445
1446
1338,1342,1453
1338,1340,3277
1448,2606
1449,2609
1448,3336,3353
1338,1340,1452
1450
1450,1661
1454
1426,1454
1455,2596
1429,1454
1455,3227
1443,1454
1430,1444,1454
1456,2606
1456,3233
1457
1373,1374,1458
1459
1326,1428,1459
1460,2596
1460,3227
1425,1459
1325,1461
1462
820,1462
1463,1466,1550
1463,1467,1549
1463,3280,3329
1464,2593,2606
1465
1465,1658
1420,1476,1482,3283,3319
1471,2612
1471,2518
1471,3287
1471,3236
1475,1482
1477,1482
1473,2633
1473,3291
1420,1476
1474,1479
1476
1478
1478,1658
1481
1481,1663
1486
1487,1489
1488,2093
1490
1490,2247
1491
1415,1491
1412,1416
1492
1492
1493,2313
1493,2485
626,1494
618,1492
626,1495
820,1331
1344,1496
1343,1496,3160
1497,2609
1497,3234
1496,1552
1344,1466,1496
1345,1467,1496
1333,2593,2606
1344,1496,1550
1345,1496,1551
2603,2609
1498,3225,3234
1417,1501
1412,1499
1500,1502,1503
1504
1398,1504
1417,1505
1506
1507
356,1507,1508
1508
1508,2549
1508,3209
1506,1508
687,1506
1486,1518
1516,1519
1518
631,1661
1520
1346,1520
381,1390,1534,1561,1953,2735
382,1389,1391,1535,1562,2732
92,385,585,858,918,1753
91,387,584,919,1752,3046
1520,1528
1352,1521
1522,2571
1482,1521
1523,1658
1524,3283
1525,2608
1525,3355
1526
1526,1661
1529
1529
1530,1533
1519,1531
1533
1534
1536
1537
1540,1542
1534,1543
1534,1546
1539,1548
1538,1550
2834,3325
1539,1550
1543
3410,3411,3421
1546
1543,1545
1330,1550
1547
1548
1547,1659
1553
1553,1559
1482,1554
1483,1554
1557,1605
1483,1555
1556,2612
1556,3236
1556,2159
1558
1558,1658
616,2813
1560,2606
1560,3233
1563
1482,1563,1566
1485,1563,1566
1485,1563,3298
1564,2615
1564,3346
1565
1565,1658
1570
1571
1709,2971,3057
1572,1636
1573
1574
951,3393
1576,2031
355,1577
1582
1583,3171
1582,1584
1583,3172
1583,3170
1589,3063
1582,3170
1582,3172
1582,3171
1584
1584,3170
1584,3172
1584,3171
1585
1586
1586,3094
1586,3096
1586,3095
440,725
1592,1593,1594,1597,1599,1600,1601,1602,1603
1594
1594,1601
3124,3210
1601
1601,2783
1603
1604,1606
1607
113,1067
1253,1658,1852,2195,2593,2856
741,1613
1607,1987
1607,2839
1607,2857
1608,1611
818,1067,1607
1614
1603,3231
1616,2831
1617,1737
836,1612
1619,3083
817,1607
912,1607
1594,1607
1607,2058
1607,2218
1607,1610
1621
1622,1630
1623,3089
1635
1635,3297
1637
1230,1638
1640,1643
1642,3100
186,881
186,875
186,882
2012,2020
1647
1648
1650,1737
1622,1634
1652,1825
1624,1632
1625,1632
1224,1469
1228,1472
999,1655
1655,2302
1655,2520
998,1656
1225,1470
1226,1468
1377,1390
1380,1393
1379,1394
471
1658
1658,1661
2970,3031,3401,3422
1661
1662
1663
2953,2970,3072,3401,3422
1663,1664
1663,2279
1663,3286
1659,1779
1659,2092
1667
1671
2872,2873,2874,2875,2876,2878,2879,2880,2881,2882,2883,2884,2885,2886
1673,2399
1674,2012
1672
1675,2793
1676,1677
1678
1679
1681
1682
1692,2783
1704,2780
1704,2780
1701,2685
1695,2685
1697,1700
1697,1699
1689,1701,2647,2652,3243
1683
1690
1693
1694
1696
1698
1698,2685
1698,3438
1704
1705,2859
1710
1713
1714,2828
1148,1716
1718,2828
1146,1718
1147,1721
1723
725,1723
1724
1725
1726,2994
1728
1730
1731
1732
548,1733
1734
1736
1737
812,1740,1946
2937,2938
1742
1743
1744
1745
1746,2497
443,981,1825
1749
1749,1886
1750
713,1750
1751
716,1751
1759
1760
1761
1762
1762,1795
1762,3104
1764
645,1764
8,1766
944,1768
1769
1770
1771
1772
180,1772
1231,1653
1774
1775
1547,1777
650,1778,2091
1665,1775
1779
1665,1666
1784,1786,1787
196,1782
1789
1790
1791
1793
1795
1795,3382
1797,1798
1654,1797
992,1795
409,1795
1804
1802
1805
1806,2751
1808
1808,3082
1810
583,944,1810
1812
1814
1039,1814
2025,2027
1815
1816
1817
1818
1819
1820
363
876,877
1823,2669
1825
1827
1831,2319
1827
256,1829
1827,2960
1834
1835
1837,1839
1838,1840
1839
1840
1841
1839,1841
1842
1843
1844,2586
1845,2780
1846
1847
1849,1853,1854
1855
1850,1855,1856
1848,1852
1861
1861,2042
1861,2772
1178,1862
1863
1859,1860,1864
254,682,1865
888,892,894,1866
948,949,950,1867
1871
1871,2033
135,1872
1871,2050
1873
1875,1876
1842,2780
410,1881
1781,1783
1146
196,2127,3087
1079,1080
472,1885
1885,3079
1885,3080
2127,3088
1079,1080
1079,1080,1657
1889
201,338,1883,2660,2663
1895
1896
1915,3047
689,1916
426,879
855,1917
811,1918
1918
1921
1922
1923
1925
1926
1936
1936
1943
320,325,327,328,332
1944
1945
1947
116,150,856
856,2926
116,856
1949,2320
1932,1933
160,1938
159,1938
1938,2956
1939,1942
54,1948,1951
1941
1954
1960
2723
1961,2893
1962
1963
1964,1965
534,1956
1823,1956,2129
1956,2656
1966
1967
1973
897,1977
1202,1978
1979
897,1980
1982
1981,1982
1985,2774
1984,2773
1987
1990,1995,1999,2003
1991,1996,2000,2004
1994,1998,2002,2012
1992,1997,2001,2005
0,1993
2006
683,809
2010,2398
2009,2398
2009,2398,3199
252,2013
2014
1847,2014,2769
2009,2398,2871,3199
605,2016
2009,3197
605,2017
2014,2769,3205
2014,2769,3204
2020
2020,2021
2011,2022
1061,1735
1735
1892,1893,2366,2864,2865
2028,2029
2030
2031
2032
2033
2034
106,178
2034,2035
193,1199,2637
2034,2036
2037
2038,2319
355,2039
2040
2034,2629
2041
794,2041,2621
794,2041,3038
2042
2044
2045
2046
2047
2047,3071
2048
1821,2048
2050
2056
1649,2057
2059
2060
18,20,22,24,452,2738
1657,1884
590,2061
2062
2063
2064
2066,2069,2071,2073
2066
808,2668,2932
2068
2066,2067
2069
2069,2448
2070
2071
808,1651,2639,2932
2071,2072
2073
741,2073
2074
2082
2087
715,2087
2088
2089
1780,2089
2092
1658,2092
2095
2763
10,2825
2099
2100
2106,2109
2105
2105
2105,2108,2111
2106,2109,2112
492,2107
2108
2110
1874,2049
1313,2114
2115,2656
2115,2656
2113,2409
352,2116
2116,2877
1313,2116
2117
2118
2119
2121
2983,2985,3093
199,2121
2121,2122
2124
2125
2126
2127
2129,2185
2129
2129,2149
2139
1037,2140
2141
1037,2142
1037,2144
2143
2148
2149
2150
2152,2153
1795,2151
2160,2161
2162,2169
2154,3330
2168,2178
2159
2154,3022
560,586,2054,2164
2166
2169
2171,2172,2175
2173,2176
2176
2179
2179,2181
487,2180
2165,2179
2184
2148,2149
2186
2187
2229,2232
724,2233
682,2190
180,2191
2195,2198
2196,2197
2195
2195,3297
2195,3131
2198
2202
2210,2211,2212
198,653
2214
2215
2217
2218
2222
2228
2235
2236
2238
155,2340
2239,2511
156,2340
2244,2340
13,2340
252,2241
2340,3105
2340,3106
2242,2281
2242,3326
2242,3236
2242,2612
1661,2238
2243
2247
2248
2257
2270
2271
2272
2273,2344
2274
2277
2278
2279
2282,2284,2286,2288,2290,2292,2294,2297,2299,2301,2303,2306,2308
2280
2281
2295
645,2295
2298
2302
2281,2302
2304,3308
2302,3360
2281,2283,2285,2287,2289,2291,2293,2296,2298,2300,2302,2305,2307
2313
2315
2316
2319
730,854
2134,2135,2136
2322
2323
2324
2325
2326
2327
2328
2329
2330
2331
2332
3187,3199
3260,3263
3120,3122,3123
2334
353,3142
3386,3387
2335
822,1190,1748
534,1704
743,748,753,756,759,762,764,766
744,749
745,750,754,757,760,763,765,767
745,750
1040,2237,2336
2341
526
2343
1877
2319,2344
2086,2362,2406
969,2364
1014,2364
492,2105
2367
2368,2370
1648,2369
2371
2373,2742
2372,3407
969,2374
1014,2374
2377
2378
5,2378
2381
2382
2385,2386
2390
2391,2395
2392,2396
2393
2393,2397
1037,2394
180,2393
2399
2408,2685
3440
2407
2408
2409
2410
2412
2414,2416,2417
2418
2418
6,2418
911,2418
1796,2415
180,2415
2424
2425,2795,2803
2432
2438
412,1811
2439
2440
2445
2446
2448
2383,2384
2450,2978
2367,2375
2385
682,724,2451
2452
2442,2443,2444
2454
969,2454
1014,2454
682,2455
2456,2705
682,2461
2462,2952
2463,2466
682,2464
1947,2059,2465
682,2464,2952
2467
2474
2513,2514
969,2477
1014,2477
2478,2489
2480
2480,2685
2480,3438
664,2535,2972
0,3220
2484
2485
2487
2488
2488,2627
2490,2491
2490
2492,2493,2494,2495
2496
2497
2503
2504
2507
2508,2510
2509,2698
2511
2512
998,1973,1976
2516
2518
2519
1570,1571
2304,3145
998,2281
2523
442,2530,2531
2525,2527,2528
725,2526
2524,2638
2532
2534
2534,2828
2536
2537
2538
2538
2476,2539
2540
2540
958,1771
2549
2550
2551
2552
2554
2558
2559
2562,2567
2562,2567
2562
2563
636,2561
666,843,844,2432,2564
636,2561
2565
2567
2568
2569
2570
2572
2573
2574
2575
2576
2577
2578
2509,2705
2581
2585
2587
2590,2592
2601,2602
1288,2601
2593,2604,2606,2609,2610
2593,2606
2593,2606,2612
1956,2598
2593,2606,2609,2610
2593,2606,2614
2601
3342,3352,3354
2604
2606
2606,2610
2606,2614
71,496,932,1179,1597,1869,2051,2176,2404,2567,2593,2916
902,1072,1315,1363,1370,1446,1534,1762,1766,1775,1900,1902,1905,1909,2089,2206,2473,2681,2688,2914
72,497,933,1180,1598,1870,2052,2177,2405,2568,2594,2917
901,1071,1321,1366,1372,1447,1535,1763,1767,1776,1899,1901,1904,1908,2090,2205,2472,2680,2689,2915
203,214,219,397,504,922,924,926,1076,1669,1935,1969,2183,2208,2435,2437,2580,2821,2948
1233,1451,1544,1927,2471,2753
202,213,218,396,503,921,923,925,1075,1668,1934,1968,2182,2207,2434,2436,2579,2820,2947
1232,1450,1543,1928,2470,2752
2609
2610
2611,2613
2614
376,1304,1306,1308
375,1303,1305,1307
868,1527,2078,2080
869,1526,2077,2079
2593,2606,2611,2613
2617
682,2617
2618,2811
2619
2619
1594,2620,2669
2614,2620,2669
2619,2799
2620,2977
2620,2974
1594,2620,3374
2620,3182
1594,2620,3182
2614,2620,3182
2625
2626
2627
2556,2625
2628
1182,2628
2630
2633
183,2478,2489
34,46,63,66,74,76,77,80,88,104,108,112,122,133,217,275,276,335,341,368,406,488,512,588,591,608,646,648,661,679,729,738,769,799,831,832,851,884,905,968,974,985,989,1007,1013,1017,1078,1156,1157,1179,1182,1186,1187,1200,1240,1568,1569,1851,1895,1910,1930,2014,2043,2094,2103,2131,2137,2138,2146,2188,2204,2214,2216,2224,2253,2254,2255,2256,2259,2260,2262,2263,2264,2265,2266,2267,2268,2269,2318,2319,2433,2457,2458,2463,2466,2469,2499,2500,2589,2912,2913,2937,2938
37,75,90,103,128,139,197,314,455,462,465,482,486,552,589,595,674,675,778,780,787,797,845,859,875,878,927,931,992,1141,1142,1145,1201,1302,1580,1581,1628,1773,1788,1898,1954,1975,2085,2098,2133,2274,2310,2347,2349,2350,2352,2354,2357,2358,2360,2361,2363,2364,2401,2402,2403,2497,2501,2506,2529,2531,2534,2544,2632,2702,2727,2728,2828,3015
2638
41,95,111,115,196,223,339,342,506,526,530,531,573,602,607,659,663,669,679,755,783,786,839,852,920,930,971,974,1003,1170,1171,1172,1567,1670,1737,1766,1799,1803,1810,1814,1906,1989,2014,2024,2075,2083,2084,2087,2131,2139,2227,2302,2314,2345,2346,2351,2400,2548,2584,2673,2690,2770,2912
26,50,51,64,75,89,102,136,141,142,143,233,279,411,442,460,461,466,482,500,501,502,532,541,546,554,561,571,677,678,768,770,782,865,929,991,993,994,1074,1160,1201,1624,1625,1627,1632,1708,1750,1756,1757,1758,1785,1868,1897,1903,1912,1920,2076,2085,2098,2147,2193,2200,2309,2311,2353,2356,2376,2379,2481,2542,2543,2544,2545,2546,2547,2554,2555,2622,2624,2664,2725,2726,2729,2730,2752,2771,2812,2814,2863,2900
939,1764,1812,2588,2939
430,436,437,2642
475,2643
1846,2647,2652
2651,3163
215,2654
1846,2647,2652
2888,3388
2657
2658
2659
1699,2659
1700,2659
2661,2662
2663
2665,2740
2666,2670
2669
1312,2669
2532,2670
2967,3038
2669,3391
2674
2675
183,2644
2676
2676,2965
2678
236,1635,2678
2678,2905
96,704,2061
2683
2684
2684,2785
3438
2686
2691
2150,2691
158,236,2692
158,2692
2693
2695
1815,2696
2694,2702
992,2700
2339,2830
2698,2699
2703
1056,1064,1191,1651,2453
11,12
408,1795,2705
2464,2705
899,2705
12,2711
2708,3102
2709
951,2709
26,992,2714
2702,2711
708,810,1820,3086
2712,2713
1015,1646
2716,2722
2720
2718,2721
2722
2731
2733
2962,2986,3045,3052,3074
2734,2736
2734,2752
2734,2752
2737,2981
17,19,21,23,451,2737
2742
2743
2744
2745
2746
2747
2689,2748
2688,2750
2746,2749,2752
2752
2755
2755,2761
2756
2756,2765
2757
2758
2373,2743
2761
2762
2747,2762
2759,2761,2764
2766
2757,2766
2767
2758,2768
2739,2775,2779
1680,2739,2775
2769
2770
2772
33,2772
1703,2776
2776,2780
2776,2980
2778
1843,2778
2685,2778
2778,3438
2780
1830,2780
534,1684
2685,2780
2780,3114
2780,3058
2780,3059
2782,3168
2780,3118
2780,3119
2780,3155
2780,3157
1954,2706
438,2790
2788
2789
2791
1944,2792,3427
2685
508,2787
2793
1956,2795
2798,2805
2811
2813
2822
2625,2822
2626,2822
2627,2822
2823
2825
2034,2825
2826
2970,3401,3422
2828
76,77,115,126,127,196,339,342,488,526,531,573,607,647,648,659,661,662,669,679,729,910,920,934,971,988,1003,1054,1170,1240,1567,1799,1807,1810,1814,1878,1906,1907,2024,2075,2083,2087,2139,2145,2213,2227,2246,2302,2314,2345,2346,2584,2673,2690,2741,2940
50,51,89,136,138,140,143,411,439,442,460,461,466,482,500,502,532,546,552,554,561,589,677,678,681,798,865,867,929,931,954,993,1074,1625,1628,1632,1708,1750,1757,1758,1785,1787,1868,1879,1971,2055,2076,2193,2200,2274,2309,2348,2379,2380,2506,2525,2529,2533,2541,2544,2554,2555,2616,2624,2632,2664,2726,2730,2812,2814,2863,2900
2823,2825
1018,1019,1020,1021,1022,1023,1024,1025,1026,1027,1028,1029,1030,1031,1032,1033,1034,1035
53,235,702,834,966,1244,1248,1250,1254,1256,1258,1260,1262,1264,1266,1575,1591,1609,1615,1931,2065,2258,2420,2447,2475,2935
1270,1280
1541
2281,2834
369,2835
2567,2834
2596,2834
2834,3343
2834,2836
2837
2839
2853,2854
2857
2858,2861
1689,2858,2861
2867
2869
2870
2441,2838,2840,2841,2842,2843,2844,2845,2846,2847,2848,2849,2850,2851
1701,1830
915,2889
2871,2887
2891
816,2871
2893
2894
605,1596
374,2896
2832,2897
2899
2898,2900
2905
2905,2907,2909
435,2149,2905
2907,2909
2910
795,2919
2920
322,2920
328,332,2921
2922
1957,2922
39,230,680,1974,1975,2927
493,3272,3294
116,952,2925
2929,2930,2931
200,2149,2365,2924
2934
2936
3336
2939
2942
184,2943
2943
2944
1059,1192
2949
2952
158,236,3129
1695,3438
1595,2958
1687,2955
860,2408,3438
363,860,2408,3438
1685,1689,2649
1685,1689,2647,2652,3243
1595,2959
1688,2955
860,2408,2685
363,860,2408,2685
2157,3048
40,162
162,369
162,645
162,995
162,996
162,1764
162,2512
162,2536
162,2537
162,2565
162,2572
162,2633
162,3270
162,2169,2176,3270
162,2176,3270
162,3274
688
343,1657,1884
2965
2967
2969
605,2341,3213,3237
2973
2974
2975,2977
2977
2978
1190,1747,1824,3427
1863,2979
2777,2779
186,883
186,3150
2633,3021
3021,3140
2194,3022
2149,2906,3022
2149,3022,3167
3022,3269
3026,3032
3025
3027
67,811
3033
2319,3034
355,3035
1241,1242
1063,1801
654,3036
2945,2946
2408,2410,3037
3037,3374
3037,3182
1594,3038
132,3430
1579,3430
1842,3039
2659,3039
2671,3040
3040,3176
2670,3040
1601,3041
534,3437
837,3083
2722,2893
907,908,909
2641
3056
3060,3171
3060,3172
2780,3060
2782,2784
2860,3062
1701,2859,3067
1701,3067
2780,3115
2860,3066
2656,3065
2656,3064
1587,3061
3114,3171
1588,3062
3068
3069
276,285,286
3071
3073
1623,2910
2703,3049
2867,3075
2760,3081
1,701
696,3087
1960,2871
3089
3090
3091
3092
1950,2956
159,1950
160,1950
3097
3098
3099
3100
3101
26,3103
3104
610,3340
2382,3107
2905,3340
3108
3108,3222
955,2149,3109
2149,3109,3322
2154,3110
1586,3114
2780,3114
3210
3215,3257
3215,3264
3178,3179
3114,3170
3114,3172
3121
3124
3124,3210
3126
3127,3128
3131
3132
2149,2908,3136,3311
3136,3269
2149,2365,3136,3269
2104,3133
236,2149,2908,3136
959,2149,2908,3134,3311
2149,2908,3137,3311
236,2149,3136,3305
3132,3222
957,3134
2194,3135
959,2194,3134
2906,3136
2149,2679,2906,3136
2149,2906,3137,3267
2149,2906,3117,3136
2149,2906,3136,3267
724,3365
3142
2746,3312
3214
1827,3142,3146
1846,3149
534,1846,3149
2905,3139
3170,3248
3172,3248
3171,3248
3155
1701,3155
1689,2656,3156
1689,2647,2652,3156,3243
2780,2784
3155,3170
3155,3172
3155,3171
2184,3158
3130
3192,3195
3162
3240,3245,3307
3239,3242,3249
3203,3208
3111,3112,3113
3127,3356
3165,3166
2782,3168
722,3169
3094,3258
3095,3258
3096,3258
2130,3175
2149,3174
3177
3179
3180
1310,3181
3186,3188
3188
3189
3190,3192
3192
3195
3197
2399,3197
2012,3199
3199
3204
3205
3206
3206
3207
3209
3210
3211
3212
3213
3215
3216
3217
1847,2769,3219
2769,3204,3219
3221
2901,3221
999,3313
938,3296
853,3223
1973,3296
2922,3224
2107,3224
3225
1286,1288
1616,3348
1617,3350
1618,3351
2166,2630,3226
3218
1288,3348
3225,3233
3225,3233,3234,3289,3334
3225,3234
3225,3335
3233
3234
3236
3338,3339
3334
3124
605,3237
1280,3238
3244,3246
3239
3255
3241
3250
3250
205,3251
206,3251
1827,3252
1828,3252
2780,3253
1702,3253
2650,3254
2648,3254
2649,3254
2781,3253
3256
3257
3258
3259
3261
3262
3264
3266
1272,3153
200,2149,2365,3271
3281,3282
3341
15,3235,3354
2563,3288
2568,3288
3334,3353
200,2149,2365,3293
3296
958,3296
2149,3299
2198,3300
435,2149,3301
2640,3304
3306
199,1765,3310
3313
3316
3317
3321
3330
3331
3334
3336
3336
3336,3341
821,3337
1332,3337
3340
3341
3347
3332,3342,3354
3342,3349,3354
3341,3353
3331,3341,3353
3334,3341,3353
3347
1736,1737,3348
3341,3353
1463,3280,3329,3341,3353
3353
3353
3332,3354
3332,3354
3331,3353
3336,3353
3358
188,3359
915,3361
3362
3364
724,3367
1857,3369
3196,3369
169,3369
2019,2399
969,3084
1014,3084
2367,3371
3200,3371
3201,3371
3372
1836,1857
2018,2399
2155,2156,2158
2281,3303
168,3198
1181,3261
3376
558,564
559,565
2633,3377
3140,3377
2198,3378
3358,3378
1151,1885
1885,1889
945,2320
946,2320
1037,1038
1037,1038
198,941,2333
184,3323
3385
3116,3237
3131,3362
3297,3362
3389
3171,3247
1590,3247
3172,3247
3392
3403
3402,3404
2655,3405
3406
2819,3408
3415
3417
3379,3380,3381,3397,3398,3399,3400
1739,2816,3023,3051,3077,3078,3085,3412,3418
2982,3383,3390,3395,3413,3416,3419
3426
3441,3442
2703,2704
1251,1252
16,3429
2032,3430
1861,3430
1698,3432
3176,3433
2671,3433
1595,3434
2670,3433
2119,3432
1621,2119,3431
860,2408,3432
686,3436
3394,3435
364,3435
2778,3432
1578,3430
2684,3428
534,2957
1701,3438
2408,3438
2780,3438
1689,2647,2653,3243,3439
1689,1846,2647,2653,3439