683,0,-1
1566,0,1
2246,0,-1
46,1,1
88,1,-1
1757,1,-1
2584,1,1
6,2,-1
1855,2,-1
1856,2,1
2482,2,0
862,3,-1
863,3,1
2602,3,-1
1376,4,-1
1606,4,1
1375,5,-1
2220,5,1
2601,5,1
1380,6,-1
26,7,1
1475,7,-1
1476,7,-1
29,8,1
1850,8,-1
2125,8,-1
2121,9,-1
2122,9,1
2134,9,-1
31,10,-1
2152,10,1
2220,10,1
2470,10,1
39,11,-1
40,11,1
1649,11,-1
41,12,-1
42,12,1
1876,12,-1
41,13,-1
43,13,1
1877,13,-1
46,14,1
88,14,-1
2248,14,-1
2545,14,1
623,15,-1
2377,15,1
52,16,-1
53,16,1
1515,16,-1
48,17,-1
49,17,1
54,17,-1
56,18,-1
646,18,-1
2314,18,1
1716,19,-1
2454,19,1
2455,19,-1
46,20,1
88,20,-1
1511,20,-1
2471,20,1
46,21,1
88,21,-1
720,21,-1
2529,21,1
2529,22,-1
2529,22,1
47,23,-1
62,23,-1
63,23,1
46,24,1
64,24,-1
65,24,1
88,24,-1
63,25,-1
64,25,1
2086,25,-1
66,26,-1
68,26,1
2163,26,-1
67,27,-1
70,27,1
1392,27,-1
2054,27,-1
1494,28,1
1497,28,-1
1809,28,-1
88,29,-1
90,29,1
1685,29,-1
46,30,1
86,30,1
87,30,-1
88,30,-1
579,30,1
795,30,-1
1829,30,1
46,31,1
88,31,-1
1598,31,-1
1599,31,1
46,32,1
88,32,-1
1372,32,-1
2480,32,1
1695,33,-1
1699,33,1
1872,33,-1
1646,34,-1
1647,34,1
1528,35,-1
1529,35,1
46,36,1
88,36,-1
430,36,-1
436,36,1
1583,36,0
1585,36,0
46,37,1
88,37,-1
1505,37,-1
2441,37,1
102,38,-1
2088,38,-1
2090,38,1
199,39,-1
2089,39,1
2090,39,-1
1392,40,-1
2054,40,-1
2662,40,-1
2666,40,1
1917,41,0
2084,41,-1
2163,41,-1
2166,41,1
1387,42,-1
1392,42,-1
2054,42,-1
2266,42,1
1392,43,-1
2057,43,-1
2432,43,-1
2433,43,1
1392,44,-1
2057,44,-1
2432,44,-1
2433,44,1
2444,45,-1
2444,45,1
46,46,1
88,46,-1
2590,46,1
2600,46,-1
154,47,1
157,47,-1
234,47,0
153,48,1
154,48,-1
276,49,-1
284,49,1
286,49,1
299,50,-1
543,50,-1
544,50,-1
545,50,1
399,51,-1
400,51,1
745,51,1
773,51,-1
1892,52,-1
1893,52,1
2299,52,-1
46,53,1
88,53,-1
430,53,-1
945,53,1
46,54,1
88,54,-1
430,54,-1
436,54,1
73,55,1
88,55,-1
1307,55,-1
1312,55,1
1765,55,1
2212,55,-1
46,56,1
88,56,-1
898,56,-1
900,56,1
2537,56,0
46,57,1
88,57,-1
144,57,-1
146,57,1
1523,58,-1
1524,58,1
124,59,1
1507,59,-1
401,60,-1
1690,60,1
1691,60,-1
1692,60,1
745,61,1
773,61,-1
1843,61,-1
1844,61,1
745,62,1
773,62,-1
1843,62,-1
1844,62,1
745,63,1
773,63,-1
1843,63,-1
1844,63,1
745,64,1
773,64,-1
1843,64,-1
1844,64,1
745,65,1
773,65,-1
1852,65,-1
1853,65,1
745,66,1
773,66,-1
1852,66,-1
1853,66,1
46,67,1
88,67,-1
859,67,1
869,67,-1
46,68,1
88,68,-1
2266,68,-1
2267,68,1
46,69,1
88,69,-1
587,69,-1
588,69,1
46,70,1
88,70,-1
2055,70,-1
2058,70,1
2221,70,-1
46,71,1
88,71,-1
2235,71,-1
2550,71,1
400,72,-1
402,72,1
1725,72,-1
2243,72,-1
46,73,1
88,73,-1
105,73,1
2620,73,-1
46,74,1
88,74,-1
1826,74,1
2599,74,-1
46,75,1
88,75,-1
2665,75,1
2666,75,-1
46,76,1
88,76,-1
109,76,-1
110,76,1
108,77,-1
109,77,1
2015,77,-1
111,78,-1
113,78,1
722,78,-1
111,79,-1
120,79,1
803,79,-1
111,80,-1
121,80,1
1797,80,-1
44,81,-1
111,81,-1
2273,81,1
111,82,-1
329,82,-1
2274,82,1
2279,82,0
2280,82,0
2281,82,0
111,83,-1
534,83,-1
2275,83,1
111,84,-1
757,84,-1
2276,84,1
111,85,-1
758,85,-1
2277,85,1
111,86,-1
1442,86,-1
2278,86,1
111,87,-1
1937,87,-1
2279,87,1
111,88,-1
1953,88,-1
2280,88,1
111,89,-1
1954,89,-1
2281,89,1
111,90,-1
1975,90,-1
2282,90,1
111,91,-1
1980,91,-1
2283,91,1
111,92,-1
2044,92,-1
2284,92,1
111,93,-1
112,93,1
760,93,-1
46,94,1
88,94,-1
406,94,-1
2588,94,1
112,95,-1
114,95,1
737,95,-1
112,96,-1
115,96,1
1985,96,-1
116,97,1
118,97,-1
1736,97,-1
117,98,-1
118,98,1
1739,98,-1
117,99,-1
119,99,1
1797,99,-1
1736,100,-1
2286,100,1
2287,100,-1
1739,101,-1
2285,101,-1
2287,101,1
46,102,1
88,102,-1
1605,102,1
1619,102,-1
1623,102,0
1823,102,1
46,103,1
88,103,-1
1605,103,1
1619,103,-1
1623,103,0
1823,103,1
46,104,1
88,104,-1
124,104,-1
126,104,1
946,104,-1
46,105,1
88,105,-1
127,105,1
128,105,-1
591,106,1
795,106,-1
872,106,1
1725,106,-1
46,107,1
88,107,-1
2590,107,-1
2592,107,1
50,108,-1
51,108,-1
52,108,1
794,109,1
1586,109,1
1587,109,-1
1657,109,-1
1659,109,1
132,110,-1
690,110,-1
691,110,1
134,111,-1
135,111,1
138,111,-1
135,112,-1
136,112,1
134,113,1
137,113,-1
399,114,-1
400,114,1
745,114,1
773,114,-1
682,115,-1
1427,115,1
2629,115,1
96,116,1
97,116,1
152,116,1
156,116,-1
242,116,1
1233,117,1
1234,117,-1
189,118,0
1439,118,-1
1440,118,1
1465,118,-1
46,119,1
88,119,-1
2433,119,-1
2434,119,1
46,120,1
88,120,-1
2433,120,-1
2434,120,1
46,121,1
70,121,-1
71,121,1
88,121,-1
2220,122,-1
2662,122,1
2664,122,-1
67,123,1
69,123,-1
2220,123,-1
1387,124,1
2166,124,-1
2220,124,-1
2220,125,-1
2432,125,1
2435,125,-1
2220,126,-1
2432,126,1
2435,126,-1
1398,127,1
2161,127,-1
2220,127,-1
1399,128,1
2162,128,-1
2220,128,-1
1392,129,-1
2164,129,-1
2215,129,-1
2215,129,1
2221,129,1
46,130,1
88,130,-1
1506,130,-1
2393,130,0
2516,130,1
46,131,1
88,131,-1
2418,131,1
2419,131,-1
46,132,1
88,132,-1
1479,132,-1
2557,132,1
46,133,1
88,133,-1
2393,133,1
2405,133,1
2406,133,-1
46,134,1
88,134,-1
401,134,1
1845,134,-1
2457,134,1
46,135,1
88,135,-1
2420,135,1
2589,135,-1
1724,136,1
1725,136,-1
178,137,-1
2518,137,-1
2519,137,1
581,138,1
872,138,1
1725,138,-1
189,139,-1
190,139,1
1465,139,-1
191,140,-1
192,140,1
1563,140,-1
94,141,-1
193,141,-1
195,141,1
193,142,-1
197,142,1
1964,142,-1
12,143,0
193,143,1
194,143,-1
46,144,1
88,144,-1
163,144,1
164,144,-1
162,145,-1
200,145,-1
201,145,1
202,146,-1
203,146,1
2129,146,-1
204,147,-1
205,147,1
2250,147,-1
206,148,-1
207,148,1
350,148,-1
101,149,-1
208,149,-1
209,149,1
212,150,-1
213,150,1
1763,150,-1
210,151,-1
211,151,1
2621,151,-1
101,152,-1
214,152,-1
215,152,1
216,153,-1
217,153,1
1897,153,-1
218,154,-1
219,154,1
1341,154,-1
223,155,-1
224,155,1
1627,155,-1
227,156,1
626,156,-1
2094,156,-1
221,157,1
1608,157,-1
2220,157,-1
493,158,-1
1837,158,-1
2294,158,1
2479,158,-1
2510,158,-1
2479,159,-1
2479,159,1
228,160,-1
232,160,1
335,160,-1
229,161,-1
230,161,1
334,161,-1
231,162,-1
231,162,1
138,163,-1
231,163,-1
233,163,1
927,164,-1
1993,164,1
2000,164,-1
642,165,-1
643,165,1
1484,165,-1
558,166,-1
2363,166,-1
2364,166,1
735,167,-1
1565,167,-1
1567,167,1
482,168,-1
482,168,1
235,169,-1
236,169,1
804,169,-1
235,170,-1
236,170,0
237,170,1
2112,170,-1
235,171,-1
238,171,1
2358,171,-1
239,172,1
241,172,-1
804,172,-1
153,173,-1
155,173,1
1933,173,-1
155,174,-1
156,174,1
244,175,1
246,175,-1
247,175,1
255,175,1
411,175,1
554,175,1
555,175,1
1838,175,1
252,176,1
255,176,1
575,176,-1
250,177,-1
251,177,1
252,177,-1
255,178,-1
548,178,-1
549,178,1
258,179,-1
576,179,-1
577,179,1
262,180,1
268,180,-1
555,180,-1
5,181,-1
263,181,1
268,181,-1
244,182,1
262,182,-1
264,182,1
266,183,-1
548,183,-1
554,183,1
264,184,1
266,184,-1
268,184,-1
276,185,-1
277,185,-1
278,185,1
281,186,-1
282,186,-1
283,186,1
279,187,-1
280,187,1
284,187,-1
286,188,-1
287,188,1
292,188,-1
288,189,-1
288,189,1
466,189,0
287,190,-1
288,190,1
293,190,-1
466,190,0
288,191,-1
290,191,1
294,191,-1
466,191,0
290,192,-1
295,192,-1
466,192,0
1561,192,1
300,193,1
301,193,-1
1925,193,1
2064,193,1
2065,193,1
305,194,-1
306,194,1
658,194,-1
305,195,1
307,195,-1
975,195,1
305,196,1
308,196,-1
1141,196,1
312,197,-1
1699,197,-1
1700,197,1
1493,198,-1
2421,198,-1
2423,198,-1
2424,198,1
430,199,-1
1510,199,-1
2424,199,-1
2426,199,1
1581,200,-1
1582,200,1
171,201,1
184,201,-1
2566,201,-1
494,202,-1
2380,202,1
2566,202,-1
2233,203,-1
2382,203,1
2566,203,-1
46,204,1
88,204,-1
726,204,-1
728,204,1
727,205,1
728,205,-1
1377,205,-1
329,206,-1
725,206,-1
726,206,1
760,206,-1
2602,206,-1
1858,207,-1
2380,207,-1
2381,207,1
493,208,-1
1613,208,-1
1614,208,1
332,209,-1
333,209,1
2467,209,0
2601,209,0
1347,210,-1
1467,210,-1
1468,210,1
1724,211,1
1725,211,-1
46,212,1
88,212,-1
342,212,-1
2427,212,1
347,213,-1
348,213,1
349,213,-1
353,214,0
745,214,1
773,214,-1
2594,214,-1
2595,214,1
350,215,-1
351,215,1
874,215,-1
350,216,-1
352,216,1
543,216,-1
875,216,-1
350,217,-1
353,217,1
1560,217,-1
158,218,-1
354,218,-1
358,218,1
46,219,1
88,219,-1
1724,219,1
1725,219,-1
361,220,-1
362,220,1
391,220,-1
361,221,-1
364,221,1
392,221,-1
371,222,-1
382,222,1
1020,222,-1
372,223,-1
373,223,1
375,223,-1
377,224,-1
380,224,1
549,224,-1
377,225,-1
381,225,1
554,225,-1
271,226,-1
383,226,-1
384,226,1
244,227,1
384,227,-1
385,227,1
386,227,1
411,227,1
290,228,-1
295,228,-1
387,228,-1
388,228,1
359,229,-1
360,229,1
389,229,-1
394,230,-1
395,230,1
1807,230,-1
416,231,-1
549,231,-1
553,231,1
139,232,-1
426,232,-1
427,232,1
428,233,-1
430,233,1
942,233,-1
943,233,-1
222,234,-1
443,234,-1
444,234,1
543,234,-1
446,235,-1
447,235,1
2201,235,-1
448,236,-1
1417,236,-1
1418,236,1
449,237,-1
450,237,1
1414,237,-1
451,238,-1
452,238,1
808,238,-1
453,239,-1
454,239,1
808,239,-1
455,240,-1
456,240,1
2076,240,-1
457,241,-1
458,241,1
2077,241,-1
460,242,-1
461,242,1
2291,242,-1
2,243,-1
462,243,-1
463,243,1
467,244,-1
468,244,1
1592,244,-1
472,245,-1
473,245,1
477,245,-1
253,246,-1
254,246,1
271,247,-1
483,247,-1
485,247,1
259,248,-1
488,248,-1
489,248,1
341,249,-1
489,249,-1
490,249,1
543,250,-1
543,250,1
493,251,-1
2510,251,-1
2511,251,1
445,252,-1
497,252,-1
498,252,1
477,253,-1
478,253,1
498,253,-1
499,254,-1
499,254,1
501,255,-1
502,255,1
1808,255,-1
504,256,-1
505,256,1
515,256,-1
510,257,-1
511,257,1
723,257,-1
329,258,-1
511,258,-1
512,258,1
511,259,-1
513,259,1
761,259,-1
511,260,1
513,260,-1
761,260,1
505,261,-1
506,261,1
515,261,-1
46,262,1
88,262,-1
507,262,1
509,262,-1
46,263,1
88,263,-1
506,263,-1
510,263,1
560,264,1
591,264,1
795,264,-1
1704,264,-1
745,265,1
773,265,-1
1900,265,-1
1901,265,1
46,266,1
88,266,-1
1724,266,1
1725,266,-1
520,267,-1
531,267,1
533,267,-1
46,268,1
88,268,-1
522,268,-1
523,268,1
524,269,-1
524,269,1
46,270,1
88,270,-1
525,270,-1
529,270,1
803,270,-1
1363,270,-1
2044,270,-1
2195,270,-1
526,271,1
529,271,-1
1996,271,-1
528,272,-1
529,272,1
2573,272,1
46,273,1
88,273,-1
527,273,1
529,273,-1
737,273,-1
759,273,-1
1797,273,-1
1940,273,-1
521,274,1
530,274,-1
532,274,-1
522,275,1
531,275,-1
533,275,-1
520,276,-1
530,276,1
532,276,-1
535,277,-1
536,277,1
1370,277,-1
173,278,-1
538,278,-1
1760,278,1
316,279,1
317,279,-1
319,279,1
320,279,1
321,279,1
72,280,-1
541,280,-1
542,280,1
1392,281,1
1701,281,-1
1702,281,1
620,282,1
1393,282,-1
2220,282,1
299,283,-1
543,283,-1
544,283,-1
546,283,1
2446,283,-1
545,284,-1
795,284,-1
1604,284,1
1829,284,1
2446,284,-1
546,285,-1
580,285,0
644,285,1
707,285,0
298,286,-1
299,286,1
543,286,-1
37,287,0
142,287,-1
1915,287,-1
2045,287,1
318,288,-1
547,288,1
1018,289,1
1019,289,-1
1020,289,1
1493,290,-1
1497,290,1
2289,290,-1
1049,291,1
1050,291,-1
1051,291,1
2264,292,1
2265,292,-1
2289,292,1
2270,293,1
2271,293,-1
2289,293,1
302,294,-1
303,294,1
1563,294,-1
46,295,1
88,295,-1
1749,295,-1
2589,295,1
795,296,1
843,296,-1
2617,296,-1
2618,296,1
252,297,1
255,297,1
575,297,-1
1538,298,1
1539,298,-1
705,299,-1
2100,299,-1
2103,299,1
289,300,-1
465,300,-1
466,300,1
1914,301,-1
1915,301,1
1926,301,-1
672,302,1
1320,302,-1
1321,302,1
2335,302,-1
264,303,-1
269,303,1
417,303,-1
379,304,-1
417,304,-1
420,304,1
414,305,-1
417,305,-1
423,305,1
417,306,-1
421,306,1
557,306,-1
417,307,1
418,307,-1
419,307,-1
268,308,1
269,308,-1
272,308,1
274,308,1
417,308,1
243,309,-1
244,309,1
245,309,1
265,310,1
266,310,1
574,310,-1
591,311,1
795,311,-1
1686,311,-1
1829,311,1
152,312,-1
694,312,-1
1337,312,1
152,313,-1
692,313,-1
1338,313,1
152,314,-1
695,314,-1
1339,314,1
561,315,1
794,315,1
795,315,-1
1814,315,-1
1817,315,1
46,316,1
88,316,-1
591,316,0
1748,316,-1
1824,316,1
393,317,-1
596,317,-1
828,317,1
608,318,1
614,318,-1
2259,318,-1
610,319,-1
611,319,1
613,319,1
139,320,-1
609,320,-1
615,320,1
612,321,1
613,321,-1
616,322,-1
619,322,1
2297,322,-1
616,323,-1
617,323,-1
618,323,1
2183,323,0
616,324,-1
1378,324,1
2183,324,-1
2220,324,-1
11,325,-1
21,325,1
1392,325,-1
1883,325,-1
2184,325,0
627,326,-1
628,326,1
2226,326,-1
632,327,-1
633,327,1
1558,327,-1
631,328,-1
634,328,1
2226,328,-1
636,329,-1
637,329,1
1423,329,-1
1767,329,-1
638,330,1
1638,330,1
1639,330,-1
2033,330,1
2220,330,-1
638,331,1
1638,331,1
1640,331,-1
2220,331,-1
2323,331,1
59,332,1
795,332,-1
1829,332,1
2515,332,-1
147,333,1
148,333,-1
1765,333,1
795,334,-1
898,334,1
899,334,-1
1829,334,1
795,335,-1
923,335,1
926,335,-1
1829,335,1
144,336,1
145,336,-1
795,336,-1
1829,336,1
795,337,-1
904,337,1
905,337,-1
1829,337,1
795,338,-1
899,338,1
900,338,-1
1829,338,1
795,339,-1
1829,339,1
2000,339,1
2499,339,-1
1565,340,1
1566,340,-1
2245,340,1
596,341,1
2197,341,-1
847,342,-1
2533,342,-1
2605,342,1
1302,343,1
2390,343,1
2398,343,-1
2510,343,1
2390,344,1
2476,344,-1
2398,345,-1
2622,345,1
2510,346,-1
2510,346,1
2622,347,-1
2622,347,1
325,348,-1
2656,348,1
2657,348,-1
142,349,1
482,349,-1
745,349,-1
773,349,1
795,349,-1
1913,349,1
1923,349,1
1927,349,1
1928,349,1
1929,349,1
390,350,1
825,350,-1
1537,350,-1
2613,350,1
2401,351,1
2587,351,1
2623,351,-1
2547,352,1
2587,352,1
2624,352,-1
244,353,1
411,353,1
484,353,1
485,353,-1
486,353,1
76,354,1
78,354,-1
167,354,1
1829,354,1
16,355,1
17,355,-1
305,355,1
2169,356,-1
2342,356,1
2453,356,1
1293,357,0
2167,357,1
2171,357,-1
2451,357,1
2168,358,-1
2343,358,1
2452,358,1
2173,359,1
2174,359,-1
2451,359,1
143,360,1
165,360,-1
300,360,1
1713,360,1
2064,360,1
2065,360,1
73,361,1
88,361,-1
651,361,1
1562,361,-1
1562,361,1
1765,361,1
2220,361,-1
2224,361,-1
658,362,1
659,362,-1
2564,362,0
306,363,-1
307,363,1
973,363,-1
306,364,-1
308,364,1
1140,364,-1
661,365,-1
665,365,1
667,365,-1
662,366,-1
663,366,1
664,366,-1
665,367,-1
666,367,1
668,367,-1
673,368,-1
674,368,1
1563,368,-1
678,369,1
679,369,-1
1563,369,-1
46,370,1
88,370,-1
675,370,-1
2396,370,1
46,371,1
88,371,-1
1889,371,-1
2462,371,1
46,372,1
88,372,-1
1825,372,1
1898,372,-1
46,373,1
88,373,-1
1530,373,-1
2445,373,1
795,374,-1
1512,374,1
1829,374,1
2238,374,0
2443,374,-1
795,375,-1
1512,375,1
1829,375,1
2443,375,-1
682,376,-1
682,376,1
2606,377,-1
2606,377,1
648,378,0
1757,378,0
2101,378,-1
2101,378,1
1576,379,-1
1576,379,1
1800,379,0
2361,380,-1
2361,380,1
239,381,0
240,381,1
241,381,-1
669,381,0
2226,381,-1
669,382,0
1578,382,-1
1579,382,1
2226,382,-1
2116,383,-1
2226,383,-1
2336,383,1
607,384,1
681,384,1
1810,384,-1
405,385,-1
650,385,1
1419,385,-1
2606,386,-1
2606,386,1
169,387,-1
169,387,1
170,388,-1
170,388,1
732,389,-1
732,389,1
733,390,-1
733,390,1
2046,391,-1
2046,391,1
2047,392,-1
2047,392,1
2049,393,-1
2049,393,1
2050,394,-1
2050,394,1
2198,395,-1
2198,395,1
2199,396,-1
2199,396,1
682,397,1
1549,397,1
1550,397,-1
130,398,-1
142,398,1
1966,399,1
1967,399,-1
2251,399,0
79,400,1
80,400,-1
2251,400,0
57,401,1
58,401,-1
2251,401,0
180,402,-1
223,402,1
2579,402,0
187,403,1
188,403,-1
2251,403,0
33,404,1
370,404,-1
1211,404,0
296,405,1
297,405,-1
2251,405,0
424,406,1
425,406,-1
2251,406,0
687,407,-1
688,407,1
2579,407,0
741,408,1
742,408,-1
2559,408,0
771,409,1
772,409,-1
2251,409,0
832,410,1
833,410,-1
1211,410,0
849,411,1
2579,411,0
850,412,-1
851,412,1
1211,412,0
838,413,1
839,413,-1
2251,413,0
836,414,1
837,414,-1
2251,414,0
45,415,1
198,415,1
563,415,1
670,415,1
744,415,1
882,415,1
884,415,1
885,415,1
888,415,1
889,415,1
890,415,1
891,415,1
892,415,1
893,415,1
894,415,1
1276,415,1
1299,415,1
1307,415,1
1316,415,1
1318,415,0
1569,415,1
1660,415,1
1786,415,1
1876,415,1
1890,415,1
1911,415,1
2202,415,-1
2249,415,1
915,416,1
918,416,-1
2251,416,0
172,417,1
438,417,1
563,417,1
693,417,1
740,417,0
743,417,1
883,417,1
896,417,1
919,417,1
922,417,-1
1299,417,1
1541,417,1
1555,417,1
1660,417,1
1758,417,1
1791,417,1
1988,417,1
988,418,0
992,418,-1
993,418,1
988,419,0
994,419,-1
995,419,1
1030,420,-1
1031,420,1
1211,420,0
1211,421,0
1214,421,-1
1215,421,1
1211,422,0
1212,422,1
1213,422,-1
895,423,1
2203,423,-1
2230,423,0
952,424,1
960,424,-1
2251,424,0
1462,425,1
1463,425,-1
2251,425,0
1211,426,0
1498,426,1
1499,426,-1
1545,427,1
1546,427,-1
2251,427,0
1553,428,1
1554,428,-1
2251,428,0
1595,429,-1
1596,429,1
2579,429,0
1605,430,0
1628,430,1
1636,430,-1
1693,431,1
1694,431,-1
2251,431,0
1792,432,1
1793,432,-1
2579,432,0
1761,433,1
1762,433,-1
2251,433,0
1746,434,1
1747,434,-1
2251,434,0
1931,435,1
1932,435,-1
2251,435,0
1710,436,1
1711,436,-1
2251,436,0
1787,437,1
1788,437,-1
2251,437,0
746,438,1
1849,438,-1
2251,438,0
1854,439,1
1857,439,-1
2251,439,0
1556,440,1
1557,440,-1
2251,440,0
1970,441,1
1971,441,-1
2559,441,0
19,442,0
1977,442,-1
1978,442,1
1981,443,1
1982,443,-1
2251,443,0
2006,444,1
2008,444,-1
2579,444,0
2007,445,1
2009,445,-1
2579,445,0
2010,446,-1
2012,446,1
2579,446,0
2011,447,-1
2013,447,1
2579,447,0
440,448,-1
441,448,0
442,448,1
2018,449,-1
2019,449,1
2559,449,0
2020,450,-1
2021,450,1
2559,450,0
844,451,-1
852,451,1
2251,451,0
2073,452,1
2074,452,-1
2251,452,0
74,453,1
75,453,-1
2251,453,0
469,454,1
470,454,-1
2251,454,0
309,455,1
310,455,-1
2251,455,0
397,456,1
398,456,-1
2251,456,0
769,457,1
770,457,-1
2251,457,0
840,458,1
841,458,-1
2251,458,0
913,459,1
914,459,-1
2512,459,0
1446,460,1
1447,460,-1
2251,460,0
142,461,-1
142,461,1
1887,462,1
1888,462,-1
2251,462,0
1983,463,1
1984,463,-1
2251,463,0
2059,464,1
2060,464,-1
2251,464,0
88,465,-1
95,465,1
1567,465,-1
1575,465,-1
1723,465,-1
1829,465,1
706,466,-1
707,466,1
2636,466,-1
715,467,-1
717,467,1
2638,467,-1
712,468,-1
713,468,1
2639,468,-1
46,469,1
88,469,-1
2274,469,-1
2288,469,1
46,470,1
88,470,-1
2277,470,-1
2285,470,1
712,471,-1
714,471,-1
715,471,1
712,472,-1
715,472,-1
716,472,1
46,473,1
88,473,-1
111,473,1
713,473,0
716,473,-1
717,473,0
181,474,1
182,474,-1
720,474,0
406,475,1
407,475,-1
720,475,0
247,476,-1
249,476,1
410,476,-1
410,477,-1
549,477,-1
552,477,1
248,478,1
249,478,-1
409,478,1
409,479,1
550,479,1
552,479,-1
412,480,-1
415,480,1
871,480,-1
255,481,-1
412,481,-1
414,481,1
413,482,-1
415,482,0
550,482,-1
556,482,1
413,483,-1
415,483,0
549,483,-1
557,483,1
411,484,1
556,484,-1
557,484,1
257,485,1
260,485,1
483,485,1
487,485,-1
261,486,1
421,486,-1
422,486,1
273,487,1
275,487,1
378,487,1
417,487,1
420,487,-1
261,488,1
412,488,1
417,488,1
423,488,-1
2356,488,1
149,489,-1
150,489,1
1490,489,-1
543,490,-1
696,490,-1
697,490,-1
698,490,1
543,491,-1
699,491,-1
700,491,-1
701,491,1
543,492,-1
702,492,-1
703,492,1
704,492,-1
46,493,1
88,493,-1
1288,493,-1
2430,493,1
46,494,1
88,494,-1
1287,494,-1
2429,494,1
46,495,1
88,495,-1
1286,495,-1
2428,495,1
734,496,-1
2106,496,-1
2107,496,1
46,497,1
89,497,-1
166,497,1
471,497,1
2337,497,1
2392,498,1
2480,498,-1
2535,498,-1
2391,499,1
2480,499,-1
2530,499,-1
481,500,-1
1655,500,-1
1656,500,1
244,501,-1
554,501,-1
555,501,1
810,502,-1
811,502,-1
1536,502,1
493,503,-1
1302,503,-1
2228,503,1
252,504,1
256,504,1
551,504,-1
575,504,-1
318,505,1
319,505,-1
321,505,-1
270,506,1
549,506,-1
555,506,-1
17,507,1
1536,507,-1
2290,507,-1
46,508,1
88,508,-1
2000,508,-1
2574,508,1
176,509,-1
300,509,-1
1535,509,-1
1544,509,1
2064,509,-1
2065,509,-1
294,510,-1
295,510,-1
2240,510,-1
2241,510,1
2217,511,-1
2360,511,-1
2361,511,1
481,512,1
1655,512,1
1656,512,-1
562,513,-1
562,513,1
2232,513,-1
2485,513,-1
2486,513,1
46,514,1
88,514,-1
114,514,-1
117,514,1
740,515,1
922,515,-1
2499,515,-1
779,516,1
782,516,-1
747,517,1
749,517,-1
775,517,-1
748,518,1
749,518,-1
750,518,-1
750,519,-1
750,519,1
517,520,-1
518,520,-1
752,520,1
752,521,-1
753,521,1
1209,521,-1
139,522,-1
754,522,-1
755,522,1
139,523,-1
754,523,-1
755,523,1
754,524,-1
754,524,1
756,525,-1
1439,525,1
1440,525,-1
1469,525,1
1354,526,-1
1355,526,1
2602,526,-1
365,527,1
757,527,-1
2619,527,-1
1537,528,1
1538,528,-1
767,529,-1
768,529,1
794,529,1
1643,529,-1
366,530,1
760,530,-1
2619,530,-1
760,531,-1
764,531,1
2422,531,-1
775,532,-1
776,532,-1
782,532,1
750,533,-1
777,533,1
1363,533,-1
782,534,-1
790,534,1
1479,534,-1
748,535,0
776,535,1
777,535,-1
795,536,1
796,536,-1
1815,536,-1
1817,536,1
797,537,-1
798,537,1
1452,537,-1
799,538,-1
800,538,1
1465,538,-1
799,539,-1
801,539,1
1488,539,-1
799,540,-1
802,540,1
2100,540,-1
765,541,0
766,541,0
799,541,1
831,541,-1
795,542,1
834,542,-1
1580,542,1
371,543,-1
639,543,-1
640,543,1
639,544,-1
835,544,1
2338,544,-1
641,545,-1
641,545,1
641,546,-1
641,546,1
729,547,0
1568,547,1
2295,547,1
2618,547,-1
845,548,-1
846,548,1
1300,548,-1
2068,548,-1
139,549,-1
853,549,-1
854,549,1
855,550,1
856,550,-1
1991,550,-1
794,551,-1
794,551,1
46,552,1
88,552,-1
203,552,-1
2422,552,1
729,553,-1
730,553,1
796,553,-1
1673,553,1
2355,553,1
796,554,-1
796,554,1
559,555,1
795,555,-1
1686,555,1
1704,555,-1
591,556,1
795,556,-1
872,556,1
1725,556,-1
795,557,-1
1723,557,1
1724,557,-1
1829,557,1
266,558,-1
267,558,1
795,558,-1
2354,559,-1
2354,559,1
35,560,1
795,560,1
2311,560,-1
2355,560,-1
795,561,1
1485,561,1
1487,561,1
2227,561,-1
2355,561,-1
1069,562,-1
1070,562,1
2163,562,-1
795,563,1
842,563,-1
1814,563,1
1815,563,-1
795,564,1
842,564,-1
1820,564,-1
1821,564,1
795,565,1
842,565,-1
1819,565,1
1821,565,-1
795,566,1
843,566,-1
1486,566,1
2227,566,-1
794,567,-1
795,567,1
842,567,-1
2367,567,-1
2369,567,1
873,568,-1
1346,568,-1
1451,568,1
876,569,-1
877,569,1
879,569,-1
880,570,-1
881,570,-1
2318,570,1
895,571,-1
897,571,1
909,571,-1
910,571,0
911,571,0
906,572,-1
907,572,1
2196,572,-1
909,573,-1
910,573,1
1362,573,-1
909,574,-1
911,574,1
2637,574,-1
916,575,-1
917,575,1
920,575,-1
916,576,-1
923,576,1
928,576,-1
928,577,-1
929,577,1
1362,577,-1
930,578,-1
931,578,1
939,578,-1
969,578,-1
46,579,1
88,579,-1
931,579,-1
932,579,1
46,580,1
88,580,-1
932,580,-1
933,580,1
46,581,1
88,581,-1
934,581,-1
935,581,1
933,582,-1
934,582,1
1994,582,-1
936,583,-1
937,583,1
939,583,-1
969,583,-1
46,584,1
88,584,-1
1617,584,-1
2469,584,1
428,585,-1
429,585,1
940,585,-1
942,585,-1
46,586,1
88,586,-1
1610,586,-1
2483,586,1
46,587,1
88,587,-1
1610,587,-1
1615,587,1
430,588,-1
2261,588,-1
2661,588,1
430,589,-1
431,589,1
1388,589,-1
46,590,1
88,590,-1
1965,590,-1
2370,590,0
2485,590,1
1073,591,-1
1074,591,1
1081,591,-1
953,592,-1
954,592,1
967,592,-1
954,593,-1
955,593,1
969,593,-1
957,594,-1
958,594,1
2003,594,-1
952,595,-1
953,595,1
952,596,0
961,596,1
962,596,-1
952,597,0
963,597,1
964,597,-1
952,598,0
2131,598,-1
2132,598,1
952,599,0
965,599,-1
966,599,1
968,600,-1
969,600,1
2195,600,-1
970,601,-1
971,601,-1
972,601,1
972,602,-1
1245,602,1
1248,602,-1
980,603,-1
980,603,1
973,604,-1
976,604,1
981,604,-1
973,605,1
974,605,-1
2565,605,0
976,606,-1
976,606,1
976,607,-1
976,607,1
976,608,-1
976,608,1
2231,608,0
981,609,-1
982,609,1
1114,609,-1
14,610,1
981,610,-1
981,611,-1
981,611,1
14,612,-1
14,612,1
982,613,-1
982,613,1
983,614,-1
984,614,1
2195,614,-1
984,615,-1
985,615,1
987,615,-1
986,616,-1
987,616,1
1363,616,-1
46,617,1
88,617,-1
977,617,-1
978,617,1
988,618,-1
996,618,1
1002,618,-1
988,619,-1
997,619,1
1001,619,-1
997,620,-1
998,620,1
1225,620,-1
1000,621,-1
1001,621,1
2195,621,-1
1003,622,-1
1004,622,1
1016,622,-1
1003,623,-1
1015,623,1
1161,623,-1
1163,623,-1
1004,624,-1
1017,624,1
1161,624,-1
1163,624,-1
1017,625,-1
1017,625,1
737,626,-1
1010,626,-1
1011,626,1
1006,627,-1
1007,627,1
1940,627,-1
1006,628,-1
1008,628,1
2004,628,-1
46,629,1
88,629,-1
1007,629,-1
1009,629,1
46,630,1
88,630,-1
1008,630,-1
1014,630,1
759,631,-1
1009,631,-1
1010,631,1
1010,632,-1
1012,632,1
1986,632,-1
46,633,1
88,633,-1
1011,633,-1
1013,633,1
46,634,1
88,634,-1
1005,634,1
1017,634,-1
1024,635,-1
1026,635,-1
1132,635,-1
1133,635,1
36,636,0
1021,636,-1
1024,636,-1
1025,636,1
1027,636,-1
1022,637,-1
1023,637,1
1024,637,-1
1028,637,-1
1029,638,-1
1032,638,0
1033,638,1
1036,638,0
1038,638,-1
1033,639,-1
1034,639,1
1037,639,0
1041,639,-1
1029,640,-1
1035,640,-1
1036,640,1
1042,641,-1
1043,641,1
1092,641,-1
46,642,1
88,642,-1
1043,642,-1
1044,642,1
46,643,1
88,643,-1
1045,643,-1
1046,643,1
1044,644,-1
1045,644,1
2003,644,-1
1047,645,-1
1048,645,1
1606,645,0
1052,646,-1
1053,646,1
1061,646,-1
1072,646,0
1055,647,-1
1059,647,1
1077,647,-1
1055,648,-1
1060,648,1
1080,648,-1
1055,649,-1
1056,649,1
1057,649,1
1057,650,-1
1058,650,1
1077,650,-1
1061,651,-1
1062,651,-1
1072,651,1
1063,652,-1
1066,652,1
1559,652,-1
1064,653,1
1066,653,-1
1294,653,-1
1083,654,-1
1084,654,1
1092,654,-1
1083,655,-1
1089,655,1
1111,655,-1
1084,656,-1
1085,656,1
1364,656,-1
46,657,1
88,657,-1
1085,657,-1
1086,657,1
46,658,1
88,658,-1
1087,658,-1
1088,658,1
1086,659,-1
1087,659,1
2003,659,-1
1091,660,-1
1092,660,1
1093,660,-1
1094,661,-1
1095,661,1
1100,661,-1
46,662,1
88,662,-1
1096,662,-1
1097,662,1
1097,663,-1
1098,663,1
1998,663,-1
46,664,1
88,664,-1
1098,664,-1
1099,664,1
1095,665,-1
1096,665,1
1163,665,-1
1101,666,-1
1102,666,1
1110,666,-1
1113,666,0
969,667,-1
1102,667,-1
1103,667,1
46,668,1
88,668,-1
1103,668,-1
1104,668,1
46,669,1
88,669,-1
1104,669,-1
1105,669,1
46,670,1
88,670,-1
1107,670,-1
1108,670,1
1106,671,-1
1107,671,1
2003,671,-1
1105,672,-1
1106,672,1
1797,672,-1
1109,673,-1
1110,673,1
1360,673,-1
1101,674,-1
1112,674,-1
1113,674,1
1121,675,-1
1122,675,1
1363,675,-1
46,676,1
88,676,-1
1115,676,-1
1116,676,1
1092,677,-1
1123,677,-1
1124,677,1
1111,678,-1
1123,678,-1
1128,678,1
46,679,1
88,679,-1
1125,679,-1
1127,679,1
46,680,1
88,680,-1
1128,680,-1
1129,680,1
46,681,1
88,681,-1
1130,681,-1
1131,681,1
1125,682,1
1126,682,-1
1995,682,-1
1091,683,-1
1134,683,-1
1138,683,1
1135,684,-1
1136,684,1
1995,684,-1
969,685,-1
1138,685,-1
1139,685,1
46,686,1
88,686,-1
1135,686,1
1139,686,-1
497,687,-1
499,687,1
1140,687,-1
1140,688,-1
1140,688,1
46,689,1
88,689,-1
1143,689,-1
1144,689,1
1146,690,-1
1147,690,1
1360,690,-1
15,691,1
1146,691,-1
46,692,1
88,692,-1
1005,692,-1
1006,692,1
1160,693,-1
1161,693,1
1360,693,-1
1162,694,-1
1163,694,1
1365,694,-1
1367,694,0
2078,695,-1
2080,695,1
2233,695,-1
1165,696,-1
1166,696,1
1681,696,-1
1078,697,-1
1079,697,1
1169,697,-1
1170,697,0
1076,698,-1
1079,698,-1
1171,698,1
503,699,-1
1172,699,-1
1177,699,1
515,700,-1
516,700,1
1173,700,-1
1173,701,-1
1174,701,1
1806,701,-1
1173,702,-1
1175,702,1
1922,702,-1
515,703,-1
1175,703,-1
1176,703,1
1172,704,-1
1173,704,1
515,705,-1
1177,705,-1
1178,705,1
987,706,-1
1179,706,-1
1188,706,1
1248,706,-1
987,707,-1
1179,707,-1
1180,707,1
987,708,-1
1147,708,-1
1179,708,-1
1185,708,1
947,709,1
1179,709,-1
1248,709,-1
1080,710,-1
1192,710,1
1194,710,-1
1195,710,0
1076,711,-1
1192,711,-1
1193,711,1
1197,711,0
1080,712,-1
1196,712,-1
1197,712,1
1038,713,-1
1039,713,1
1204,713,-1
547,714,-1
1198,714,-1
1205,714,1
547,715,1
1199,715,1
1200,715,-1
1201,715,1
1201,716,-1
1202,716,1
1961,716,-1
1201,717,-1
1203,717,1
2475,717,-1
1201,718,-1
1201,718,1
1203,719,-1
1203,719,1
1035,720,-1
1037,720,1
1204,720,-1
1204,721,-1
1204,721,1
1200,722,1
1205,722,-1
1039,723,-1
1040,723,1
1945,723,-1
860,724,-1
861,724,1
1210,725,-1
1216,725,1
1225,725,-1
1001,726,-1
1216,726,-1
1217,726,1
1163,727,-1
1216,727,-1
1219,727,1
1224,728,-1
1225,728,1
1363,728,-1
46,729,1
88,729,-1
991,729,1
999,729,-1
46,730,1
88,730,-1
1220,730,-1
1221,730,1
1231,731,-1
1235,731,1
1241,731,-1
1244,731,0
1231,732,-1
1236,732,1
1243,732,-1
1235,733,-1
1238,733,1
1248,733,-1
1236,734,-1
1237,734,1
1247,734,-1
1236,735,-1
1237,735,0
1240,735,1
1248,735,-1
1241,736,-1
1242,736,-1
1244,736,1
46,737,1
88,737,-1
1232,737,-1
2204,737,1
806,738,-1
807,738,1
1249,738,-1
1249,739,-1
1250,739,1
1259,739,-1
1163,740,-1
1250,740,-1
1251,740,1
1254,741,-1
1257,741,1
1732,741,-1
1253,742,1
1257,742,-1
1306,742,-1
1254,743,-1
1255,743,1
2016,743,-1
46,744,1
88,744,-1
1255,744,-1
1256,744,1
46,745,1
88,745,-1
1252,745,-1
1254,745,1
1163,746,-1
1263,746,-1
1264,746,1
1270,746,-1
46,747,1
88,747,-1
1264,747,-1
1265,747,1
1266,748,-1
1267,748,1
2022,748,-1
46,749,1
88,749,-1
1267,749,-1
1268,749,1
1269,750,-1
1270,750,1
1360,750,-1
46,751,1
88,751,-1
1265,751,-1
1266,751,1
1273,752,-1
1274,752,1
1333,752,-1
872,753,-1
1275,753,-1
1334,753,1
55,754,0
543,754,-1
543,754,1
872,754,0
317,755,-1
1278,755,-1
1279,755,1
1277,756,-1
1278,756,1
1625,756,-1
1067,757,-1
1068,757,1
1280,757,-1
2163,758,-1
2347,758,1
2389,758,-1
1282,759,-1
1284,759,1
2451,759,-1
46,760,1
88,760,-1
2170,760,-1
2449,760,1
46,761,1
88,761,-1
2170,761,-1
2449,761,1
1282,762,-1
1283,762,1
2453,762,-1
1281,763,1
1282,763,-1
2452,763,-1
2163,764,-1
2173,764,-1
2435,764,1
2163,765,-1
2173,765,-1
2435,765,1
1067,766,-1
1289,766,-1
2431,766,1
46,767,1
88,767,-1
1296,767,-1
2453,767,1
46,768,1
88,768,-1
1295,768,-1
2451,768,1
46,769,1
88,769,-1
1297,769,-1
2452,769,1
1294,770,-1
1297,770,1
2371,770,-1
1294,771,-1
1295,771,1
2370,771,-1
1294,772,-1
1296,772,1
2372,772,-1
46,773,1
88,773,-1
1065,773,-1
1067,773,1
46,774,1
88,774,-1
1068,774,-1
1071,774,1
46,775,1
88,775,-1
1069,775,1
1071,775,-1
46,776,1
88,776,-1
1639,776,0
2034,776,1
2035,776,-1
2397,776,1
1301,777,-1
2262,777,1
2263,777,-1
1301,778,-1
1797,778,0
2268,778,1
2269,778,-1
1317,779,-1
1318,779,1
2202,779,-1
620,780,-1
1310,780,1
1315,780,-1
73,781,1
88,781,-1
653,781,-1
1308,781,1
1314,781,-1
1322,781,1
1765,781,1
2214,781,1
73,782,1
88,782,-1
1300,782,-1
1308,782,1
1314,782,-1
1324,782,1
1765,782,1
2214,782,1
73,783,1
88,783,-1
711,783,-1
1308,783,1
1314,783,-1
1323,783,1
1765,783,1
2214,783,1
73,784,1
88,784,-1
1308,784,1
1309,784,-1
1314,784,-1
1327,784,1
1765,784,1
2214,784,1
73,785,1
88,785,-1
1308,785,1
1314,785,-1
1326,785,1
1764,785,-1
1765,785,1
2214,785,1
671,786,-1
1314,786,-1
1320,786,1
73,787,1
88,787,-1
1308,787,1
1314,787,-1
1325,787,1
1650,787,-1
1765,787,1
2214,787,1
1329,788,-1
1330,788,1
2366,788,-1
689,789,-1
690,789,1
1335,789,-1
1335,790,-1
1336,790,1
2376,790,-1
144,791,1
146,791,-1
795,791,-1
1829,791,1
46,792,1
88,792,-1
144,792,-1
145,792,1
376,792,0
85,793,-1
2326,793,1
2644,793,-1
898,794,-1
1969,794,-1
2537,794,1
1539,795,1
1655,795,-1
1542,796,-1
1542,796,1
226,797,-1
1495,797,-1
1496,797,1
179,798,-1
582,798,1
590,798,-1
178,799,-1
225,799,1
315,799,-1
534,800,-1
578,800,1
2555,800,-1
369,801,-1
464,801,1
596,801,-1
368,802,-1
596,802,-1
1298,802,1
596,803,-1
603,803,1
1405,803,-1
596,804,-1
824,804,1
1407,804,-1
596,805,-1
818,805,1
1408,805,-1
596,806,-1
1409,806,-1
1410,806,1
596,807,-1
815,807,1
1413,807,-1
459,808,-1
596,808,-1
597,808,1
596,809,-1
604,809,1
1621,809,-1
596,810,-1
605,810,1
1591,810,-1
596,811,-1
598,811,1
2177,811,-1
596,812,-1
599,812,1
2178,812,-1
1308,813,-1
1313,813,-1
1314,813,1
131,814,1
655,814,-1
2225,814,-1
2293,814,-1
1540,815,1
1713,815,-1
2364,815,-1
761,816,-1
2487,816,1
2554,816,-1
1305,817,-1
1317,817,1
2504,817,-1
1307,818,-1
1311,818,1
1597,818,-1
1506,819,-1
2327,819,-1
2328,819,1
1705,820,-1
2646,820,-1
2652,820,1
1744,821,-1
2439,821,1
2440,821,-1
1802,822,-1
1803,822,1
2553,822,-1
596,823,-1
1947,823,-1
1948,823,1
172,824,-1
558,824,1
1535,824,1
1540,824,-1
682,825,-1
1549,825,-1
1550,825,1
305,826,-1
1359,826,-1
1536,826,-1
2290,826,1
607,827,-1
681,827,-1
1810,827,1
765,828,0
1356,828,-1
1356,828,1
1356,829,1
1357,829,1
1358,829,-1
1605,829,0
1053,830,-1
1063,830,1
1076,830,-1
1052,831,-1
1054,831,1
1075,831,-1
14,832,0
976,832,-1
980,832,1
981,832,0
985,832,-1
976,833,1
980,833,-1
985,833,1
1020,834,-1
1020,834,1
1082,835,-1
1157,835,1
1159,835,-1
1157,836,-1
1158,836,1
1161,836,-1
982,837,-1
984,837,-1
1120,837,1
1122,837,-1
1141,838,-1
1142,838,1
1147,838,-1
1248,838,-1
2633,838,0
1140,839,0
1141,839,1
1142,839,-1
1147,839,1
1248,839,1
1141,840,-1
1141,840,1
1153,841,1
1158,841,-1
1163,841,-1
1164,842,-1
1206,842,1
1208,842,-1
1206,843,-1
1207,843,1
1209,843,-1
1167,844,-1
1168,844,1
1784,844,-1
975,845,-1
1179,845,1
1226,846,-1
1227,846,1
1227,847,-1
1228,847,1
1230,847,-1
1209,848,-1
1228,848,-1
1229,848,1
566,849,-1
566,849,1
745,849,1
773,849,-1
795,849,-1
1829,849,1
1939,849,-1
1550,850,-1
1550,850,1
2222,851,-1
2222,851,1
794,852,-1
794,852,1
46,853,1
88,853,-1
1232,853,1
1233,853,-1
938,854,-1
939,854,1
1360,854,-1
1090,855,-1
1091,855,1
1360,855,-1
998,856,-1
999,856,1
1360,856,-1
1219,857,-1
1220,857,1
1360,857,-1
1258,858,-1
1259,858,1
1360,858,-1
46,859,1
88,859,-1
1124,859,-1
1126,859,1
46,860,1
88,860,-1
1222,860,-1
1223,860,1
46,861,1
88,861,-1
1148,861,1
1154,861,-1
46,862,1
88,862,-1
1142,862,-1
1143,862,1
46,863,1
88,863,-1
1185,863,-1
1186,863,1
46,864,1
88,864,-1
951,864,1
1187,864,-1
1246,865,-1
1248,865,1
1361,865,-1
46,866,1
88,866,-1
955,866,-1
956,866,1
46,867,1
88,867,-1
1190,867,-1
1191,867,1
46,868,1
88,868,-1
1188,868,-1
1189,868,1
46,869,1
88,869,-1
947,869,-1
1184,869,1
46,870,1
88,870,-1
949,870,-1
950,870,1
778,871,-1
780,871,1
1995,871,-1
46,872,1
88,872,-1
1182,872,-1
1183,872,1
46,873,1
88,873,-1
1180,873,-1
1181,873,1
46,874,1
88,874,-1
858,874,1
860,874,-1
46,875,1
88,875,-1
780,875,-1
781,875,1
46,876,1
88,876,-1
106,876,-1
107,876,1
1771,876,0
46,877,1
88,877,-1
778,877,-1
785,877,1
46,878,1
88,878,-1
1306,878,-1
2539,878,1
46,879,1
88,879,-1
977,879,1
980,879,-1
46,880,1
88,880,-1
1115,880,1
1120,880,-1
1365,881,-1
1366,881,-1
1367,881,1
46,882,1
88,882,-1
1251,882,-1
1252,882,1
1361,883,-1
1370,883,1
1457,883,-1
1361,884,-1
1371,884,1
1680,884,-1
142,885,-1
142,885,1
1696,886,-1
1697,886,1
2057,886,-1
1388,887,1
1392,887,-1
1868,887,-1
1400,888,1
1401,888,-1
2215,888,1
2448,888,1
46,889,1
88,889,-1
2525,889,-1
2526,889,1
73,890,1
88,890,-1
1392,890,-1
1765,890,1
2215,890,-1
2215,890,1
2525,890,1
2527,890,-1
1377,891,-1
2150,891,-1
2151,891,1
46,892,1
88,892,-1
430,892,-1
436,892,1
816,893,-1
821,893,1
1402,893,-1
817,894,-1
819,894,1
823,894,-1
829,895,-1
830,895,1
1403,895,-1
817,896,-1
822,896,1
1404,896,-1
816,897,-1
820,897,1
1406,897,-1
809,898,1
814,898,-1
1411,898,-1
812,899,-1
813,899,1
1412,899,-1
826,900,-1
827,900,1
1415,900,-1
1416,900,-1
1475,901,-1
1476,901,1
2362,901,-1
1430,902,-1
1431,902,1
1541,902,-1
571,903,-1
1432,903,-1
1433,903,1
573,904,-1
1434,904,-1
1435,904,1
730,905,-1
1444,905,-1
1445,905,1
139,906,-1
1449,906,-1
1450,906,1
1370,907,-1
1453,907,-1
1456,907,1
475,908,-1
476,908,1
1370,908,-1
1459,909,-1
1460,909,-1
1533,909,1
539,910,-1
2319,910,-1
2320,910,1
805,911,-1
1471,911,-1
2319,911,1
428,912,-1
434,912,1
942,912,-1
1472,912,-1
1473,913,-1
1474,913,1
2133,913,-1
46,914,1
88,914,-1
2607,914,-1
2608,914,1
46,915,1
88,915,-1
358,915,-1
2585,915,1
46,916,1
88,916,-1
151,916,-1
158,916,1
1804,916,0
774,917,-1
1480,917,-1
1481,917,1
795,918,-1
1481,918,-1
1568,918,1
2295,918,1
480,919,-1
730,919,-1
1477,919,-1
1478,919,1
795,920,1
796,920,-1
1677,920,1
1921,920,-1
1483,921,-1
2092,921,-1
2093,921,1
1428,922,1
1429,922,-1
1930,922,-1
141,923,-1
142,923,1
564,923,-1
825,924,1
1543,924,-1
2613,924,-1
2614,924,1
141,925,-1
165,925,1
1544,925,-1
46,926,1
88,926,-1
1515,926,-1
2513,926,1
1344,927,-1
1345,927,1
1492,927,-1
1493,928,-1
2520,928,-1
2521,928,1
46,929,1
88,929,-1
1610,929,-1
1616,929,1
46,930,1
88,930,-1
1058,930,0
1077,930,0
1513,930,-1
2514,930,1
46,931,1
88,931,-1
492,931,-1
2456,931,1
1516,932,-1
1518,932,1
2154,932,-1
686,933,-1
1871,933,-1
2646,933,-1
2654,933,1
846,934,-1
1518,934,-1
1519,934,1
2155,934,0
222,935,-1
543,935,-1
1521,935,-1
1522,935,1
1525,936,-1
1528,936,1
1649,936,-1
88,937,-1
1526,937,-1
1527,937,1
339,938,-1
1532,938,1
1534,938,-1
140,939,-1
140,939,1
1543,940,1
2640,940,-1
646,941,-1
1551,941,1
1552,941,-1
46,942,1
83,942,-1
88,942,-1
2481,942,1
46,943,1
88,943,-1
492,943,-1
2456,943,1
681,944,-1
681,944,1
561,945,-1
794,945,-1
795,945,1
796,945,-1
842,945,1
749,946,1
750,946,-1
751,946,1
1307,947,0
1577,947,-1
2220,947,-1
2365,947,1
1550,948,-1
1550,948,1
46,949,1
88,949,-1
2394,949,1
2627,949,-1
46,950,1
88,950,-1
2395,950,1
2628,950,-1
46,951,1
88,951,-1
2352,951,1
2626,951,-1
1558,952,-1
1572,952,1
1945,952,0
1970,952,0
2260,952,-1
103,953,-1
1558,953,-1
1571,953,1
104,954,-1
1558,954,-1
1570,954,1
1558,955,-1
1570,955,-1
2372,955,1
1558,956,-1
1571,956,-1
2371,956,1
1558,957,-1
1572,957,-1
2370,957,1
548,958,-1
1547,958,-1
1548,958,1
794,959,-1
795,959,1
796,959,-1
1644,959,1
2367,959,-1
561,960,-1
794,960,-1
795,960,1
796,960,-1
842,960,1
1580,961,-1
1580,961,1
1580,962,-1
1580,962,1
943,963,-1
944,963,1
1581,963,-1
2289,963,0
1690,964,-1
2490,964,-1
2492,964,1
2242,965,-1
2490,965,-1
2491,965,1
1592,966,-1
1593,966,-1
1594,966,1
430,967,-1
1400,967,-1
1831,967,1
430,968,-1
1386,968,-1
2165,968,1
430,969,-1
1385,969,-1
2165,969,1
52,970,0
1605,970,-1
1605,970,1
1605,971,-1
1618,971,-1
1619,971,1
1600,972,-1
1600,972,1
31,973,0
32,973,0
1511,973,-1
1609,973,-1
1610,973,1
2152,973,-1
1606,974,-1
1606,974,1
635,975,0
1605,975,-1
1605,975,1
46,976,1
88,976,-1
1507,976,-1
2534,976,1
1482,977,1
1620,977,-1
1622,977,-1
428,978,-1
435,978,1
942,978,-1
1394,978,0
1626,978,-1
2218,978,0
1626,979,-1
2644,979,-1
2645,979,1
1525,980,-1
1526,980,1
1627,980,-1
1629,981,-1
1630,981,1
1637,981,-1
2042,981,1
1631,982,-1
1632,982,1
1637,982,-1
2042,982,1
1633,983,-1
1634,983,1
1809,983,-1
638,984,-1
1638,984,-1
1639,984,1
2035,984,-1
638,985,-1
1638,985,-1
1640,985,1
2324,985,-1
430,986,-1
432,986,1
1395,986,-1
1516,987,-1
1517,987,1
1641,987,-1
1580,988,1
1642,988,-1
1644,988,-1
1489,989,-1
1646,989,-1
1648,989,1
794,990,1
1586,990,1
1587,990,-1
1657,990,-1
1659,990,1
645,991,-1
645,991,1
794,991,-1
794,991,1
355,992,-1
356,992,1
1808,992,-1
1377,993,-1
1381,993,1
2646,993,1
2658,993,-1
1425,994,-1
1426,994,1
1586,994,1
1587,994,-1
1642,994,1
1657,994,-1
1642,995,-1
1644,995,1
1657,995,-1
1642,996,-1
1642,996,1
1642,997,-1
1642,997,1
731,998,-1
1642,998,-1
1643,998,1
2339,998,1
794,999,-1
834,999,1
2367,999,-1
2591,1000,1
2592,1000,-1
1661,1001,-1
1662,1001,-1
1664,1001,1
1663,1002,1
1664,1002,-1
1665,1003,-1
1666,1003,1
1891,1003,-1
1666,1004,-1
1667,1004,1
1668,1005,-1
1669,1005,-1
1670,1005,1
9,1006,1
88,1006,-1
1765,1006,1
620,1007,-1
1671,1007,-1
1672,1007,1
572,1008,-1
1675,1008,-1
1676,1008,1
795,1009,1
1677,1009,-1
1815,1009,-1
1818,1009,1
1458,1010,-1
1678,1010,-1
1679,1010,1
1246,1011,-1
1454,1011,1
1455,1011,-1
795,1012,-1
1392,1012,1
2647,1012,-1
2658,1012,1
28,1013,1
1682,1013,-1
1683,1013,-1
178,1014,-1
582,1014,-1
583,1014,1
1493,1014,-1
226,1015,1
1827,1015,-1
2421,1015,-1
98,1016,-1
315,1016,1
2478,1016,-1
584,1017,-1
585,1017,1
2163,1017,-1
589,1018,-1
590,1018,1
2477,1018,-1
90,1019,-1
91,1019,1
1373,1020,-1
1373,1020,1
91,1021,-1
92,1021,1
1703,1021,-1
46,1022,1
88,1022,-1
2596,1022,-1
2598,1022,1
46,1023,1
88,1023,-1
1461,1023,-1
2533,1023,1
174,1024,-1
1706,1024,-1
1708,1024,1
1709,1024,0
1706,1025,-1
1707,1025,-1
1709,1025,1
46,1026,1
88,1026,-1
1584,1026,0
1716,1026,1
2454,1026,-1
2515,1026,1
774,1027,-1
1717,1027,-1
1718,1027,1
2259,1027,0
774,1028,-1
1719,1028,-1
1720,1028,1
1,1029,1
795,1029,-1
1424,1029,1
1719,1029,1
1720,1029,-1
2259,1029,0
774,1030,-1
1721,1030,1
1722,1030,-1
2259,1030,0
46,1031,1
88,1031,-1
606,1031,-1
1724,1031,-1
2548,1031,1
1465,1032,-1
1726,1032,-1
1727,1032,1
1728,1033,-1
2386,1033,-1
2387,1033,1
367,1034,1
1729,1034,-1
2619,1034,-1
877,1035,0
878,1035,1
1729,1035,-1
2552,1035,-1
1728,1036,-1
1733,1036,1
2306,1036,-1
46,1037,1
88,1037,-1
1724,1037,1
1725,1037,-1
46,1038,1
88,1038,-1
1724,1038,1
1725,1038,-1
1735,1039,-1
2043,1039,-1
2498,1039,1
2499,1039,-1
46,1040,1
88,1040,-1
330,1040,-1
507,1040,-1
508,1040,1
722,1040,-1
757,1040,-1
762,1040,-1
763,1040,-1
1271,1040,-1
1272,1040,-1
1479,1040,-1
1737,1040,-1
1757,1040,-1
1797,1040,-1
1940,1040,-1
1990,1040,-1
1995,1040,-1
2082,1040,-1
2252,1040,-1
1734,1041,-1
1740,1041,-1
1743,1041,1
396,1042,-1
1741,1042,-1
1742,1042,1
1324,1043,0
1744,1043,1
2439,1043,-1
59,1044,-1
60,1044,1
1724,1044,-1
1715,1045,-1
1716,1045,1
1724,1045,-1
46,1046,1
88,1046,-1
1855,1046,-1
2482,1046,1
592,1047,1
593,1047,-1
46,1048,1
88,1048,-1
312,1048,-1
2517,1048,1
591,1049,-1
593,1049,1
2532,1049,-1
139,1050,-1
1750,1050,-1
1751,1050,1
591,1051,1
795,1051,-1
872,1051,1
1725,1051,-1
1757,1052,-1
2610,1052,-1
2611,1052,1
2584,1053,1
2610,1053,1
2612,1053,-1
537,1054,-1
538,1054,1
1759,1054,-1
46,1055,1
88,1055,-1
314,1055,-1
2423,1055,1
99,1056,1
543,1056,-1
581,1056,-1
1766,1056,-1
1785,1056,-1
1770,1057,1
1773,1057,-1
1363,1058,-1
1769,1058,-1
1782,1058,1
220,1059,-1
1775,1059,1
1776,1059,-1
1777,1060,-1
1778,1060,1
1797,1060,-1
1777,1061,-1
1781,1061,1
2016,1061,-1
46,1062,1
88,1062,-1
1770,1062,-1
1776,1062,1
46,1063,1
88,1063,-1
1780,1063,1
1781,1063,-1
1782,1064,-1
1783,1064,1
302,1065,1
304,1065,-1
1789,1066,-1
1790,1066,1
1840,1066,-1
795,1067,-1
1724,1067,-1
1725,1067,1
1829,1067,1
1365,1068,-1
1368,1068,1
1794,1068,-1
1368,1069,-1
1369,1069,1
785,1070,-1
788,1070,1
1796,1070,-1
788,1071,-1
793,1071,1
795,1071,-1
1829,1071,1
784,1072,1
788,1072,-1
795,1072,-1
1829,1072,1
329,1073,-1
2205,1073,-1
2206,1073,1
1797,1074,-1
2204,1074,-1
2205,1074,1
46,1075,1
88,1075,-1
1239,1075,1
2205,1075,-1
795,1076,-1
1829,1076,1
2254,1076,1
2620,1076,-1
534,1077,1
1798,1077,1
1799,1077,-1
1203,1078,0
1795,1078,-1
1805,1078,1
111,1079,-1
795,1079,-1
796,1079,0
1829,1079,1
2586,1079,1
355,1080,-1
357,1080,1
1807,1080,-1
317,1081,-1
1634,1081,-1
1635,1081,1
681,1082,-1
2606,1082,1
2167,1083,-1
2170,1083,1
2448,1083,-1
2167,1084,-1
2170,1084,1
2448,1084,-1
1401,1085,1
2344,1085,-1
1386,1086,1
1392,1086,-1
2215,1086,-1
2215,1086,1
2448,1086,1
2449,1086,-1
1385,1087,1
1392,1087,-1
2215,1087,-1
2215,1087,1
2448,1087,1
2449,1087,-1
130,1088,1
562,1088,-1
2373,1088,-1
479,1089,-1
1822,1089,-1
2368,1089,1
1822,1090,-1
1822,1090,1
1653,1091,1
1815,1091,-1
1817,1091,1
1822,1091,-1
1653,1092,1
1812,1092,-1
1813,1092,1
1822,1092,-1
161,1093,-1
162,1093,1
199,1093,-1
1588,1093,-1
1724,1093,-1
1757,1093,-1
2233,1093,-1
46,1094,1
88,1094,-1
163,1094,-1
185,1094,1
46,1095,1
84,1095,-1
88,1095,-1
2535,1095,1
2460,1096,-1
2460,1096,1
761,1097,-1
1349,1097,-1
1350,1097,1
762,1098,-1
1348,1098,1
1349,1098,-1
1349,1099,-1
1352,1099,1
1942,1099,-1
2570,1100,1
2571,1100,-1
1148,1101,1
1152,1101,-1
2508,1101,1
2204,1102,1
2209,1102,-1
2571,1102,1
1391,1103,1
2660,1103,1
2665,1103,-1
1391,1104,1
2084,1104,1
2267,1104,-1
46,1105,1
88,1105,-1
1724,1105,-1
2307,1105,-1
2309,1105,1
46,1106,1
88,1106,-1
1724,1106,0
2404,1106,1
2415,1106,-1
46,1107,1
88,1107,-1
2407,1107,-1
2410,1107,1
46,1108,1
88,1108,-1
1640,1108,0
2324,1108,1
2325,1108,-1
2397,1108,1
46,1109,1
88,1109,-1
2398,1109,1
2648,1109,1
2650,1109,-1
46,1110,1
88,1110,-1
2331,1110,1
2333,1110,-1
2476,1110,1
46,1111,1
88,1111,-1
1304,1111,-1
2172,1111,1
2476,1111,1
46,1112,1
88,1112,-1
2403,1112,1
2407,1112,-1
46,1113,1
88,1113,-1
225,1113,-1
1827,1113,1
46,1114,1
88,1114,-1
98,1114,1
313,1114,-1
46,1115,1
88,1115,-1
311,1115,-1
589,1115,1
2420,1115,-1
46,1116,1
88,1116,-1
363,1116,-1
724,1116,-1
2619,1116,1
46,1117,1
88,1117,-1
1759,1117,1
1760,1117,-1
2051,1117,-1
2551,1117,1
46,1118,1
88,1118,-1
600,1118,-1
602,1118,1
724,1118,-1
46,1119,1
88,1119,-1
2385,1119,-1
2386,1119,1
46,1120,1
88,1120,-1
926,1120,-1
927,1120,1
46,1121,1
88,1121,-1
430,1121,-1
436,1121,1
1148,1122,-1
1150,1122,1
1940,1122,-1
1148,1123,-1
1149,1123,1
2016,1123,-1
46,1124,1
88,1124,-1
900,1124,-1
901,1124,1
46,1125,1
88,1125,-1
1290,1125,-1
2436,1125,1
46,1126,1
88,1126,-1
1291,1126,-1
2437,1126,1
46,1127,1
88,1127,-1
1292,1127,-1
2438,1127,1
46,1128,1
88,1128,-1
2268,1128,-1
2269,1128,1
2398,1128,1
46,1129,1
88,1129,-1
2262,1129,-1
2263,1129,1
2398,1129,1
46,1130,1
88,1130,-1
146,1130,-1
148,1130,1
46,1131,1
88,1131,-1
923,1131,-1
924,1131,1
46,1132,1
88,1132,-1
1437,1132,-1
2402,1132,1
46,1133,1
88,1133,-1
1502,1133,-1
2464,1133,1
46,1134,1
88,1134,-1
1504,1134,-1
2465,1134,1
46,1135,1
88,1135,-1
1438,1135,-1
2383,1135,1
46,1136,1
88,1136,-1
1443,1136,-1
1708,1136,-1
2553,1136,1
46,1137,1
88,1137,-1
1724,1137,1
1725,1137,-1
46,1138,1
88,1138,-1
129,1138,1
2589,1138,-1
46,1139,1
88,1139,-1
1749,1139,-1
2589,1139,1
46,1140,1
88,1140,-1
2417,1140,1
2418,1140,-1
46,1141,1
88,1141,-1
2403,1141,-1
2409,1141,1
46,1142,1
88,1142,-1
336,1142,0
1753,1142,-1
1828,1142,1
46,1143,1
88,1143,-1
1941,1143,-1
2554,1143,1
46,1144,1
88,1144,-1
1960,1144,-1
2547,1144,1
46,1145,1
88,1145,-1
2413,1145,-1
2414,1145,1
46,1146,1
88,1146,-1
903,1146,-1
905,1146,1
1802,1146,0
1992,1146,-1
1997,1146,0
46,1147,1
88,1147,-1
2494,1147,1
2500,1147,-1
46,1148,1
88,1148,-1
1993,1148,-1
2500,1148,1
46,1149,1
88,1149,-1
902,1149,-1
903,1149,1
46,1150,1
88,1150,-1
594,1150,1
601,1150,-1
46,1151,1
88,1151,-1
2305,1151,-1
2306,1151,1
2330,1152,-1
2331,1152,1
46,1153,1
88,1153,-1
1436,1153,-1
2401,1153,1
46,1154,1
88,1154,-1
2416,1154,-1
2419,1154,1
46,1155,1
88,1155,-1
2308,1155,-1
2310,1155,1
46,1156,1
88,1156,-1
2254,1156,-1
2620,1156,1
46,1157,1
88,1157,-1
133,1157,1
691,1157,-1
2557,1157,-1
46,1158,1
88,1158,-1
2319,1158,1
2320,1158,-1
2479,1158,1
46,1159,1
88,1159,-1
123,1159,-1
424,1159,-1
2604,1159,1
46,1160,1
88,1160,-1
1514,1160,-1
2444,1160,1
2057,1161,-1
2346,1161,-1
2349,1161,1
73,1162,1
88,1162,-1
652,1162,1
656,1162,1
657,1162,-1
1765,1162,1
2225,1162,-1
1832,1163,-1
1834,1163,1
641,1164,1
1833,1164,1
1835,1164,-1
322,1165,1
323,1165,1
326,1165,1
327,1165,1
328,1165,1
2655,1165,1
2656,1165,-1
38,1166,1
795,1166,-1
1464,1166,1
1704,1166,-1
220,1167,1
1774,1167,1
1775,1167,-1
1773,1168,1
1775,1168,0
1783,1168,-1
1836,1168,-1
550,1169,-1
551,1169,1
1838,1169,-1
1383,1170,-1
1427,1170,1
2220,1170,1
2375,1170,1
682,1171,-1
1427,1171,1
2629,1171,1
46,1172,1
88,1172,-1
1606,1172,-1
1613,1172,1
1507,1173,1
2124,1173,1
2151,1173,-1
2156,1173,1
794,1174,-1
1659,1174,-1
2354,1174,1
1809,1175,-1
1840,1175,-1
1841,1175,1
401,1176,-1
1603,1176,0
1688,1176,1
1689,1176,-1
1845,1176,1
175,1177,-1
1724,1177,-1
1844,1177,-1
2244,1177,-1
2248,1177,1
1846,1178,-1
2595,1178,-1
2596,1178,1
196,1179,0
1342,1179,-1
1847,1179,-1
1848,1179,1
1850,1180,1
1851,1180,-1
2125,1180,-1
139,1181,-1
1863,1181,-1
1866,1181,1
1465,1182,0
1860,1182,1
1866,1182,-1
774,1183,-1
1864,1183,-1
1865,1183,1
46,1184,1
88,1184,-1
430,1184,-1
945,1184,1
2322,1184,0
2663,1184,0
943,1185,-1
1699,1185,-1
1702,1185,1
1392,1186,-1
1701,1186,1
1702,1186,-1
1392,1187,-1
1696,1187,1
1702,1187,-1
1869,1188,1
1873,1188,-1
2085,1188,-1
1870,1189,1
1873,1189,-1
2181,1189,-1
34,1190,1
1830,1190,-1
9,1191,-1
41,1191,0
710,1191,1
1712,1191,0
1839,1191,0
1878,1191,1
1879,1191,-1
1874,1192,1
2635,1192,-1
718,1193,-1
1874,1193,1
1466,1194,-1
1875,1194,-1
1880,1194,1
139,1195,-1
1875,1195,-1
1881,1195,1
622,1196,-1
654,1196,1
1379,1196,1
1882,1196,1
13,1197,1
1885,1197,-1
2192,1197,-1
46,1198,1
88,1198,-1
492,1198,-1
2456,1198,1
240,1199,-1
1731,1199,-1
2258,1199,0
2272,1199,1
1846,1200,-1
1853,1200,-1
1894,1200,1
1765,1201,1
1852,1201,1
1853,1201,-1
1856,1201,0
543,1202,-1
591,1202,-1
1895,1202,-1
1896,1202,1
46,1203,1
88,1203,-1
581,1203,-1
1859,1203,-1
2450,1203,1
46,1204,1
88,1204,-1
1149,1204,-1
1152,1204,1
46,1205,1
88,1205,-1
2068,1205,-1
2321,1205,-1
2324,1205,1
495,1206,-1
496,1206,1
2306,1206,-1
737,1207,-1
1724,1207,-1
2384,1207,-1
2385,1207,1
738,1208,-1
2411,1208,-1
2412,1208,1
2383,1209,-1
2384,1209,1
2487,1209,-1
2402,1210,-1
2411,1210,1
2487,1210,-1
739,1211,1
757,1211,-1
2401,1211,-1
897,1212,-1
898,1212,1
906,1212,-1
907,1212,0
430,1213,-1
2334,1213,1
2659,1213,-1
1300,1214,-1
2071,1214,0
2324,1214,-1
2325,1214,1
1301,1215,-1
2648,1215,-1
2650,1215,1
1303,1216,-1
2331,1216,-1
2333,1216,1
1328,1217,-1
1377,1217,-1
2652,1217,-1
2653,1217,1
1331,1218,-1
1332,1218,1
2547,1218,-1
1687,1219,-1
2405,1219,-1
2406,1219,1
1728,1220,-1
1730,1220,1
2558,1220,-1
1752,1221,-1
2412,1221,-1
2413,1221,1
1754,1222,-1
1756,1222,1
2401,1222,-1
1754,1223,-1
1755,1223,1
2547,1223,-1
1752,1224,-1
2306,1224,-1
2307,1224,1
864,1225,-1
865,1225,1
1940,1225,-1
739,1226,-1
1448,1226,-1
1960,1226,1
901,1227,-1
902,1227,1
2002,1227,-1
601,1228,1
602,1228,-1
2044,1228,-1
133,1229,-1
569,1229,1
2044,1229,-1
2044,1230,-1
2304,1230,-1
2305,1230,1
482,1231,1
1923,1231,-1
1929,1231,-1
2045,1231,-1
586,1232,-1
587,1232,1
2054,1232,-1
2061,1233,-1
2327,1233,-1
2329,1233,1
1950,1234,1
2070,1234,-1
2329,1234,-1
2332,1234,1
46,1235,1
88,1235,-1
1389,1235,-1
2069,1235,-1
2263,1235,1
46,1236,1
88,1236,-1
1390,1236,-1
2069,1236,-1
2269,1236,1
1724,1237,-1
2079,1237,-1
2415,1237,-1
2416,1237,1
1397,1238,-1
2646,1238,-1
2647,1238,1
583,1239,-1
584,1239,1
2163,1239,-1
2157,1240,-1
2327,1240,1
2646,1240,-1
199,1241,-1
1724,1241,-1
2236,1241,-1
2407,1241,1
2414,1241,-1
2234,1242,-1
2414,1242,-1
2415,1242,1
1724,1243,-1
2234,1243,-1
2306,1243,-1
2308,1243,1
148,1244,-1
2254,1244,1
2255,1244,-1
325,1245,-1
2654,1245,-1
2657,1245,1
566,1246,1
567,1246,-1
1542,1246,-1
140,1247,-1
2640,1247,1
1309,1248,1
1327,1248,-1
2625,1248,1
655,1249,1
656,1249,-1
1382,1249,1
1724,1250,1
2306,1250,1
2309,1250,-1
2447,1250,1
921,1251,1
927,1251,1
2494,1251,-1
2400,1252,1
2408,1252,1
2409,1252,-1
901,1253,1
905,1253,-1
2504,1253,1
88,1254,-1
1567,1254,-1
1573,1254,-1
1574,1254,1
1829,1254,1
2304,1254,-1
2304,1254,1
1580,1255,-1
1653,1255,1
1815,1255,-1
1816,1255,1
1902,1256,-1
1903,1256,1
2100,1256,-1
1904,1257,-1
1905,1257,1
2259,1257,-1
1564,1258,-1
1652,1258,-1
1907,1258,-1
1908,1258,1
1906,1259,-1
2100,1259,-1
2102,1259,1
1907,1260,-1
1909,1260,1
2259,1260,-1
1912,1261,-1
1956,1261,-1
1957,1261,1
1916,1262,-1
1917,1262,1
2084,1262,-1
1916,1263,-1
1918,1263,1
2660,1263,-1
220,1264,-1
1607,1264,-1
1608,1264,1
0,1265,1
31,1265,1
1920,1265,-1
2220,1265,-1
0,1266,-1
1920,1266,1
2484,1266,-1
0,1267,-1
1599,1267,-1
1602,1267,1
125,1268,1
127,1268,-1
1919,1268,-1
125,1269,-1
126,1269,1
736,1269,-1
736,1269,1
1374,1269,-1
1375,1269,1
1919,1269,1
2211,1269,-1
2211,1269,1
0,1270,1
1601,1270,1
1602,1270,-1
2220,1270,-1
300,1271,-1
301,1271,1
1924,1271,-1
2039,1271,-1
2064,1271,-1
2065,1271,-1
46,1272,1
88,1272,-1
2597,1272,1
2598,1272,-1
1934,1273,-1
1935,1273,1
2094,1273,-1
1934,1274,-1
1987,1274,1
2100,1274,-1
848,1275,-1
2041,1275,-1
2042,1275,1
1628,1276,-1
1637,1276,1
2042,1276,-1
1770,1277,-1
1771,1277,1
1936,1277,-1
46,1278,1
88,1278,-1
1150,1278,-1
1151,1278,1
865,1279,-1
866,1279,1
46,1280,1
88,1280,-1
1348,1280,-1
1354,1280,1
1802,1281,-1
1943,1281,1
2422,1281,-1
785,1282,-1
787,1282,1
1801,1282,-1
783,1283,1
787,1283,-1
1829,1283,1
864,1284,-1
868,1284,1
1802,1284,-1
867,1285,1
868,1285,-1
1801,1286,-1
1804,1286,1
2585,1286,-1
760,1287,-1
1797,1287,-1
1944,1287,1
46,1288,1
88,1288,-1
1778,1288,-1
1779,1288,1
1797,1289,-1
2551,1289,-1
2603,1289,1
1951,1290,-1
1952,1290,1
2197,1290,-1
1955,1291,-1
1956,1291,1
1958,1292,-1
1959,1292,1
439,1293,-1
785,1293,-1
786,1293,1
785,1294,-1
789,1294,1
1968,1294,-1
924,1295,-1
925,1295,1
1969,1295,-1
529,1296,-1
1969,1296,-1
1974,1296,1
524,1297,1
540,1297,1
676,1297,1
677,1297,1
1884,1297,1
1969,1297,1
1973,1297,-1
2223,1297,-1
540,1298,-1
676,1298,-1
677,1298,-1
1884,1298,-1
1972,1298,-1
1973,1298,1
1972,1299,1
1974,1299,-1
1976,1300,-1
2204,1300,-1
2207,1300,1
1217,1301,-1
1218,1301,1
1979,1301,-1
745,1302,1
773,1302,-1
2594,1302,-1
2595,1302,1
745,1303,1
773,1303,-1
2594,1303,-1
2595,1303,1
3,1304,1
46,1304,1
88,1304,-1
463,1304,-1
2001,1305,1
2570,1305,-1
1189,1306,-1
1190,1306,1
1992,1306,-1
2014,1306,-1
948,1307,-1
949,1307,1
1992,1307,-1
1962,1308,1
1963,1308,-1
2499,1308,0
1144,1309,-1
1145,1309,1
1992,1309,-1
2003,1309,-1
46,1310,1
88,1310,-1
1136,1310,-1
1137,1310,1
1186,1311,-1
1187,1311,1
1992,1311,-1
2003,1311,-1
989,1312,1
991,1312,-1
1999,1312,-1
46,1313,1
88,1313,-1
989,1313,-1
990,1313,1
46,1314,1
88,1314,-1
1145,1314,-1
2577,1314,1
1260,1315,-1
1261,1315,1
2003,1315,-1
1129,1316,-1
1130,1316,1
2003,1316,-1
1116,1317,-1
1117,1317,1
2003,1317,-1
46,1318,1
88,1318,-1
1261,1318,-1
1262,1318,1
46,1319,1
88,1319,-1
958,1319,-1
959,1319,1
46,1320,1
88,1320,-1
1040,1320,0
2003,1320,-1
2578,1320,1
46,1321,1
88,1321,-1
1118,1321,-1
1119,1321,1
1221,1322,-1
1222,1322,1
2005,1322,-1
1181,1323,-1
1182,1323,1
2014,1323,-1
1117,1324,-1
1118,1324,1
2014,1324,-1
978,1325,-1
979,1325,1
2014,1325,-1
20,1326,1
46,1326,1
88,1326,-1
979,1326,-1
785,1327,-1
791,1327,1
2016,1327,-1
2507,1328,-1
2507,1328,1
858,1329,-1
869,1329,1
2016,1329,-1
46,1330,1
88,1330,-1
791,1330,-1
792,1330,1
491,1331,1
1674,1331,-1
2023,1331,-1
2023,1332,-1
2025,1332,1
2186,1332,-1
543,1333,1
2023,1333,1
2024,1333,-1
2026,1334,-1
2030,1334,1
2185,1334,-1
2027,1335,-1
2031,1335,1
2298,1335,-1
2027,1336,-1
2032,1336,1
2296,1336,-1
1396,1337,0
2026,1337,-1
2027,1337,1
618,1338,0
619,1338,0
637,1338,0
1300,1338,-1
1551,1338,0
1624,1338,0
2027,1338,-1
2028,1338,1
2031,1338,0
2032,1338,0
2068,1338,-1
2179,1338,0
2318,1338,0
2017,1339,-1
2027,1339,-1
2029,1339,1
2068,1339,-1
1396,1340,1
2030,1340,-1
2185,1340,1
2220,1340,-1
46,1341,1
88,1341,-1
2609,1341,-1
2610,1341,1
46,1342,1
88,1342,-1
159,1342,-1
160,1342,1
1804,1342,0
1154,1343,-1
1155,1343,1
2044,1343,-1
3,1344,-1
4,1344,1
2044,1344,-1
158,1345,-1
159,1345,1
2044,1345,-1
2044,1346,-1
2608,1346,-1
2609,1346,1
46,1347,1
88,1347,-1
1155,1347,-1
1156,1347,1
46,1348,1
88,1348,-1
2611,1348,-1
2612,1348,1
46,1349,1
88,1349,-1
2429,1349,-1
2628,1349,1
46,1350,1
88,1350,-1
2430,1350,-1
2626,1350,1
46,1351,1
88,1351,-1
2428,1351,-1
2627,1351,1
337,1352,-1
1439,1352,1
1440,1352,-1
1470,1352,1
46,1353,1
88,1353,-1
2303,1353,-1
2304,1353,1
46,1354,1
88,1354,-1
2209,1354,-1
2210,1354,1
1946,1355,-1
1949,1355,1
2048,1355,-1
247,1356,1
575,1356,-1
795,1356,-1
46,1357,1
88,1357,-1
512,1357,-1
514,1357,1
46,1358,1
88,1358,-1
403,1358,-1
404,1358,1
1642,1359,-1
1659,1359,-1
1822,1359,1
1642,1360,-1
1659,1360,-1
1822,1360,1
794,1361,-1
796,1361,1
1659,1361,-1
729,1362,1
794,1362,-1
796,1362,1
1658,1362,-1
2615,1362,1
2616,1362,-1
46,1363,1
88,1363,-1
122,1363,1
2425,1363,1
2426,1363,-1
1697,1364,-1
1698,1364,1
2349,1365,-1
2350,1365,1
46,1366,1
88,1366,-1
1503,1366,-1
2461,1366,1
1399,1367,-1
2061,1367,-1
2063,1367,1
1398,1368,-1
2061,1368,-1
2062,1368,1
1389,1369,1
2063,1369,-1
2220,1369,-1
1390,1370,1
2062,1370,-1
2220,1370,-1
2066,1371,-1
2067,1371,1
2069,1371,-1
2071,1372,1
2292,1372,-1
2324,1372,-1
46,1373,1
88,1373,-1
2028,1373,-1
2035,1373,1
46,1374,1
88,1374,-1
2029,1374,-1
2036,1374,1
2069,1375,-1
2649,1375,1
2651,1375,-1
46,1376,1
88,1376,-1
2034,1376,1
2036,1376,-1
2474,1376,1
46,1377,1
88,1377,-1
1040,1377,0
2068,1377,-1
2536,1377,1
46,1378,1
88,1378,-1
2072,1378,0
2648,1378,1
2649,1378,-1
2069,1379,-1
2330,1379,1
2332,1379,-1
1491,1380,0
1950,1380,1
2070,1380,-1
2647,1380,-1
2651,1380,1
343,1381,-1
344,1381,1
2052,1381,-1
345,1382,-1
346,1382,1
2052,1382,-1
142,1383,-1
2053,1383,-1
2075,1383,1
77,1384,-1
78,1384,1
168,1384,-1
565,1384,-1
647,1384,-1
1655,1384,-1
77,1385,1
565,1385,1
1655,1385,1
2081,1385,-1
2374,1386,1
2375,1386,-1
65,1387,-1
66,1387,1
1725,1388,-1
2087,1388,-1
2088,1388,1
46,1389,1
88,1389,-1
2089,1389,-1
2260,1389,1
88,1390,-1
89,1390,1
166,1390,-1
471,1390,-1
2113,1390,-1
235,1391,1
241,1391,1
708,1391,-1
709,1391,-1
794,1391,0
756,1392,-1
2095,1392,1
2096,1392,-1
1934,1393,0
2094,1393,-1
2095,1393,-1
2097,1393,1
324,1394,-1
686,1394,-1
2265,1394,1
2663,1394,-1
324,1395,-1
686,1395,-1
1388,1395,0
1868,1395,-1
2271,1395,1
1576,1396,-1
2101,1396,-1
2175,1396,1
33,1397,-1
756,1397,-1
2108,1397,1
2110,1397,-1
2108,1398,-1
2109,1398,-1
2111,1398,1
2112,1399,-1
2114,1399,-1
2115,1399,1
709,1400,-1
1578,1400,1
2118,1401,-1
2119,1401,-1
2120,1401,1
2118,1402,-1
2121,1402,1
2134,1402,-1
1392,1403,1
1696,1403,-1
1702,1403,1
2137,1404,-1
2138,1404,1
2145,1404,-1
1851,1405,-1
2126,1405,-1
2141,1405,1
2135,1406,-1
2136,1406,1
2142,1406,-1
2130,1407,-1
2143,1407,-1
2144,1407,1
2139,1408,-1
2146,1408,-1
2147,1408,1
2140,1409,-1
2148,1409,-1
2149,1409,1
46,1410,1
60,1410,-1
61,1410,0
88,1410,-1
2455,1410,1
941,1411,-1
2458,1411,-1
2459,1411,1
940,1412,1
941,1412,-1
2459,1412,0
46,1413,1
88,1413,-1
1500,1413,-1
2463,1413,1
1392,1414,-1
1654,1414,-1
2150,1414,1
428,1415,1
435,1415,-1
942,1415,1
1394,1415,1
2220,1415,-1
373,1416,-1
374,1416,1
2302,1416,-1
26,1417,-1
27,1417,1
2302,1417,-1
24,1418,-1
25,1418,1
2302,1418,-1
22,1419,-1
23,1419,1
2302,1419,-1
1917,1420,0
2084,1420,-1
2159,1420,-1
2161,1420,1
2159,1421,-1
2162,1421,1
2660,1421,-1
2158,1422,-1
2160,1422,-1
2302,1422,1
1066,1423,1
1070,1423,-1
1293,1423,0
2153,1423,1
2389,1423,1
2531,1423,1
2163,1424,-1
2522,1424,-1
2523,1424,1
660,1425,0
1506,1425,-1
1531,1425,1
2163,1425,-1
2163,1426,-1
2171,1426,1
2394,1426,-1
2163,1427,-1
2168,1427,1
2340,1427,-1
2163,1428,-1
2169,1428,1
2341,1428,-1
2163,1429,-1
2174,1429,1
2436,1429,-1
1303,1430,-1
1304,1430,1
2172,1430,-1
2345,1431,1
2348,1431,-1
73,1432,1
88,1432,-1
1392,1432,-1
1765,1432,1
2215,1432,-1
2215,1432,1
2524,1432,1
2528,1432,-1
68,1433,-1
69,1433,1
2163,1433,-1
1304,1434,-1
1384,1434,1
1392,1434,-1
2215,1434,-1
2215,1434,1
29,1435,-1
30,1435,1
2302,1435,-1
2083,1436,-1
2084,1436,1
2175,1436,-1
408,1437,-1
2176,1437,-1
2182,1437,1
1562,1438,-1
2179,1438,-1
2180,1438,1
2641,1438,-1
1868,1439,1
1871,1439,-1
1873,1439,0
1917,1439,0
2084,1439,-1
2054,1440,-1
2524,1440,-1
2527,1440,1
543,1441,-1
543,1441,1
500,1442,-1
1260,1442,1
2187,1442,-1
24,1443,1
2127,1443,-1
2634,1443,-1
2037,1444,-1
2040,1444,0
2188,1444,-1
2189,1444,1
2038,1445,-1
2188,1445,-1
2190,1445,1
2039,1446,-1
2188,1446,-1
2191,1446,1
832,1447,0
1628,1447,-1
2193,1447,-1
2194,1447,1
2192,1448,-1
2193,1448,-1
2200,1448,1
13,1449,1
1684,1449,-1
2193,1449,1
140,1450,-1
151,1450,1
183,1450,-1
1064,1451,-1
1065,1451,1
2153,1451,-1
760,1452,-1
1351,1452,-1
1353,1452,1
684,1453,-1
685,1453,1
1910,1453,-1
519,1454,-1
1209,1454,1
1363,1454,-1
860,1455,1
870,1455,-1
276,1456,-1
285,1456,1
291,1456,1
1655,1457,-1
1655,1457,1
1312,1458,-1
1313,1458,1
2212,1458,1
2214,1458,-1
1467,1459,-1
1886,1459,0
1934,1459,0
2100,1459,-1
2101,1459,1
73,1460,1
88,1460,-1
131,1460,-1
652,1460,1
657,1460,1
1765,1460,1
651,1461,-1
652,1461,-1
2224,1461,1
2225,1461,1
311,1462,-1
313,1462,1
1714,1462,-1
1604,1463,-1
1604,1463,1
1317,1464,1
1319,1464,-1
1420,1464,1
1421,1464,1
1325,1465,0
1343,1465,-1
1650,1465,-1
1651,1465,1
1714,1466,1
1715,1466,-1
1745,1466,-1
591,1467,-1
1749,1467,1
1768,1467,-1
100,1468,1
1725,1468,-1
2587,1468,-1
921,1469,-1
2499,1469,1
76,1470,-1
647,1470,1
745,1470,1
773,1470,-1
1829,1470,1
2081,1470,1
1496,1471,-1
2163,1471,-1
2164,1471,1
366,1472,-1
1724,1472,-1
2233,1472,-1
2235,1472,1
46,1473,1
88,1473,-1
795,1473,-1
1829,1473,1
2373,1473,1
2375,1473,-1
18,1474,1
2390,1474,-1
1420,1475,1
1421,1475,1
2568,1475,1
2575,1475,-1
142,1476,-1
142,1476,1
18,1477,1
1302,1477,-1
1302,1477,1
2390,1477,-1
2510,1477,-1
2510,1477,1
46,1478,1
88,1478,-1
924,1478,-1
925,1478,0
926,1478,1
1801,1478,0
46,1479,1
88,1479,-1
123,1479,1
847,1479,1
2605,1479,-1
46,1480,1
88,1480,-1
795,1480,-1
1829,1480,1
2373,1480,1
2375,1480,-1
1655,1481,-1
1655,1481,1
1542,1482,1
1655,1482,-1
142,1483,1
143,1483,-1
176,1483,1
300,1484,-1
300,1484,1
1924,1484,-1
1924,1484,1
2064,1484,-1
2064,1484,1
2065,1484,-1
2065,1484,1
46,1485,1
81,1485,-1
81,1485,1
88,1485,-1
649,1485,-1
649,1485,1
1422,1485,-1
1422,1485,1
1842,1485,-1
1842,1485,1
1989,1485,-1
1989,1485,1
2614,1485,-1
2614,1485,1
1427,1486,1
2375,1486,1
2629,1486,-1
141,1487,1
1427,1487,1
2629,1487,-1
141,1488,1
1427,1488,1
2373,1488,-1
1861,1489,-1
1862,1489,1
1864,1489,1
46,1490,1
88,1490,-1
860,1490,-1
864,1490,1
1995,1491,-1
2204,1491,-1
2208,1491,1
46,1492,1
88,1492,-1
1772,1492,-1
1777,1492,1
46,1493,1
88,1493,-1
2207,1493,0
2208,1493,-1
2209,1493,1
2215,1494,1
2345,1494,-1
2346,1494,1
908,1495,-1
912,1495,1
2219,1495,-1
708,1496,1
709,1496,1
2098,1496,1
2114,1496,1
2217,1496,1
2361,1496,-1
795,1497,-1
1394,1497,-1
1626,1497,1
2220,1497,1
430,1498,-1
433,1498,1
2219,1498,-1
1600,1499,1
1601,1499,-1
1606,1500,1
1611,1500,-1
2220,1500,1
111,1501,-1
2220,1501,-1
2222,1501,1
433,1502,0
436,1502,-1
437,1502,1
2215,1502,-1
2215,1502,1
2220,1502,-1
436,1503,-1
437,1503,1
1392,1503,-1
2215,1503,-1
2215,1503,1
566,1504,-1
568,1504,1
1655,1504,1
1939,1504,1
2203,1505,-1
2229,1505,-1
2230,1505,1
1329,1506,-1
1330,1506,0
2237,1506,-1
2359,1506,1
10,1507,1
795,1507,-1
2117,1507,1
2179,1507,1
2180,1507,-1
2312,1507,1
2313,1507,1
2098,1508,-1
2099,1508,-1
2642,1508,1
2083,1509,-1
2642,1509,-1
2660,1509,1
2163,1510,-1
2660,1510,-1
2664,1510,1
1871,1511,-1
1873,1511,0
2660,1511,-1
2663,1511,1
288,1512,-1
2239,1512,-1
2240,1512,1
82,1513,-1
735,1513,-1
2245,1513,-1
2246,1513,1
402,1514,-1
403,1514,1
1938,1514,-1
2247,1514,-1
46,1515,1
88,1515,-1
1153,1515,-1
1154,1515,1
2251,1516,1
2562,1516,-1
2256,1517,-1
2257,1517,-1
2321,1517,1
1871,1518,-1
1873,1518,-1
2321,1518,-1
2322,1518,1
46,1519,1
88,1519,-1
1501,1519,-1
2460,1519,1
1374,1520,-1
1376,1520,1
1919,1520,-1
1919,1520,1
2213,1520,-1
2213,1520,1
2468,1520,-1
46,1521,1
88,1521,-1
719,1521,-1
2530,1521,1
1520,1522,-1
2300,1522,-1
2301,1522,1
88,1523,-1
773,1523,-1
1765,1523,1
2296,1523,1
1377,1524,-1
1380,1524,1
2150,1524,0
2158,1524,1
2159,1524,1
2302,1524,-1
2122,1525,-1
2123,1525,1
2302,1525,-1
1809,1526,-1
2315,1526,-1
2316,1526,1
317,1527,-1
2316,1527,-1
2317,1527,1
474,1528,-1
475,1528,1
1248,1528,-1
46,1529,1
88,1529,-1
2351,1529,-1
2353,1529,1
1811,1530,-1
2351,1530,1
2388,1530,-1
2216,1531,-1
2347,1531,-1
2348,1531,1
1285,1532,1
2216,1532,-1
2353,1532,-1
1645,1533,-1
1646,1533,1
2357,1533,-1
2104,1534,-1
2105,1534,1
2378,1534,-1
337,1535,-1
338,1535,1
2379,1535,-1
1439,1536,-1
1441,1536,1
2379,1536,-1
46,1537,1
88,1537,-1
160,1537,-1
161,1537,1
186,1537,-1
340,1538,1
760,1538,-1
1738,1538,-1
2427,1538,-1
1757,1539,-1
2548,1539,-1
2549,1539,1
46,1540,1
88,1540,-1
2538,1540,1
2545,1540,-1
18,1541,-1
331,1541,1
493,1541,-1
18,1542,1
629,1542,0
2390,1542,-1
177,1543,1
1738,1543,-1
2399,1543,-1
745,1544,1
773,1544,-1
2594,1544,-1
2595,1544,1
46,1545,1
88,1545,-1
1340,1545,-1
2468,1545,1
1867,1546,-1
2466,1546,-1
2467,1546,1
46,1547,1
88,1547,-1
1507,1547,-1
2442,1547,1
2473,1548,-1
2473,1548,1
2472,1549,-1
2473,1549,1
46,1550,1
88,1550,-1
2472,1550,1
2474,1550,-1
861,1551,-1
862,1551,1
2253,1551,-1
721,1552,-1
2488,1552,1
2546,1552,-1
1588,1553,-1
2490,1553,1
2546,1553,-1
680,1554,-1
2488,1554,-1
2489,1554,1
1135,1555,1
1137,1555,-1
2501,1555,1
1189,1556,1
1191,1556,-1
2503,1556,1
2567,1557,-1
2576,1557,1
2578,1557,-1
1420,1558,-1
2495,1558,-1
2496,1558,1
7,1559,-1
7,1559,1
7,1560,1
2493,1560,-1
948,1561,1
950,1561,-1
2493,1561,1
951,1562,-1
1186,1562,1
2493,1562,1
2505,1562,1
933,1563,1
935,1563,-1
2502,1563,1
1126,1564,1
1127,1564,-1
2501,1564,1
2503,1565,-1
2563,1565,1
1421,1566,-1
2496,1566,-1
2497,1566,1
8,1567,-1
19,1567,1
8,1568,1
2505,1568,-1
1086,1569,1
1088,1569,-1
2505,1569,1
1129,1570,1
1131,1570,-1
2505,1570,1
1260,1571,1
1262,1571,-1
2505,1571,1
1181,1572,1
1183,1572,-1
2506,1572,1
440,1573,-1
441,1573,1
2507,1573,-1
2507,1574,1
2508,1574,-1
12,1575,1
194,1575,-1
2507,1575,-1
108,1576,1
110,1576,-1
2508,1576,1
858,1577,1
859,1577,-1
2508,1577,1
1254,1578,1
1256,1578,-1
2508,1578,1
785,1579,1
792,1579,-1
2508,1579,1
46,1580,1
88,1580,-1
162,1580,-1
164,1580,1
2397,1581,-1
2510,1581,1
914,1582,-1
2511,1582,-1
2512,1582,1
509,1583,1
514,1583,-1
2220,1583,-1
46,1584,1
88,1584,-1
523,1584,-1
525,1584,1
46,1585,1
88,1585,-1
526,1585,-1
528,1585,1
1974,1585,0
46,1586,1
88,1586,-1
956,1586,-1
957,1586,1
1971,1587,-1
2541,1587,-1
2542,1587,1
1977,1588,-1
2541,1588,-1
2543,1588,1
1970,1589,1
1971,1589,-1
2542,1589,0
1976,1590,1
1977,1590,-1
2543,1590,0
2541,1591,-1
2541,1591,1
2541,1592,1
2573,1592,-1
1006,1593,1
1014,1593,-1
2560,1593,1
2578,1593,1
2544,1594,1
2560,1594,-1
2578,1594,-1
2544,1595,-1
2544,1595,1
2569,1596,1
2572,1596,-1
990,1597,-1
991,1597,1
2572,1597,1
2569,1598,-1
2569,1598,1
1829,1599,1
1899,1599,1
2556,1599,-1
2509,1600,1
2560,1600,-1
2561,1601,-1
2562,1601,1
20,1602,-1
2561,1602,1
1116,1603,1
1119,1603,-1
2561,1603,1
2578,1603,1
1145,1604,1
2567,1604,1
2577,1604,-1
2578,1604,1
2567,1605,-1
2576,1605,1
2578,1605,-1
2540,1606,1
2567,1606,-1
1266,1607,1
1268,1607,-1
2573,1607,1
2576,1608,-1
2576,1608,1
2576,1609,-1
2576,1609,1
2561,1610,-1
2578,1610,-1
2583,1610,1
2579,1611,-1
2579,1611,1
2580,1612,-1
2581,1612,1
2578,1613,-1
2579,1613,1
1106,1614,1
1108,1614,-1
2578,1614,1
957,1615,1
959,1615,-1
2578,1615,1
2580,1616,1
2582,1616,-1
1221,1617,1
1223,1617,-1
2582,1617,1
2583,1618,-1
2583,1618,1
591,1619,1
795,1619,-1
872,1619,1
1725,1619,-1
2584,1620,-1
2584,1620,1
126,1621,-1
128,1621,1
2593,1621,-1
93,1622,-1
570,1622,1
1612,1622,1
1614,1622,-1
46,1623,1
88,1623,-1
1889,1623,-1
2462,1623,1
2601,1624,-1
2601,1624,1
1051,1625,0
1508,1625,-1
1509,1625,1
2163,1625,-1
594,1626,-1
595,1626,1
1728,1626,-1
624,1627,-1
625,1627,1
624,1628,-1
624,1628,1
624,1629,-1
624,1629,1
1044,1630,1
1046,1630,-1
2578,1630,1
22,1631,1
2128,1631,-1
2630,1631,-1
2056,1632,-1
2631,1632,-1
2632,1632,1
2633,1633,-1
2633,1633,1
857,1634,-1
1589,1634,-1
1590,1634,1
11,1635,1
88,1635,-1
620,1635,-1
621,1635,-1
630,1635,0
1310,1635,0
886,1636,-1
887,1636,-1
2091,1636,1
2643,1636,1
1516,1637,-1
1517,1637,0
2644,1637,-1
2645,1637,0
2646,1637,1