1001,5,-1
28,7,-1
47,12,-1
350,19,-1
1869,25,-1
91,27,-1
94,28,-1
91,30,-1
104,31,-1
182,32,-1
105,34,-1
187,36,-1
110,37,-1
109,38,-1
3362,39,-1
2246,40,-1
117,43,-1
643,46,-1
3683,58,-1
1939,60,-1
348,62,-1
1869,64,-1
3362,65,-1
122,68,-1
1760,72,-1
122,73,-1
129,75,-1
129,76,-1
3511,77,-1
134,80,-1
3729,88,-1
2575,89,-1
2770,91,-1
306,95,-1
198,100,-1
193,101,-1
3378,105,-1
210,106,-1
211,107,-1
3226,109,-1
3225,110,-1
216,112,-1
2529,115,-1
1754,116,-1
285,123,-1
218,124,-1
218,126,-1
2303,127,-1
2822,128,-1
187,132,-1
2411,133,-1
224,134,-1
1303,136,-1
2278,137,-1
1303,138,-1
3791,141,-1
235,142,-1
3791,143,-1
240,144,-1
1107,145,-1
2266,146,-1
2822,147,-1
242,149,-1
1303,154,-1
248,155,-1
1303,157,-1
245,162,-1
1106,163,-1
261,164,-1
2303,165,-1
261,166,-1
262,167,-1
276,170,-1
264,171,-1
267,173,-1
269,174,-1
2278,177,-1
278,179,-1
1330,180,-1
266,181,-1
282,182,-1
282,183,-1
282,185,-1
3339,188,-1
299,189,-1
2411,191,-1
1303,193,-1
292,194,-1
1330,195,-1
295,196,-1
2278,197,-1
301,199,-1
3791,200,-1
2618,201,-1
409,202,-1
1420,207,-1
389,211,-1
1107,212,-1
1301,214,-1
1532,215,-1
2279,216,-1
2303,217,-1
2822,218,-1
2267,221,-1
3744,228,-1
3744,229,-1
1558,233,-1
423,234,-1
3011,235,-1
559,239,-1
2485,242,-1
1330,243,-1
2525,246,-1
841,247,-1
1106,252,-1
2303,254,-1
2822,255,-1
315,256,-1
315,257,-1
317,258,-1
318,259,-1
320,261,-1
321,263,-1
2550,265,-1
2551,267,-1
1167,268,-1
2268,269,-1
1533,277,-1
349,279,-1
362,281,-1
2836,288,-1
3005,289,-1
1385,291,-1
851,293,-1
437,295,-1
3592,297,-1
1148,298,-1
1053,303,-1
3109,315,-1
2121,317,-1
3233,322,-1
402,325,-1
403,326,-1
3047,327,-1
418,329,-1
187,330,-1
2754,331,-1
3794,332,-1
1633,333,-1
3792,334,-1
2963,342,-1
571,343,-1
2426,347,-1
1730,348,-1
886,349,-1
831,350,-1
1292,351,-1
1485,354,-1
2446,356,-1
862,357,-1
2303,360,-1
1546,361,-1
2279,362,-1
3843,363,-1
449,368,-1
463,374,-1
3678,377,-1
1627,379,-1
482,383,-1
3772,384,-1
488,386,-1
859,390,-1
1398,391,-1
3017,392,-1
621,393,-1
231,394,-1
273,396,-1
849,399,-1
3497,407,-1
558,409,-1
556,411,-1
1177,412,-1
558,414,-1
438,417,-1
1636,419,-1
566,420,-1
414,423,-1
917,428,-1
622,436,-1
754,437,-1
2559,438,-1
3807,440,-1
707,442,-1
2928,447,-1
665,455,-1
2858,456,-1
789,457,-1
789,463,-1
1872,466,-1
709,469,-1
469,474,-1
469,480,-1
1120,495,-1
637,499,-1
655,501,-1
656,502,-1
3834,507,-1
3834,508,-1
792,509,-1
736,510,-1
716,511,-1
736,513,-1
1989,524,-1
1978,525,-1
766,526,-1
2485,528,-1
409,530,-1
2485,531,-1
2258,533,-1
733,536,-1
789,540,-1
3519,541,-1
1369,545,-1
2214,559,-1
1593,560,-1
1601,561,-1
3108,565,-1
736,570,-1
3016,571,-1
1615,572,-1
3510,576,-1
3676,579,-1
3344,591,-1
817,600,-1
827,604,-1
866,605,-1
889,606,-1
914,608,-1
1350,610,-1
858,611,-1
163,612,-1
578,615,-1
869,616,-1
869,617,-1
2982,618,-1
3070,619,-1
869,620,-1
870,621,-1
876,624,-1
603,626,-1
3628,627,-1
2259,629,-1
1810,631,-1
899,634,-1
893,637,-1
893,638,-1
893,639,-1
893,640,-1
906,644,-1
2270,645,-1
2267,647,-1
1342,648,-1
917,650,-1
917,651,-1
917,653,-1
3524,654,-1
921,656,-1
2067,661,-1
3151,663,-1
76,664,-1
936,665,-1
936,666,-1
2917,667,-1
3314,669,-1
936,670,-1
932,671,-1
936,672,-1
936,673,-1
939,674,-1
939,675,-1
939,676,-1
664,677,-1
1205,679,-1
2781,680,-1
3537,688,-1
967,694,-1
957,695,-1
2996,697,-1
804,702,-1
705,703,-1
676,704,-1
1807,705,-1
1197,707,-1
2430,709,-1
3808,715,-1
1829,719,-1
1002,761,-1
1011,767,-1
1444,773,-1
1444,774,-1
1444,779,-1
1444,783,-1
1444,784,-1
2267,787,-1
1066,790,-1
1070,791,-1
479,792,-1
2487,796,-1
1079,798,-1
1197,802,-1
2379,808,-1
306,809,-1
340,810,-1
3202,814,-1
3223,815,-1
411,816,-1
3832,817,-1
1008,820,-1
2553,826,-1
1156,831,-1
1167,841,-1
2269,843,-1
1137,847,-1
1172,851,-1
435,855,-1
1146,863,-1
1175,864,-1
1301,869,-1
2536,874,-1
2647,875,-1
168,876,-1
2641,879,-1
3528,886,-1
31,887,-1
2366,889,-1
2925,890,-1
1216,898,-1
1222,899,-1
1226,900,-1
1235,905,-1
1237,906,-1
1237,907,-1
1237,908,-1
1236,910,-1
2362,923,-1
3640,926,-1
1292,927,-1
1293,928,-1
3766,931,-1
1330,932,-1
3510,936,-1
846,938,-1
1293,939,-1
1293,940,-1
1293,942,-1
957,947,-1
469,949,-1
1321,950,-1
1167,951,-1
1337,959,-1
365,961,-1
3130,970,-1
677,976,-1
1370,982,-1
1383,992,-1
1853,994,-1
2404,996,-1
3839,998,-1
1431,1001,-1
1435,1002,-1
1482,1003,-1
1482,1004,-1
1445,1007,-1
3386,1008,-1
3231,1010,-1
42,1011,-1
1453,1013,-1
1472,1019,-1
2365,1023,-1
2845,1030,-1
3474,1032,-1
1486,1033,-1
367,1034,-1
1498,1036,-1
1503,1039,-1
2820,1041,-1
1504,1043,-1
1741,1044,-1
2372,1046,-1
1910,1047,-1
1485,1053,-1
2484,1058,-1
1001,1059,-1
1915,1060,-1
1903,1061,-1
1537,1062,-1
1342,1066,-1
1157,1067,-1
1162,1068,-1
1175,1069,-1
1175,1070,-1
1171,1071,-1
3319,1072,-1
1311,1074,-1
2269,1075,-1
1544,1077,-1
3106,1081,-1
1613,1084,-1
2875,1086,-1
3510,1087,-1
2004,1094,-1
1978,1095,-1
1662,1098,-1
1659,1099,-1
1667,1101,-1
2810,1103,-1
895,1104,-1
900,1105,-1
891,1107,-1
376,1108,-1
2374,1110,-1
1042,1112,-1
1585,1113,-1
29,1118,-1
3706,1119,-1
1616,1126,-1
1613,1127,-1
2768,1129,-1
1837,1132,-1
1352,1137,-1
187,1138,-1
3510,1141,-1
1703,1147,-1
1155,1155,-1
1715,1156,-1
1467,1157,-1
1718,1159,-1
1469,1161,-1
95,1163,-1
490,1165,-1
1726,1167,-1
3473,1171,-1
3264,1174,-1
2516,1175,-1
3347,1177,-1
1877,1181,-1
1295,1183,-1
1297,1184,-1
3151,1189,-1
187,1191,-1
3520,1194,-1
2576,1197,-1
1771,1198,-1
1688,1199,-1
1411,1208,-1
1402,1209,-1
2008,1213,-1
2008,1216,-1
1963,1217,-1
3456,1218,-1
1777,1220,-1
2373,1222,-1
1795,1228,-1
1794,1229,-1
1796,1231,-1
3489,1232,-1
1420,1233,-1
1806,1235,-1
123,1239,-1
469,1241,-1
2932,1242,-1
866,1243,-1
2449,1248,-1
984,1250,-1
3054,1251,-1
1644,1252,-1
2543,1254,-1
1843,1257,-1
2932,1258,-1
1866,1262,-1
579,1263,-1
1872,1265,-1
1931,1266,-1
1879,1269,-1
1879,1271,-1
886,1272,-1
1882,1274,-1
934,1277,-1
3650,1279,-1
3151,1281,-1
3414,1288,-1
1922,1289,-1
3413,1291,-1
1931,1293,-1
1729,1297,-1
1729,1299,-1
2943,1300,-1
1729,1302,-1
1939,1303,-1
1371,1310,-1
1954,1311,-1
1807,1312,-1
1953,1316,-1
1953,1317,-1
1972,1318,-1
766,1319,-1
1561,1321,-1
1566,1322,-1
1971,1330,-1
1759,1332,-1
1979,1333,-1
1979,1334,-1
1979,1336,-1
1990,1344,-1
1990,1345,-1
1561,1346,-1
1566,1347,-1
857,1350,-1
756,1352,-1
1991,1353,-1
1382,1354,-1
2196,1355,-1
3297,1356,-1
1991,1357,-1
1076,1361,-1
1939,1362,-1
1872,1367,-1
2126,1368,-1
2051,1371,-1
2029,1372,-1
2029,1373,-1
2029,1380,-1
2051,1381,-1
820,1383,-1
2029,1387,-1
2308,1388,-1
2051,1389,-1
2051,1392,-1
1749,1395,-1
3413,1399,-1
2101,1402,-1
2080,1403,-1
2101,1404,-1
2101,1407,-1
2097,1408,-1
3791,1411,-1
2485,1413,-1
391,1417,-1
393,1418,-1
394,1419,-1
396,1423,-1
2104,1430,-1
2112,1432,-1
2113,1433,-1
1215,1434,-1
1219,1435,-1
2108,1441,-1
3652,1443,-1
2141,1446,-1
2051,1455,-1
2051,1456,-1
1682,1462,-1
1682,1468,-1
3129,1469,-1
2171,1471,-1
2175,1474,-1
1826,1476,-1
3578,1477,-1
1843,1479,-1
2183,1486,-1
3481,1489,-1
2194,1490,-1
1342,1492,-1
1342,1497,-1
2241,1501,-1
2219,1505,-1
2244,1511,-1
118,1514,-1
3652,1516,-1
2268,1521,-1
2269,1522,-1
2267,1524,-1
2267,1525,-1
2276,1530,-1
2277,1531,-1
3555,1533,-1
115,1539,-1
2244,1541,-1
643,1544,-1
1613,1551,-1
1172,1553,-1
1321,1555,-1
3699,1560,-1
2299,1562,-1
2444,1566,-1
865,1568,-1
3477,1570,-1
2313,1571,-1
3008,1574,-1
3604,1576,-1
3398,1578,-1
3803,1579,-1
3478,1582,-1
2342,1586,-1
3369,1595,-1
2428,1597,-1
3372,1598,-1
3763,1602,-1
2266,1603,-1
2380,1607,-1
3435,1608,-1
2392,1609,-1
3230,1612,-1
833,1613,-1
2401,1614,-1
1420,1615,-1
2401,1616,-1
3234,1618,-1
3744,1620,-1
3744,1621,-1
3744,1623,-1
2424,1626,-1
3745,1627,-1
488,1631,-1
3749,1632,-1
3750,1633,-1
3753,1637,-1
3757,1640,-1
1420,1644,-1
3744,1645,-1
3752,1646,-1
857,1647,-1
2444,1650,-1
2414,1652,-1
1342,1653,-1
325,1655,-1
1420,1658,-1
487,1661,-1
2844,1671,-1
2197,1673,-1
831,1674,-1
3408,1675,-1
1412,1679,-1
1533,1683,-1
2411,1684,-1
1660,1685,-1
1660,1686,-1
1660,1687,-1
1654,1689,-1
1018,1690,-1
2844,1694,-1
3313,1696,-1
2266,1701,-1
382,1708,-1
827,1711,-1
1536,1713,-1
1655,1715,-1
1655,1716,-1
1655,1718,-1
3292,1719,-1
3290,1720,-1
187,1723,-1
2233,1725,-1
3800,1726,-1
3530,1734,-1
3301,1739,-1
3688,1748,-1
3613,1750,-1
2894,1751,-1
3414,1754,-1
2467,1758,-1
2487,1767,-1
559,1771,-1
559,1772,-1
2178,1773,-1
2487,1778,-1
2492,1781,-1
2500,1783,-1
2500,1784,-1
2014,1792,-1
2509,1794,-1
2509,1795,-1
2511,1796,-1
3344,1799,-1
2525,1800,-1
2930,1802,-1
2535,1803,-1
3791,1807,-1
3791,1809,-1
3792,1815,-1
3793,1817,-1
3792,1818,-1
3363,1821,-1
1872,1822,-1
1341,1823,-1
2575,1829,-1
2575,1830,-1
2246,1832,-1
2575,1836,-1
2585,1837,-1
2594,1841,-1
2601,1846,-1
2610,1850,-1
2610,1851,-1
2614,1853,-1
2626,1858,-1
2627,1859,-1
2636,1868,-1
1330,1869,-1
2652,1878,-1
2652,1880,-1
1247,1883,-1
2664,1890,-1
2665,1891,-1
2665,1892,-1
2669,1894,-1
1330,1895,-1
336,1902,-1
2685,1904,-1
2848,1910,-1
2763,1913,-1
2446,1914,-1
3151,1915,-1
2699,1917,-1
2716,1923,-1
2569,1925,-1
207,1926,-1
1248,1927,-1
1592,1928,-1
2007,1930,-1
1003,1931,-1
1855,1932,-1
3800,1933,-1
2748,1935,-1
3792,1937,-1
381,1957,-1
1292,1959,-1
1293,1961,-1
2966,1962,-1
3257,1970,-1
469,1973,-1
2187,1974,-1
2785,1978,-1
3789,1985,-1
643,1992,-1
306,1995,-1
2820,1997,-1
2412,1998,-1
2820,2000,-1
1293,2007,-1
2225,2008,-1
843,2009,-1
2810,2010,-1
1869,2012,-1
3478,2014,-1
3485,2017,-1
2879,2019,-1
3478,2020,-1
2921,2022,-1
2863,2024,-1
3005,2028,-1
3120,2034,-1
3121,2035,-1
2861,2037,-1
2370,2040,-1
2864,2041,-1
2864,2042,-1
3151,2046,-1
3510,2048,-1
2871,2049,-1
1689,2054,-1
3151,2057,-1
2888,2059,-1
2323,2060,-1
2323,2061,-1
2101,2069,-1
2896,2070,-1
3240,2071,-1
3220,2072,-1
3210,2073,-1
3241,2074,-1
2896,2075,-1
1085,2076,-1
1539,2077,-1
2493,2079,-1
3756,2082,-1
1378,2084,-1
2908,2086,-1
1420,2088,-1
3005,2093,-1
2845,2094,-1
2922,2096,-1
3360,2097,-1
2698,2105,-1
3347,2107,-1
849,2113,-1
2287,2114,-1
2267,2117,-1
3045,2121,-1
2963,2125,-1
2963,2130,-1
3123,2134,-1
3002,2135,-1
3015,2137,-1
1368,2142,-1
3039,2149,-1
620,2150,-1
3045,2152,-1
2373,2155,-1
3066,2158,-1
2374,2159,-1
3083,2161,-1
479,2163,-1
3079,2164,-1
1910,2167,-1
3058,2171,-1
1008,2172,-1
3058,2173,-1
2373,2175,-1
3641,2178,-1
310,2179,-1
306,2180,-1
205,2186,-1
3365,2199,-1
3565,2200,-1
1147,2201,-1
1929,2207,-1
916,2217,-1
925,2218,-1
736,2222,-1
2401,2227,-1
2526,2228,-1
3366,2238,-1
3128,2241,-1
1342,2242,-1
1702,2243,-1
3175,2248,-1
1839,2249,-1
3146,2252,-1
3180,2253,-1
3173,2261,-1
3486,2268,-1
851,2270,-1
1856,2274,-1
3712,2276,-1
3866,2277,-1
3246,2279,-1
3216,2283,-1
1148,2290,-1
1731,2291,-1
567,2293,-1
3828,2294,-1
3519,2301,-1
1855,2305,-1
1855,2306,-1
1855,2308,-1
792,2309,-1
3279,2311,-1
3024,2318,-1
3301,2319,-1
3304,2323,-1
2846,2324,-1
3026,2325,-1
3311,2329,-1
3314,2330,-1
641,2331,-1
3635,2335,-1
983,2338,-1
2717,2339,-1
1858,2341,-1
1584,2342,-1
2964,2346,-1
3367,2348,-1
2291,2349,-1
1641,2352,-1
469,2353,-1
3411,2356,-1
1726,2357,-1
1202,2360,-1
2375,2361,-1
3193,2362,-1
3416,2363,-1
52,2364,-1
632,2365,-1
2375,2366,-1
3422,2367,-1
3427,2368,-1
3427,2369,-1
3193,2370,-1
3431,2371,-1
3431,2372,-1
632,2373,-1
3435,2374,-1
2375,2377,-1
2375,2380,-1
52,2381,-1
178,2382,-1
3452,2383,-1
1317,2384,-1
1943,2389,-1
3478,2391,-1
1807,2392,-1
586,2393,-1
2879,2394,-1
3502,2396,-1
3201,2402,-1
1878,2403,-1
3200,2404,-1
3200,2406,-1
3200,2408,-1
2268,2410,-1
3762,2411,-1
3762,2412,-1
3762,2413,-1
3572,2415,-1
3374,2416,-1
3728,2417,-1
2532,2419,-1
3547,2422,-1
3559,2428,-1
3573,2429,-1
1493,2430,-1
2899,2431,-1
3662,2433,-1
3587,2434,-1
3589,2436,-1
3662,2449,-1
1843,2453,-1
2374,2454,-1
3697,2455,-1
3708,2456,-1
1805,2459,-1
3711,2460,-1
3719,2461,-1
3242,2463,-1
389,2465,-1
3778,2466,-1
3778,2467,-1
214,2469,-1
389,2471,-1
2226,2473,-1
2705,2476,-1
1909,2478,-1
1902,2480,-1
3413,2484,-1
94,2502,-1