1
2
5
4
3498
4
1382,3
6
346,1160
1161
1142
8
1560
11
12
14
18,17
15
16
17
18
19
20
21
3831,3829,3835,3832,3833,24,3264
28,29
2635
33
37
948
38
39
40
42,40
1426
44
41
2856
43
50
51
52
3415,4531
54
55
56
58
59
60
61
62
63
64
65
66
67
68
3956
68
3996
67,1979,2092
67,2092
2097,67,2092
70
71
2097,71,1631,2092
72
73
74
75
80
80,483
81
82
85
86
89,87
90
1202
91
92
94,97,95
96
2146,98
96,4058
98
93,98
100,102
103
104,111
105
107
110
108
112
1957,113
118,115,119
114
120,123,124
121
1490
125
131,129
4539,127
125
129
129
130
131
114
133
137
138
139
139
140
140,138
1574,143
146
146
147
148
3537
2723
149,3538
153
154
155
156,158
157
161,162,160
3817
159
163
164,165
171,170,167
1501
172
173
1087,1603
175
178
179
668,418,179
185
360
187
192
193
194
195
197
198
199
200
201
202
203
4483
3271
205
358,206
209
210
3930,4499,3938,4024,3892,4533,3914,3919
211
212
213
804,212
1334,215
217
218
221
222
225
227
229
230
231
3988
1643,658
239,234,236,237,238,84,83,235
241,242
242
243
244
246
247
247
249
249
250,251,252
253
256
260,257
258
261
261
266
264
265
266
267
153,2787,1329,1620,667
263
3589
269
272
273
275
288,286,287
1071
278
278
3285
278
284
4066
281
280
1300
280
326
4387
278
279
279
4235,278
285
1443,4076
1443,4077
1043,4077
298,301
289
1110
289
4073
296
4066
292
1306,291
291
294
1306
293
4056
290
2896,290
4399
4235
1300,297
299,300
302,303
313,314
1109
1110
304
304
306,311
304
307,2736
1306,306
4399
309
308
308
4056,304
305
2896
4399
4235
312
1443,4064
1059,4065
316,317
1023,4055
1443,1062
1109
1110,315
315
315
319,324
315
320,2736
319
1300
322
319
323,2736
322
4056
2896
318
4235
325
282
1143
3078
3882
748
3275,748,328
3275,748
3882,4057
4338,3882
329
3281,328
4346,328
330
331,742
330
1166
1891
332
3860,2669,3859
2677,2675
2653,727,4214
3117
3117,368,328
3116
232
1109
2762
2923
2923
328
328
328,661
335
3945
1540,1541
88,338
88,4042
338
1116
1542
86,88
4257,339
340
830,2183,829,2184
1214
1297,1295,1296,1312
343
344
2146,107
344,4058
345
347
348
152,151
349
184,183,181,182
874,2111,2126
411
371
372
373
374
375
376
376
377
378
379
380
382
385
394,2144
1109,387
387
1304,387
387
3285
387
4333,387
388
2896
4334
387,4374
389
386
390
4054,391
3542
4414,392
393,4059
567
394,1905
806
395
4359
1902
4361
396
399,397
897,378,1430
401
403
406
4047,405
4047,405,3838
3303,403
4047,402,405,4029
1500
3659
3660
404
408,2855
411
3845,411
369
414
1677,414
417
418
3027,3300,679
226,553
1704,563,481,771
365,976,730,749,434,757,758,1478,1765,359,760,144,362,2914,753,759,271,356,2172,363,978,737,741,357,366,1352,744,352,367,3900,1130,3424,2961,355,3646,2917,2915,3644,2960,3432,2938,3837,3422
1326,2021
2022,1327
428,429
431
384,383
431
1946
436
435
440
440
442
443
443
445
447,448
446
447
451
453
451
456
727
727
631
458
459
461
458
461
464
465
3495
467
471
3688
472
473
473
475
475
478
424
478
479
1351
3367
480
480
512,509,491,499,513,510,502,495,508
484
485
486
487
489
490
492
528,492
494
496
496,501
496
500
504
505,507
512
515
516
2176,1091,1197
897,2784,517,966,967
1382,3836,516
516
516
515
519
520
527,522
523
525
506
497
527
533,532,529
530
534
500
536
498
538
490
540
540
542
543
496
544
544
545
548,546
550
551
552
1204
557
1334,552
553
2971,555,556
2637
2640
553
553
2724,3778,553
2724,3787,3274,553
2724,4368,3274,553
561,560,559
562
562,41
670,565,671
564,1554
566
1901
566
568
879
1949,569
514,570
572
573
573,518
575
576
577
582
583
584
585
586
587
452
2992,455
592,591
594
596
597
598
3988
599
600
603
607,615,613
273
610,614
273,611
616
617
1535,1533
3277,3278
620
621
573,620
622
622,946
626
627
628
629
630
632,633
634
636,635
739,637
639
2041
2043
640
602,603,189,196,191,361,194,201,190
643
1458,644
645
646
897
648
3678
3678,3679,3680
651
651
652,656
649,654
657
650
658
661
658,895,805
660
4084
661
3000
664
665
666
667
668
668
671
268
600
3378
4083
672
671
676,677
674
674
1817,897,3690,3691,675,1975
678
1661,680
682
683
683,682
688
689
690
691
698
696,1538
699
701
2798,693,692,685,696,695,694,1538
701,702
704
687,686,697
704,705
707,714
708
710
690
712
712
715
716
717
951
720
3571,720
721
4016,4468,4536
723
722
1747
725
1747
727
460
458,728
462,463
729
3014,3013
767,731
2813,2814
732,2812
135
745
177,747
2685,2686
2688,2689
750
3317,3384,2978,3385,3316
2191,2193
761
763
764
766
767
3627
727,4112
768
769
1538
2808,4124,4143,4314,4313,4316,4312
4293,2808,4288,4143,4125,4286,4287
4293,4291,4290,4292,4289,4286,4287
2695
773
774
777
778
778,782
780
781
783
785
786
787
788
789
793,1590,797
1591,1596,794,798
795,799,1592,1597
1598,1593,796,800
793
2040
2050
793
797
797
2043
797
2057,797
801,1594
802
803
803
804
805
806
807
818,810
763
813
813
817,814
815
821
820
826,825
824
824
825
766
484
681
823
828
831
3521
832
837
836
839
840
840
841
842
844
845
846
847,850
848
851
852
853
854,1551
856
896,545
616,857
4051,860
416,941,1363,3520,900,214
878
4062,4386,3701,858
4062,4387,858
2896,859
4062
860
2891
3282
478
479
861,3716
4397
1305
860
1309
862
862
2896,1311
860
4383
863
4062,4386
912,901,864,619
865
4062,4386,1299
4062,4386,619,858
2724,913,867,912,901
2724,913,867,901,4100
4062,913,4386,912,3702,858
877
871
872
424,866
867
876
1304
875
1300
2929
877
877,63
858
879
880
879
879,1948
4142,4126
884,887
879,886,883
879,885
883
213,882
879
883
888
889
891
893
894
897
1972
899
901
902
909
902,910
4074
662
1178
903
2755
3392
4088
904,3282
4347
1300
905,1301
1303
4238
4335,903
906
4343
4075
2728,907
908,1599,1754
911,3386
913
869,2109,2123
551,914,1451
551,1451,915
939,1451,916
939,1451,917
918
918
920,921
922
924,930
919,934
923
919,786
868
2118
931,925
927
1863
928,1983
926,932
933
92
935
935
688
936
2719
1904
3350
935
935,3440
937,1207
3234
3813
935
4405
938
939
835
946
3518
958,943
965
949
2720
947
2604
3551,2128,1091,950,1197
943,2878,1452
265
897,953
1974
2840
944
773,955
466,954
3922,957
945
959
960
1450,961
961,3410
962
963
1904,962
2878,3599,1452
965
4035
951,1088
3282,969
1485
965,964
1882
1883
970
971,972
974
843,845
1479,3360,755,3648
1146
986
3873
988
989
990
991
3397,1725,2645,2189
992
993
996
992,994
467
993
995,471
997
998
999
3396,2188,1722
1001,3027,679
1002
1003
1006
2916,772,3063,2642
1007,1006
1009
595,977,421,3776,1374,1477
1010
1012
595,977,3776,1374
1012
1015
892,2939,150,1880,1218,3396,819,808,13,57,777,2642,898
1016,1015
1023
1019,1027,1024
1682,1042
1028
1037
1036,1025
1038
1040,1039
1018,1019,1027,1024
1041
1443,1042
1026,1035,1032,1034,1024,1031,1030,1021,1343
1623
959,960,3540,3923,3897
3897,1432
1044,1047
1045,1048
1046
1018,1019,1033,1029
1052,1049
1050,1053
1051
1018,1026,1035,1032,1034,1024,1031,1022,1030,1020,1343
1054
1056,1055
1018,1026,1035,1034,1022,1021
1057
1059,1058
1018,1026,1035,1034,1024,1031,1022,1030,1021,1020,1343
1060
1443,1062,1061
1018,1026,1035,1032,1023,1034,1024,1022,1021,1020,1343
1659,1023,1060
1063
3364
1027,1029,1034,1030
1443,1064,1065
1067
1067
1068
1069
1070,1072,1073
1074
1075
1076
1077
1078
1079
1083,1081
1084,1082
4504,3937,407,1117,1685,1686,1702
1085
1086
4044,1086
1089,1604
1091
1092
1092,809
1093
1094,1095
1094
1096
1097
1097
1099
1751,3244,174,503,1855,204
1099
1102
1386,174
1103,1102
1105,1107
1106,1329
1108
1109
1110
1112
1133
1114
1116
1119
3135,1122,1126
1124
1125
1131
1589,1587
589,1111
1134
1129,1128,1126
1136,3810
27
330
1155
1137
1137,3040
1138
1138
1204,1165
3039
1237
1237
346
3370
1140
1244,3047
1170
1234
1141
1234
1142
4390
1334,1162
1171
3848
1147
1168
1148
2603,1149
2954
1151
1482,1483
1232
1154,1158
1159
1156
1157
1334,1233
1204
1138
1236
1166
1321
1334
1204
2727
3625
1204
1244
1170
1204
1176,1172
553,1174
2636
1175
552
2729
1173,2757
221
1178
1179
1179
1180
1181,1184
1180,1182
1185
2785,2807
1188
1192,1189,1193
1190
1194
1195
1196
1197
727
1337
1198
1199
1199,725
1201,400
219,220
1204
1205
1206
1207
1208
1210
1211
1211
1213
1214
1215
1216
1216
1219
1220
1220
1219,1222
2161
3415
1222
1223
1223
1222
1224
1225
3415,1221
1139,1227
1139,1150
1229
1229
1231
1234
1249,1245
1238
1239
1204,1910
1910
1241
1242
1243,2661
1245
1245
1247
1249
1251,1252
588,1255
1257
1258
1259
1259
1762,1488
116
3821,139,432,429,3445,3449,3447,2595,258,489,487,848,2156,1652,2077,1379,2956,1377,2958,608,116,1436,1467,1349,2194,2879,3496,2870,2605,1006,1015,725,1743,1099,721,1270,2608,1734,2618,2623,1732,2606,1728,2853,1323,473,1289,1009,1833,1012,1284,3618,2845,2082,4436,3699,1267,1214,1810,2026,2028
723,1228,261,1805,1887,131,129,125,811,1438,1472,3656,1719,3633,1112,2866,2881,2873,2608,108,592,453,1229,1213,3255,349,1216,653,168,3767,98,2885,1284,1259,2082,3176,3178
1261
1261
1263
1265
1267
1689
1269
1516
1270
1270
3681
1273
1274
56
1955,1273
1277
21
1279
1684
1280
2849
1282
2849
1284
1284
1289
422
1290
1292
1293,1294
1297
1579
3642
1299
1299
4040
4338
4346
1300,4394
3721,1299
4049
1302
1299
1307
1304
1304
1359
4072
1300,4380
4381
1298
1302
4236
1312
1313
1314
951,1314
1974,2105,1315
1316
1316
951,897,1313
1318
1319
1319,134,1322
458
1321
1325
1324
1328,1329
1329
264
1334
1339,1337
1335
1337
1340,1338,1336
1341
1342
1343
1196
26
1345
1346
1347
1348
1254,1253
1349
4082,1308
1240
1246
1355
1356
1357
1358
1360
1361
1362
1363
877
1364
4396
2893,1365,1723
1740,1723,4384
1366
1693
1368
48
1369
1371
49,1959
1372
1375
1376
1377
1375
1379
1376
1382
1387
1388
1389
3545
1390
1391
1393,1395
1398,1394
1393
1394
1395
1396
1397
1398
1405,1404
1399
1400
1406
619,1407
1408
912,1409
1422
1422
1422
1410,1411
1178,1422
1422
1413
1414
1422
2993
3337,1422
1422
3390
3592
1422,3594
1416
1417
1422,4373
1418
1422
1419
1415,1412
1420
6
216,1421
3000
2737
2896
1403
1401
1402
1424
1425,2858,409
1427
1427,899
1428
1429
1432
1435
1436
1436
1438
1438
1440
1494
1441
1494
1443
1457
1456,1455
980
1455
247,1454,1068,2720
1453
1455
1457
1445,1449,1444,1447,1448,1446
1459
55
1460,1463,1464,1465,1474
1461
1466,1470,1469
55,1467
1475,1471
55,1472
2934
1163
1160
1167,1173
1173
1169
46
604
1492
1264,1492
1492
3257,1492
3289
1493,410
1493,2855
1194,1493
1424
1494
1495
1384,1385
1498
3309
3323
1499,4029
1501
3845,1502
761,1503
1504,1510
1505,1511
897,1753,1506
1512,1507
1513,1508
599,1509,883
1514
1517,1518
1515
1530,1524
1527
4355,1525
3282
1526
1562
1563
1526
1526,4104
1529
1531
1531
1532
1532
1533
1247
1536
1799,4027
4248,1536
1559,3608,1537
3662,4399
1538
1548
1549
727,1550
973,855
1556,1555,1554
1553
1873,1557
1560
1560
1565
1564
1579
1566
1569
1570
1572
1498,1573
1996,1995
1203,3201
53,45
1545
1575,1576
4070
1579
4394
3929
4394
4322,1567
1567
1581,754
3282
3916,1080,3775
1580,4398
3641,1586
1568,1571
1896,727
1590
2032
2050
2051,1590
1590
1595
1595
2043
1595
1599
3263,1599
1600
1790
2862
1601
1602
1605
1608
1611
1613
3113
3701
1617
1620
1623
1623
1624
4258,4156
1625
1627
1628
1629
1630
1633,1634,1632,1630
1635
1636
951,2173
2179,1637
1635,1638
2173,1637
1639
1640
1641
1642
1699,3811
1644
1649
1650
1650,4013
1651
1652
1652
1654
1654
1654
1654
4507,1655
4509
1656
1657
1658
1659
2179
1663,1668
1662,1667
1670
1671
1672
1673
3988,1673
1675
784,1674
1676
1678
1680,1660
549,1766,2994,2803,2767,3824,2787,833,1539,578,3268,3295,580,624,3296,1646,3029,1645,1800,3269,142,579,3455,2630,940,625,3844,2996,1648,1981,1982,1647,623,2159,626,3351,370,482,1669,746,1895,2182,3190,420,3138
553,780
553,4158
1683,1028
1684
1687
1688
1689
1690
1691
1692
1693
1694
1695
1696
1697
1698
1700,1701
1699
1703
1707
1708
1711
1712
4107
1709
3270,1561
4338,3270
1709
1709
3390
1709
4399
1709
4238
1710
1716,1714,1715
1719
1719
1720
1720
1721
1723
1724
3398,3406,1842
3272
1726
1733,1727,1731,1730
1726
1732
1734
1735
1736
1738
1740
1741
1742,1745
1743
1746,1749,1748
3127,3279,3018
1750
1753
1755,76,77,78
3521
606,2031,581,1115,1317
1758
2108,2119,868
3497
1152
1153,1759
1354,1367,3414,1373,1370,3489,1278,535,526,524,531,537,541,684,703,713,700,706,1262,709,2600,186,433,2171,3428,2168,444,2166,1191,141,612,122,816,1442,1462,2876,1271,1101,2591,2868,2612,2614,2616,2621,106,3240,1729,1890,638,1183,474,1098,711,1104,3458,3461,441,3182,3185,1276,1281,1283,539,1275,493,511,1811,2593,2027,2029
1484
1760,1485
1200,1353,3822,433,430,3446,3448,3450,2596,259,488,849,2157,1653,2959,1378,1380,2078,3647,3658,117,609,1437,1468,1350,2871,3497,2880,1008,1017,726,1744,1101,2609,2619,2624,2622,2617,2607,2625,1272,1729,2629,1888,1291,474,1014,1011,1834,3617,1285,2083,2846,4437,3700,1344,1268,342,2027,724,2029
1486,1761
1487
1200,1227,1847,2779,128,812,1439,1473,3657,1113,1717,3634,2882,262,2874,2869,2609,109,454,350,3256,1230,99,655,169,3768,1217,593,1212,2887,1285,2083,3177,1260,3180,756,130,132
1489,1762
122,1491
3640
55,1690,247,112,1355,273,114,1494,2716,2713,3640,1007,1016,1747,1741,3681,1726,2628,2936,1290,1013,1010,3845,727,1689,3858,431,1199,3819,138,428,3441,3442,3443,2594,256,485,975,2153,1651,2957,2075,1376,1375,341,1832,1100,3610,2842,2081,3697,1196,1250,2773,2023
55,247,763,114,1494,2701,2717,2713,2712,426,3845,344,1199,1133,3921,3650,3947,256,1846,2778,1215,591,451,3254,101,1211,1501,93,648,3765,2886,2081,3198,3179,3649
2191,2193,3067
1767
2862,1767
1769
1772,1771,1773
1774
1777,1779,1778
4169,1776
1780
1781
1783,1786
1782
1784
1785
1786,1793
1787
1788
4113,1791
1789
1790
1787
520
547
1792
1794
1795,1796
1797
1798
1866,1798
1785
1802
1805
1812,1809
2773
1813
1813
1814
1815
2862,1816
2862
1817
1818,1819
1820
1821
1822
1823
1823
1823,3711
1825,1826
1828
1829
1830
1898
1832
1833
1832
1836
1837,1838
1840
1841
449,450
1843,1844
2777,2780,2783
1846
1850,1851
4050
1849
1848,1854
1852,1853
1857
3066,3945
1861
1862
1863
1864
1865
3122,1865,952
3123
3123,1865
1866
1867
2177,1868
1870
951,1868
897,1869
951,2178,1868
2174
951,752,1867,1090
2175
951,1867,897,1430
951,1867
1871
1872
1875
1876
1877
1877,458
1878
1879
1881
1885
1884
2727,3410,969
1886
1806,1808,1807,1804
2936,2194
1858,1859
1889
1891
1894
1681
1897
233,277
3781
233
2802,2804
1900
1900
1902
1903
1904
1907
1908,1906,1909
1912
1936,1937,1938,1939,1940,1941,1942,1943,1944
1913
1914
605
1923
1925
1925,3718
3135,1925,4446
1737,1120,1923
1934
1737,4517
1737,4517,3842
1125
1925,3718
1947
1949
1950
1950
1951
1952
1953
1954
1955
1956
1958
1958
1960,1961
1966
1970
69
1973
1974
1974
1978
1977,3493,1385
1977,3493
1983
1984
1177,437
1986
1987
1988
1989
1989
1990
1991
3608,2008
1992
1993
733,4173
1994,3033
1558
2004
1769,65
1572
1998,3609
3608,2001
3608,4117
1999
1534
3608,2924,3948,4117
2000
4118,3948,1621
1873,3948,4117
2002
2003
2013
1769
3949,2005
3948
2005
2006
2007
2008
2009
3168
2010
3166,2011
2013
2014
820
1427
2014
2014,3330
2016
2017
3444
2018
3444
4203
2019
2020
4010
2023
2024
2025
2024
2028
2028
2030
2043,2051,2032
2037,32
2015,646,1770,2654,897
571
2033,1389
2033
1392
2033,1867
2053
2035
2059
2036
2036
3973
2036
4006,2036
2038
2033,2044
2039
2033
1134
2032
2032
820
2041,240
2032,2160
2048,31
2016,3026
2044
2044
1391
4142,2044,1342,897
790,2047
2045
2046
4001
2049
2043,1135
2055,25
2017,3026
2052,788
1389,2052
2052
2652
2860
3812
2052,4409
2053
2054
3959,2054
3979
2056
2061,22
2018,3026
2058
2059
2060
3964
3995,2060
2062
2063,718,2069,2070
2064
4270,4255,3918,4061
2065
2976
2066,3232
1960,2067,1962
2970,2068
2075
2076,2079
2075
2080
1699
2081
2082
2082
2909,2815,2086
2093
2092,73
2097,2092
2097,2092
2097,2092
2097,195
2097,2092
2097,2092
2097,202
2097,230
2092,583
2097,853
2097,989
2097,2092
2097,2768
3186
2091,3186
2094
2095
2097,2095
2096
4009,2096
37,36,34,35
2099
2100,751
2101
2102
2104
2105
2114,2106
2107
2930
2930
2930
2113
2117,2116
1186,2115
2164
2121,2120,2122
2931
2737,2932
2128
2097,999,2128
2097,2128,2092
2097,2128,3372
2097,2128,2098
2129
3760
2130
2130
2131
2132
2133
2147
2135
2134
1903
2136
2134,4060
1904
2138,9
2737
2137
3285
2137
10
2139
2140
2141
2142
2143
2145
2145,2147
2147
2148
2149
2150
1986
2151
2152
2153
2154
2155,2158
2156
2160
2160
3415,4532
2162
1985,1615,1614
2090,2816,2088,2089
2165,2087
2072,2071,2084,2085
2167,2169
2073,2074
1945
2170
2776
2678
3015,3017,1383,1803,7,1856,1892
1495,1431,1496,274
2185
2186
2191
2192
2193
2194
2197
2198
2587,942
2589
2590
54,2590
2592
2592
2594
2595
2594
1235,2597
2234,2204,2210,2334,2336,2356,2311,2220,2332,2317,2398,2383,2235,2271,2344,2301,2242,2381,2391,2239,2283,2434,2263,2414,2374,2427,2252,2394,2213,2241,2296,2431,2247,2580,2264,2227,2585,2277,2575,2262,2337,2237,2214,2261,2581,2422,2321,2425,2230,2221,2231,2573,2291,2217,2571,2412,2207,2273,2225,2436,2300,2216,2402,2341,2369,2579,2362,2376,2251,2316,2302,2586,2228,2403,2424,2260,2349,2368,2299,2323,2572,2303,2238,2423,2268,2388,2397,2405,2418,2270,2408,2282,2206,2557,2358,2578,2569,2343,2375,2350,2567,2355,2433,2570,2322,2305,2280,2378,2281,2333,2420,2401,2379,2211,2310,2203,2312,2266,2364,2331,2366,2359,2313,2201,2566,2568,2307,2382,2250,2357,2363,2399,2384,2199,2583,2329,2243,2421,2298,2295,2419,2330,2325,2406,2345,2205,2407,2288,2200,2267,2564,2395,2297,2236,2430,2392,2279,2287,2387,2248,2328,2319,2229,2240,2354,2327,2320,2269,2202,2293,2306,2396,2274,2463,2304,2385,2265,2335,2372,2432,2314,2435,2409,2326,2415,2377,2276,2416,2367,2413,2226,2245,2219,2212,2576,2347,2249,2215,2209,2223,2428,2324,2218,2275,2246,2338,2222,2577,2272,2426,2278,2353,2224,2393,2373,2208,2574,2380,2309,2429,2389,2342,2410,2290,2318,2386,2340,2390,2365,2371,2289,2244,2360,2361,2308,2404,2351,2285,2417,2370,2400,2284,2348,2253,2339,2411,2315,2470,2453,2473,2462,2469,2446,2455,2464,2456,2471,2465,2447,2448,2457,2459,2460,2458,2437,2438,2444,2461,2439,2474,2468,2445,2440,2466,2451,2441,2452,2454,2472,2443,2442,2449,2254,2467,2526,2524,2489,2537,2482,2497,2503,2532,2530,2515,2531,2494,2525,2509,2478,2516,2507,2496,2488,2505,2495,2492,2476,2491,2256,2533,2506,2483,2486,2536,2480,2510,2519,2475,2538,2511,2479,2522,2528,2520,2514,2502,2521,2259,2484,2258,2485,2490,2477,2523,2513,2529,2539,2517,2498,2504,2487,2508,2500,2481,2527,2499,2535,2501,2255,2518,2534,2493,2561,2560,2545,2540,2550,2552,2541,2563,2548,2551,2562,2544,2547,2546,2542,2554,2543,2556,2558,2559,2553,2555,2584,2582,2352,2286,2292,2294,2346,2565,2549,2233,2257,2512,2450,2232
2781,2705,834,2706,2709,2708,2707
2782,2699
2601,2598
2195,2196
2599
1144
2602,1145
2602,1480
1764
2605
2606
2606
2608
2608
2610
4502,4503,3902,2962,3893
2610
2611
2613
2613
2615
2615
2605
2618
248,2618
2620
2620
1734
2623
2623
1732
2626
2627
2628
2853
2631
2632
2632
2632,2637,2640
2638,2633,2641
554
225
2633
2637
2637
2640
2640
2642
2643
2644
2646
3928,2646
3205,4034
4091
4464,2648
2649
2650
2651
2652
2653
1626
2655
2656
1128
1915
1118,1547
734,735,736
2659
2660
2665,2663,2662
2664
831
2681,2687
2666,979
2683
353,333
354,2670
423
2668,2676,2672,2671
4479,4477,4478,2678
2674,333
2922
659
2680,3000
2679
1312
1903
2922,333
2679
2679
2679
1965
2679
2679,3388
4508,2673
4510,2691
2690
2692
4023
145,2696
2696
2696
2723
2834
2697
2697,4438
4423,2698
4424
2700
2701
2702
2703
2704
2710
2711
2712
2713
2716
2717
2718
2719
2721
2722
2723
2724
2731,2730
2732
2738,2739,2737,2741
2740,2725
1310,4336
4096
4072
2733
2734
2735
2736
2736
2742
2743
1963,2743,4192
1961,1963,4061
1173,330
2723,1173
3068
3722
2744
2823,2825
2747
2745,2746
2748
2830
2827,2828,2829,2834
2751,2749
2753
2756
2762,2763
2758,2759,2761,2760
2758,2759
767,1498
2754
2762
2764
2765
2097,2092
2769
2768
2770
2771
2772
2773
2774
2775
2776
2778
2778
2784
2794,2790
2809,2789
4131
2788
2788
2794
2793,2810
4246,2792
1132,3845
4130
2791
3368
1763,2796
2797,2862
2800
2801
2806
1132,2811,458
2817
2818
2819
2820
1497
2821
2864
2822
2823
2826
2827
2832
2834
2835
3890
2838,2837
2839
2839,2836
2840
2841,2843
2847,2844
2845
2848
2850,2851
2853
2854
2855
2856
1225,2856
2855
2857
3323,2855
2859
2860
2861
2862
2863
2863
2861
2861
2861
2865
2866
2867
2712
2712
2870
2713,2870
2877,2872
2873
2875
2713
2878
2879
2879
2881
2881
2889,2884
2890,2883,2888
2886
2891
2892
2893
2894
2704,899,2103,2894
2895
2896
2897
2898
2899
4260
2900
2900
2901
4246
4250
2902
2903
2903
2904
1903
2906,2907
2908
2910
476,2911
968
2912
2913
1756
1492
2925
2926
2927
4417
4308,4304
4046,4043,4045
3006
2786,770
2928
873
2929
2112
2933
2127
2936
2937
1606,1619,1622,1610,1609,1607,1612
2940
2941
2942
2942,1613
1613
2943
2944
2945,2946,2948
2945
2946
2947
2948
3522
2950
469,468
2710
2952,1829
2823,2824
767
2954
2829,2831,2833
767,2955
983,982,984,985
2957
2958
2957
2963
554
1893,2967
2968
1552
1204,1209
1209
457
2632
2976,3104
2727,2972
2970
2952,2973
2975
2966
1752,3454,3453
4182
2984,2981
2985,2982
3035,3036,3037
2987,2989
2988,2990
2991
2993
2995
1204
2999
2999,413
4206
1775,2998
4027,2998
4248,2998
3000
3003,3002,3004
3420,3007,3008,3011,3012,3009,3362,3010,765
3006
3352,3006
3016
838,3510,3020
3022
3022
3023
3023
3876
3024
3024
3026
1977,3493,1381,3330
3330
4187,419
3030
3031
3032
3034
3046,3050,3055,3052,3038,3058,3045,3041,3057
3054,3050,3049
3055,3048
3046,3044,3056,3054,3050,3055,3038,3053,3051,3049
3044,3056,3054,3060,3050,3055,3052,3059,3038,3053,3058,3048,3045,3041,3043,3042,3057,3049
3046,3048
3061,3062
3064
3064
3067
3068
3078
3069
620
3070
786,3072
1644,3071
2750
2697,3073
1334,3074
3075
3076,1679
3077
1204
3079
3080
3081
2012,3080
3068
778
2952,3083
1334,3068
3084,327
3082
3082,3108
3085,3134
3131
3164
1721,3082
3086
3087
779
3088
3089
3132,680
1334
3090,3091
3092
680
1334
3093,3094
3095
521,1423,3764,2964,2965,2766,1476,1739
3095
247
3097,3096
3098
1078
3099,1079
3100
1334,3101
3102
3103
3105
3106,1256
3109,3107
3109
3110
3575
3111
3572,3587
3114
1204,3115
3118
3118
19
3118
3118
3124
3125
3126
3128
3130,3132
3133
4484,4020
3134
3135
3136
3140
3144
3145
3146
3148
3149
3151,3150
3149
599,1949,883
3154,3153
3157,3156
3159,3161,3160,3162
3158
3163
1713,4529
3164
1768,2190,3165
3167
3170,3169
3171
477
3172
265
3173
3173
2059
3174,3505
3175
3176
3198
3178
3197,1577
3179
3181
3199
3183
1578
3183,3184
2795
3187
987
3188
1922,1925,1923
3188,3189
3152,3155
1694,1697,1695,1696
3192,3191
3301,3193
1204
1334
334
334,412
334,3195,4116
178,2997
2991
3199
3119,3120
30
1204,3077
1204
1334
1334,3200
3589,3202
3203
3204
3141,3142,3143
3219,3213
3219,3213
3216
3216
3217
228,3218
3220,3221
3214,3215,3219,3216,3213
3223
3222,3223
2986,3224
3208,3211,3212,3207,3206
3226,3227,3228,3210,3209
3229
3230
727,3031,3230
62,3231
3233
3234
4129
3235
3235
3236
4491,3917
3235
3237
3242,3238,3243
3235,3239
3241
3246
3247
3248
2862
3250
3251
3252
3253
3254
3255
3255
3257
776,3421,3725
3259
3260
4156,3260
3261
3262
4078,3431
4072
3265
3270
3272
3273
1964,1969,1299
3275
3276
3280
3287,3288,3282
3283,3284,3282
3284
3286,3284
4093,3282
4095
3287
3263
3290
3292,3291
3294,3293
3297
3299
3301
3308,3302,3314
3304
340,1092
3306
3305,2774
3304
3306
3306,3411
3307
3310
3311
1984
3124
3324
3325
3313
3310
3315
3318
3318
240,1649
667,3319
3320
3322
3326
3326,3325,1984
3325
3326
3329,3327
3328
3330
3331
3332
4072
3333
3334
3335
4072
3337
3338
1737
3340,3339
3348
3349
3350
3352
3353
3354
3356
3357
3027,3358,680
3363
1992
3361,4521
3365
3366,3368
411
3369
3370
3371
3372
3373
3374
1829
3375
3375,3250
3376
3376,2974
3347,3345,3341,3343,3340,3342,3377,3346
3387
3393,3390,3389,3394
3390
3393
3393,3391,3390,3389
3398
3400
3399
3402
3401,3249
3403
3404
3405
3407,3408
3409
3410
3411
3412
3413
3412
3415
3873,3416
3001,3418
3416
3417
3873
3419
1874,3426
3429,3430
3381,3379,3382,3383,3380
3427,641
1705,1119,3371,3827
3433,762,3245,245
3436,3439
1976,3438
3441
3442
3443
3444
3445
3445
3447
3442
3449
3449
3456,3462
3457
3459,3462
3434,3460
3465,3480,3487,3478,3473,3476,3474,3481,3463,3485,3475,3482,3467,3479,3484,3466,3483,3486,3470,3477,3464,3469,3468,3471,3472
427,3488
3490
3492
3494
3517,956
3496
3640
1706
3498
668,3498,179,671
267,3499
3498,381,2905
1670,244,3498,381,2905,671,1822
647
562,1707,3499
3630,3175,3499
3508,3315
3344
3498,3556
3500
276
3501
3502
1867,3503
3504
669,3506
3508
3509
879
3511
3512
3512,1197
3512
3513
3514
3515
1091,3515
897,3516
1331,1332,1333
3518
3519
3526,374
3526
3527
3529,3532
3523
3525,3677
832,3532
3312
3701
3523,3839,1187
3409
4326,3532,3839
832,4326,3532,3839
832,4326,3532,3839
3528
3531
3531
3534,3535
3536
3621
3539,3541
3542
3543
3544
3547,3549,3554,3553
3550,3552,3555
3548
3551
3545
3546
3557
3558
3559
3560
3562
3563
3564
3565
4494,3568
3561
775
2132
1247,3569
3321,3570
3567,1618,398,3600
3491
3573,398
3567,3605,3600
3571
3437
3578,3580
3576,3579
3581
372
3583
3577
3584
3585
3586
471
618,3574
3110,3567,3602,3605,3600
3590,3588
3592
3593,1569
3595
1824,3596
2862
3597
3598
879
2799
3600
471
3601,471
470,3607
3606
3601,470,585
3602
3603
3604
3605
3110,3605
3112,3605,3600
3608
3608
3611,3613,3616,3615,3612,3614
3610,3618
3618
3619
3620
879
3622
3623
3624,224
3628,3629,3626
3630
3631
3631
4144
3632
3633
3633,3651
3636
3637,3405
3025
3638
3639
3640
3196
2891
1589,1582,1584
1589,1585,3641,1582
1589,1582,1586
4068,3643
4389
1589,1582,1583
3419
3643,4350
3858,2956
3650
2647,590,223,981,3082
3524,3652
3655
3653
3654
3530
3435
2701
1004,601,1005,3507
3661
3676,3692
3681
3682
3683
3684
3685
3686
3687
2092,3687
2097,2092
2097,1970,2092
2097,2092,3687
3688
3689
3415
3690
3691
3693
3694
3695
3698,3696
3699
3699
3675,3674,3672,3667,3671,3669,3663,3139,3666,3664,3665,3670,3673,3668
3701
283
295
310
321,3701
553,3701
791,3701
2034,3701
792,3701
3709,3705,3703,3707
3708,3704,3710,3706
820,1566
551,939,914,3701
551,939,914,1451,3701
3701
3815,923,3701
929
3712
2042
3713,1566
3128
3714
3589,3715
3701
3701
3701
3307
3701,3694
3310,3701
4110,3701
4244,3701
3701
3701,4400
1616
1616,1572
4185
255,254
3717
3718
3718,3253
1124,3719
3720
3721
3723,3724
670,3726,425,673
3753,1066,3751,3727,2714
3756,3754,3728,3752
3727
4069
3729
3730
4159
2638
4393
3729
2762,3729
3273
3371
3729,3280
4051
4442
3885,4456,4481,3862,3887
3754,3728
2715,3728
3737
3734
3738
1588
2892,3739
3739
2639
4036
4039,3731
4391,3732
3740
4413
3741
3287
3733
3742
3743,1455
3371,3744
376
3745
4357
3748,3746
3747
4370
4389
3371,3749
3750,1455
3756
3757
3736,3758
3759
3735
3755,3761
3762
3763
3763
3034
4141,897,3500,3763,4219
3765
3766,3769
3767
3771,3770,3772
822,3774
1911,3777
415,79,1967,3782,719,1968
4331,4352,558
233,3780
3783,1695,1696
1799,1775,3852
4027,3784,3852
3785
1924,1932,1923
3785,3786
3788,3789,3790
3791
3791,4453
3773,3331,3791
1124,1127,1125,1126
1330,475,1126,1923,4108
4486
1126
3792
1173,1164
3799,1481
3800
3798
1935
1935
3901,3801
3802
1925,1123
2658,2657
3895,3894
3808,4462
3809,1330
4420,3895,3894,1330
3895,1330,4431,4462
4090,3807
1928,1917,1933,1916,1924,1918,1926,1931,1919,1915,1932,1929,1921,1930,1927,1920,1925,1923
2723,3779,373
3811
3812
3813
3814
3816
3817
3817
3817
3817
3820,3818
3821
3821
3823
3824
3824,671,3834
478
3825
3825,3544
3826
2051
3828
3828
3830
3834
3834
4445
3836
3838
3839
3840
3841,3129
3843
1620
3845
2723,278
4051
2723,289
289
2723,2762
4051
2723,2762
4051
3849,3850,3851
767,2848,4450
3853
1799,2980,4427
3909,3855
4489,3856
1799,2980,4027
3856
2980,4427,4027
3857
727,4500,4501
337
2951
2953
743
3861,4535
3932,439,438
1520,1523,1521,1522,1649
3864
3868
3865,3866,3867
3873
3001
3874
3869,3871,3872,3870
3876
3880
3949
3881,2145
3883
3889
3889
3890
3890
1121,1122
1915,1930,1923
3896,3121,740
2187,1831,3137
176,47
4218,4204,4216
3829,3907
4218,4216
4505
3910
889,890
4294
1455,457
3911
4454
3912,457
3912,1455
3913
2852,180,1980,2949
3920
1718
1627,1626,622,1971
3019,1433,1434
3924
3925
3926
4174,4162,4194
3829,3928
1544,1543
1546
1757,2163,351,738,3645,270,642,3423,136
2693,3846,2694
1860,1835,3147
3066,3942
336
3943
4272
3065,3945
3941,3194
3944
3452,602,603,3875,188,196,191,361,194,190
1226,364
2005
1997
3222,3223,3225
3952
3953
2863,3953
3953
3954,3955
3957,3958
3960
634
3961
3720
3962,3963
3965
3966
3966
3966
3967
3968
2863
3968
3969
3970
2863
2865
3720
3971,3972
3975,3974
3976
3978,3977
3591,3980
2863,3981
1845,3982
2863,3983
3984
3985
3986
3987
3991,3992
3990,3989
3994,3993
3997,3998
3999,4000
4002,4003
4004,4005
4008,4007
3940,3939
4011
2863,4012
3863
602,603,3451,189,191,190
3875,4018
4023
1334,4175
4025
4336
4026
4170,4167,4028
4169,4171
4114
1785
4212,4209,4210
3307
3297,4030
4211
4031
2774
4031
4032
4032,2650
2800
4032,3298
4033
3348,4032
4032,3533
4168,4274
4037
4038
4038
4364,4366,4382
4366
4041,881
4044
4048
4048
4051
4052
4053
873,2125
4067,1545
4487,4071
4079,166
4080
4081
153,2787,4307,1329,4418
153,2787,4307,1329,667
3642,4332
4087,4086,4085
458,4089
4092,4122
4063
4093
4093,1821
4094
4093
4098,4097
4098
4099
4101,4102,4103
4353
3395,4353
4237,4353
4239,4353
4156,4105
4225
4106,4109
4306
4363,4253
4200,4199
3246
4251,4252
4110
1000
4111
2920,2918
2919,2921
4299,4297,4301,4303
4298,4302,4300,4305
4188
4155
4113
4259
4119
4119
4262
4147
4147,4152
1961,1963
4121
2723,4120
4123
4126
4127
4128
4129
4132
4133
4134,1455,458
4135
4136
4137
4138
4139
4140
4141
4141
4142,1820,213
4145,4177
4146
4148
1069
4150
4151
4153
379
4154
4156
4157
4161
4163
2983
4164
4164,1827
4165
4166
23,4166
4169
4172
4115,4176
4178
4179
4180
1801,4181
4182
4183
4184
4185
153,2787,4307,1329,4418,4186
4083
4188
4189
4191
4193
4195
4190,4196
4083,4197
4198
4201
4202
4203
4205
4083,4207
4208
4213,1248
4214
4215
4217
4309
4220
4221
670,425,4222
4223
4223
4224
4226
4227
970
1839,4228
4229
4160,4230
4231
4232
4233
3263
3021
4032
4239
4238
4404,4406
4241
4240
4243
4242,4234
3307,4244
4266,4261
4248
4247,2702
4267,4262
4267
4249
4281
4245
3326
4282
4254,4256
4258
4258
4258,4149
4260
4262
4262
4263
3425,1874,2935
1874,4264
4265
4267
4268
4269
4271,4284
4273,458
4275
4275
4276
458,4277
4278
4279
4281
2723,4283
4285
4294
4295
4296
4299
4306
4309
4309,2862
2802,4310
2802,2805,4311
4291,4290,4314,4313,4316,4289,4312
4315
4317
4323
4317,207
1664
4319
1665
4318,2181
1666,2180
4321
4320
1973,208
550
4324
4325,671
2723,4327
4328,2969
2970
2634,4329
4358
825
4229
2723,4330,373,2970
4337,4339
2726
4338,1579
4340
4341
4342
1899,4344
4345
4348,4349
2723,4351,2970
4354
3006
4354
1528,4356
4360,1900
4362
4262
4365
2794,4369
4370
4370
4372
4375
4377
4378
4378
4378
217
376
574,4378
4378
4378
4378
2904
4378
4378
4367
4379
4371
4093
4095
4385
4386
4388
4390
4392
4394
4395
4401
4402
4403
4404
4407
4408
4409
4410
4410
4411
4412
2110,870,2124
4415
4053
4416,3829
4459,2693,3936,3846,2694
3415,4419
3415,4421
3415,4422
3950
1334
0
4424,414
2726
3005
3006
4426
4429
4425,3906
4424,4514
4424,3829,3854
3829,4191,1
4424,3829,4376
2979,4428
3829,4218,1
4430
4447
133,4432
4432,973
4433
3336
3415,4435
1287,1288,1266,1286
1355,4436
4439
4440
114,1320,4439
4441
4443
4444
4449
4448
4280
4451
4452
1928,1922,1924,1926,1915,1929,1927,1925,1923
4457
4458
4463,4464,4465
4462,2977
4462
4466
3084
2744
4469
4472
4476,4475,4474,4470,4471
4473,4434
2003
2667
2682
2684
58,3876
827,1519,3635
4485
3266,3267
1658
4488
3903,3886
4490
4492
3566,3582
2752,602,603,188
194,201,4497
4506
3908,4014,3878
4455,3904
3933,3946,4495,3927,4021,4461,3891,3879,4498,3905
3933,3946,4022,4495,4482,3927,4021,4461,3879,4498,3905,4485
4520
3359,4512
4513
2588,3258,4511
4516
4515
2161,4518
4519
4522
4523
3323
4526,4527,4528,4525
4524
4530
3415
3028
3793,3794,3795,3796,3797,3803,3804,3805,3806
663,3355
4537
4538
3898,4480,3951,4017,3934,4496,4019,3847,3877,3935,3884,3915,3888,3931,4460,3899,4467
126,4540
125,4541
4015,4493,4534
4542,131