1,3584
2
5,3290
4
4,3235
4,3236
3,1421
7
356,1191,1210
1191,1211
1192,1211
9
9,1601
1869,2584
456,2583
12
11,4461
14
15
17
18
19
2998,3584,3586,3587,3588,3589,3591
25,26
2304,4225
30
34
34,984
35
36
37
37,39,41
37,1466
39,41
38,1268
38,2542
40,3096
47
48
49
3154,4486
51
52
53
55
56
58
59
60
61
62
63
64
64,3829
64,3861
64,3869
63,2039,2153
63,2153,2158
63,2039,2153,2158
66
67
67,1338,1679,2153,2158
68
69
70
71
76
76,499
77
78
81
82
83,85
86
86,1251
87
88
90,91,93
92
92,94,2207
92,94,3951
94
89,94
96,98
99
100,107
101,354
103
103,106
104,354
108
109,2017
111,114,115
110,112
116,119,120
110,117
118,1529
121
121,125
121,125,127
123,4504
110,121
125
110,125
126,1366
127
110,127
129
133
134
135
134,135
136
134,136
139,1615
142
142
143
144,2401
144,3281
141,2401
145,3282
147
148
152
153
155
156,158
157
160,161,162
159,3571
159,3580
163
164,165,166
167,170,171
168,1540
168,4381
172
173
1132,1653
177,207
180
181
181,432,695,698
187
187,372
189
190
191
192
193
194
195
196
197
198
3006
200,2997
201,368
204
3670,3738,3756,3788,3804,3906,4438,4490
135,205
206
207
206,832,3011
209,1380
215
217
217,220
217,220,221
217,2072
217,2673
222
223
226
228,1380
230
231
232
232,3861
685,1692
79,80,235,236,237,238,239,240
242,243
243
244
245
248
249
249,3441
251
251,3067
252,253,254
255
258
3696,4453
262,3712
260,266
259,261
260,265
260,265,266
263,3642
258,262
266
258,266
266,3712
269,271
269
270
271
272
152,269,694,1375,1666,2470
268,3063
268,3334
274
278
279
281
284
295,296,297
287,1113
287,1154
287,1155
287,3020
287,3966
289,293
287,3959
290,2414
289,1352
288,1346
289,4296
335,2414
291,4284
287,3949
288,2587
288,4296
287,4129
294,1346
1081,1487,3969
1487,1731,3970
1084,1487,3970
307,310
298,1154
298,1155
298,3020
298,3966
300,305
298,3959
301,2414
300,1352
300,4296
303,2414
302,1352
302,4284
298,3949
299,1346
299,2587
299,4296
298,4129
306,1346
308,309
311,312
322,323
313,1154
313,1155
313,3020
313,3966
315,320
313,3959
316,2414
315,1352
315,4296
318,2414
317,1352
317,4284
313,3949
314,1346
314,2587
314,4296
313,4129
321,1346
1097,1487,3957
1100,1487,3958
325,326
1064,1708,3948
1103,1487,3948
324,1154
324,1155
324,3020
324,3966
328,333
324,3959
329,2414
328,1352
327,1346
331,4284
328,4296
332,2414
331,1352
324,3949
327,2587
327,4296
324,4129
334,1346
291,1352
1193,2434
2776,2874
3650,3950
337,776
337,776,3010
337,776,3010
1602,3650,3950
3650,3950,4234
338,2404
337,3016
337,4242
1870,2585
339,3020
339,1154
339,1601
339,1649
339,2401,2440
339,3108
339,4129
339,3959
339,4288
339,4315
339,4233
340
341,770
340,1214
431,1214
1954,3057
342
2347,3620,3621
2353,2355
755,2326,4107
337,2852
337,379,2852
337,2851
233,337
337,1154
337,2440
337,2614
337,2614
337,3944
337,3959
337,688,3959
345,2704
2762,3812
1581,1582,1583
81,84,348
84,348,3935
348,1159
348,1161
1582,1583
82,84,349
84,349,4153
350
860,861,2243,2244
351,1262
1341,1342,1343,1358
353,3965
354
103,354,2207
103,354,3951
355,1954
357
358
150,151
97,359
211,3730,3907
370,1880
154,421,1888,2398,3004,3150,3669,3674,3700,3757,3765,3768,4416,4439
183,184,185,186
906,2172,2187
425,3602
382
383
384
387
388
389
389,3387
390
391
392
393
394,395
398
407,2205
400,1154
400,1155
400,1350,2415
400,2440
400,3020
400,3944
400,4229
401,1346
401,2587
400,4230
400,4271
402,1346
399,2208
403,2208
404,3947
405,3286
405,4313
406,3952
407,593
407,1968
408,835
408,1364
408,4255
407,1965
407,4257
409
410,412
391,929,979,1472
414
416,1538
415,419
415,418,3940
415,418,3595,3940
416,3040,3595
415,418,3595,3916,3940
416,1539
3404
3405
417,418
422,2541
425
425,3583,3602
380
428
428,1726
431
432
432,706,2727,3036
227,575
497,589,798,1753
140,277,362,365,366,367,369,373,374,376,377,378,448,758,765,769,772,777,781,785,786,787,1016,1017,1177,1391,1517,1819,2232,2605,2606,2608,2629,2651,2652,3161,3163,3171,3389,3391,3593,3687,3697
1372,2082
1373,2083
442,443
445
396,397
445,446
2006
450,2992
449,2259
453
453,455
455
456
457
457,461
459
461,462
459,460
461
3739,3758,3761
466
465,466
468
466,468
468,3740
468,3763
471
471,755
471,755
473,474
474
476
473,476
476,1720
479
480
480,3232
482
486
486,3434
487
488
3686,3742,3744
488,489
488,755
491
491
494
438,494
494,1345
495
494,1390
494,3104
496
496,698
507,511,515,518,524,525,526,528,529
500
501
502,505
501,503
505
506
508
508,544
510
512
512,517,520
512,517
516
520
521,523
528
531
532
532,1136,1246,2236
533,929,1005,1006,2467
532,1421,2236,3592
532,979
532,4035
531,673
535,2096
536
538,543,554
510,539
541
522,541
513,558
543,545
545,548,549
528,546
550
516,550
552
514,552
554
506,554
556
520,556
558
559
512,559
560
561
562
562,563
563
564,566
568
569
570
217,220,221,491
384,581,582,583,584,585,586,587,1119,1120,1121,1124,1125,1595,1596,1835,2302,2307,2310,2312,2313,2314,2321,2442,3541
1727
570,1252
579,2643
570,1252
571,574
570,1380
575,2663
577,578,2664
576,2306
576,2309
572,575
573,575
575,1119
575,1120
575,2402,3527
575,2402,3009,3527,3539
575,2402,3009,3539,4265
584,585,587
588
38,588
591,697,698
590,1595,1879
592
592,1964
592,1963
594
594,911
595,2009
530,596
598,599
599
534,599
601
602
603
608
609
610
611
612
613
466,467
470,2696
617,618
620
621
622
623
624
624,3861
625
626
628
632,640,643
1972,3608,3629,3643,3656,3690,3705,3719,3767,3787,3819,3908,4371,4398,4406,4417,4428,4450,4452,4489
279,633
633,634
636
3643,3714,3716,3777,3787
636,641
279,638
636,637
641
3714,3910,4460
641,642
644
645
645,1572,1574
3012,3013
649
650
599,649
651
651,929,982
655
656
657
658
659
660
3723,3893
662,663
661,664
664,767
666
666,2102
666,2104
667
668
669
672
673
673,929
675
675,3424
675,3424,3425,3426
678
675,678
679,683
676,681
684
677,684
685
685,688
685,833,927
687,3496
685,3977
688
688,2704
691
692
693
694
695
695
698
273,698
626,698
698,3115
698,3976
699
698,699
703,704
701
701,979
702,929,1874,2035,3085,3436,3437
705
707,1710,2727
709
710
709,710
715
716
717
718
725
723,1579
725,726
728
712,719,720,721,722,723,1579,2481
728,729
731
713,714,724
731,732
734,741
716,735
737
717,737
739
718,739
742
743
744
744,979
748
656,748,3315
749
3892,4382,4497
751
749,750
749,1801
753
753,1801
755
475
473,756
477,478
473,757
2717,2718
755,759,794
2496,2497
760,2495
35,131
773
179,775
2363,2364
2366,2367
778
2682,3053,3054,3121,3122
788
790
791
793
794
794,3375
755,795,4005
795
796
796,1579
2491,4017,4018,4036,4208,4209,4210,4212
2491,4017,4018,4036,4182,4183,4184,4189
4182,4183,4184,4185,4186,4187,4188,4189
798,2373
800
801
805
805,810
808
809
811
813
814
815
816
817
821,825,1639,1644
822,826,1640,1645
823,827,1641,1646
824,828,1642,1647
821
821,2101
821,2111
821,2112
825
825,2101
825,2104
825,2112
825,2118
829,1643
830
831
831,2102
832
833,927
835
837
840,849
790,841
843
3628,3635,3636,3648,3657,3677,3683,3694,3718,3752,3753,3772,3805,3821,3904,4361,4362,4368,4370,4396,4400,4410,4420,4432,4442,4456,4498,4500
790,843
843,844
845,848
790,846
852
851,1607
856,857
855
855,1426
856
793,856
500,854
708,854
742,854
859
862
3258
863,3276
868,3247
867,2096
870
871
871,979
872
873
875
876
877
878
878,881
879,882
879,3903
878,882
878,4418
872,874,876
883
884
885
886,1592
888
563,928
644,889
892,3944
208,430,888,932,974,1402,3257
910
890,3447,3955,4283
890,3447,3955,4284
891,1355,2587
890,3955
892,4286
892,2578
892,3017
494,892
495,892
893,3465
893,4294
892,1351
892,1346
892,1355
894,2415
894,2587
892,1357,2587
892,2440
892,4280
895,1346
890,3955,4283
648,896,933,945,946
897,3104
890,1345,3955,4283
648,890,1345,3955,4283
899,933,945,946,2402
899,933,946,2402,3993
890,933,945,946,3450,3955,4283
888,909
903
904,2077
438,898
438,899
908
1350,2620
907,2414
1346,2620
2440,2620
909
59,909
890,909
911
912
911,912
911,912,2008
912,4019,4035
912,916,919
911,915,918
911,915,917
911,915
207,914
911,2548
915
920
921
923
925
926
929
929,2032
931
933
934
934,942
934,943
934,3967
689,935
935,1227
935,2406
935,2433
935,3129
935,3981
936,3017
936,4243
937,1346
937,1347
937,1349
935,4132
935,4231
938,2406
935,4239
934,3968
939,2406
3704,3734,3735,3736,3737,3823,4358
941,942
940,1605,1648,1808
944,1463,3123
946
901,2170,2184
569,947,972,1489
569,948,972,1489
569,949,972,1489
569,950,972,1489
951
951,2871
953,954
955
957,963
952,967,968
956,3569
814,952
900,2179
2169,2179
958,964
960
961,1924
961,2043
959,965
961,966
88,968
198,968
968,979
715,969
955,969
969,2396
968,1967
968,3087
968,3142
968,3179
970,1255
970,2969
968,3567
968,3580
968,4302
693,971
972
979,986,996
3715,3743,4436,4447
3647,3691,3760,4401,4436
983,1004
866,976
982,2030
980,3255
976,995
979,2397
977,989
978,989
979,2274
929,985,1136,1246,2189,3295
976,1490,2564,3344
270,979
929,990
982,2034
2526,3232
980,3250
800,992
481,991
994,3773
929,981
995,1490,2564,3344
987,997
1007,1008
999
1000
976
1001,1488
1001,1004,3148
1002,1966
1003,2405
1002,1967
1004
979,3928
979,1133
989,1004
1010,3017,4251
998,1004
1002,1524
1004,1946
1004,1947
1011
1012,1013
1015
783,1518,3097,3393
1196
1025
1025,3638
1027
1028
1029
1030
1031
1033
1036
1031,1034
482,1035
1033,1037
486,1035
1037
1038
1039
706,1042,2727,3036
1043
1044
1047
799,2248,2315,2607,2759
1047,1048
1050
435,452,621,1413,1516,3525
1050,1051
1053
435,452,621,1413,3525
1053,1054
1056
16,54,146,804,838,850,924,930,1266,1943,2248,2315,2630,3133
1056,1057
1064
1060,1065,1068,1074
1083,1487,1731
1069
1078
1066,1077
1079
1080,1081,1487
1059,1060,1065,1068,1070
1082
1083,1084,1487
1059,1062,1065,1067,1071,1072,1073,1075,1076,1383
1082,1670
999,1000,1477,3284,3676,3775
1474,2540,3676
1085,1088
1086,1089
1087
1059,1060,1068,1070,1074
1090,1093
1091,1094
1092
1059,1061,1062,1063,1065,1067,1071,1072,1073,1075,1076,1383
1095
1096,1097,1487
1059,1062,1063,1067,1075,1076
1098
1099,1100,1487
1059,1061,1062,1063,1065,1067,1071,1072,1075,1076,1383
1101
1102,1103,1487
1059,1061,1062,1063,1064,1065,1067,1071,1073,1075,1076,1383
1064,1101,1487,1708
1104
1105,3101
1060,1068,1070,1071,1075
1105,1106,1487
1109
1109,4424
1110
1111
1112,1114,1115
1116
1117
1118
1119
1120
1121
1126,1128
1127,1129
420,1162,1734,1735,1752,3801,4451
1130
1131
1131,3111,3937
1134,1654
1136
1137
839,1137
1138
1138,1139,1140
1139
1141
1142
1118,1142
1144
176,199,519,1805,1916,2979
1144,1145
1147
176,1425,1916
1147,1148
1150,1152
1151,1375
1153
1154
1155
1157
1157,1182
1159
1161
1163
1164
1166
1169,1173,2878
1171
1172
1178
1040
1627,1632,1638
615,1156
1183
1172,1173,1175,1176
1185,3564
24
340,1205
431,1205
1187,1380
1187,1252,2738
1188,2738
1188,3107
1216,1252,2737
1214,2737
1252,1284
1284,1380
356,1190
1190,3107
1190,4287
1252,1287,2745
1219,2745
1252,1282
356,1191
1282,1380
356,1192
1188,4287
1216,1380
1220,1222
249,3609
1197,1222
1217,1380
1198,2273
1199,2273
1219,2645
1201
1521,1522
1280,1380
1204,1208
1205,1209
223,1206
1207,2453
1281,1380
1187,1252
356,1188
1283,1285
1214,1365
1214,1367
1216,1380
1216,1252
1214,2405
1214,3372
1252,1287
1287,1380
356,1219
1216,1252
1221,1225
575,1223
1222,2305
575,1224
570,1224
1222,2407
1222,2435
222,1209
1227
1228
1228,1356
1229
1230,1233
1229,1231
1229,1234
2468,2490
1237
1238,1241,1242
1237,1239
1243
1244
1245
1246
1247
1248
753,1248
413,1250
1252
1253
1254
1255
1256
1258,1380
1259
1259,1261
1261
1262
1263
1264
1263,1264
1267
1268
1268,1273
1267,1270,1272
1267,2222
1267,3154
1270
1271
1271,1273
1270,3154
1272,3154
1273
1269,3154
1189,1200,1275
1189,1200,1276
1277
1247,1277
1279
1285,1380
1286,2339
1288
1289,1291
1292
3728,4405
3664,3769,3774,3796,3895,4459
3604,3681,3707,3762
1296
1290,1296
1290,1292
1292,1293
1292,1294
1292,1295
614,1300
1302
1303
1304
440,1304
1527,1816
112,3233
112,135,262,443,446,488,503,505,633,749,753,879,1047,1050,1053,1056,1144,1262,1299,1313,1316,1330,1335,1369,1416,1418,1478,1506,1701,1775,1779,1781,1790,1865,1893,2087,2089,2138,2143,2217,2253,2266,2275,2276,2278,2288,2293,2531,2539,2556,2565,2647,2649,3184,3186,3188,3233,3365,3445,3576,4336
94,104,121,125,127,168,266,359,468,618,680,751,784,841,1157,1261,1264,1276,1277,1304,1330,1481,1511,1768,1860,1950,2143,2278,2552,2559,2568,2572,2916,2918,2989,3381,3401,3516
1306
1004,1306
1004,1306,1527
1306,1528
1004,1308
1309
1311
1313
1313,1738
1315
1315,1555
1316
1316,1801
1316,3427
1319
1320
53,1320
1319,2015
1323
19,1323
1325
1325,1733
1326
1326,2535
1328
1328,2535
1330
1330,3602
1335
436,755
1335,1336
1338
1339,1340
1343
1343,1621
1345,3387
1345
1345,3074
1346,3933
1346,4234
1346,4242
1346,4291
1345,3470
1345,3942
1348,4291
1227,1345
1350,1353
1350,2420
1350,2401
1346,1398
1346,3965
1346,4277
1346,4278
1344,3074
1348,4234
1345,4130
1358
1359
1360
979,1360,2233
1361,2034,2166,3597
1362
1362,3861
673,929,979,1359
1364
1365
130,1365,1367,1368
473,1365
1367
1369,1371
1370,1739
1374,1375
1375
269,1375
1380
1381
1382
1383
505,1245
23
1386
1387
1388
1389
1354,3975
1394
1395
1396
1397
1399
1400
1401
1402
909,1402
1311,1403
1403,4293
1404,1771,1787,2580
1404,1771,1787,4281
1405
1405,1741
1407
45,2019
1407,1408
1410
46,2019
1410,1411
1414
1415
1416
1414,1416
1418
1415,1418
1421
1426
1427
1428
1427,3289
1429
1430
1432,1434,1436
1433,1435,1437
1432
1433
1434
1435
1436
1437
1443,1444
1438,1880
1439
371,1445
1446
648,1447
1448
945,1449
1462,1922
1462
1227,1462
1450,1451
1227,1345,1462
1346,1462
1453
1454
1462,2578
1462,2697
1462,2699,3074
1462,3019
1462,3127
1462,3337
1462,3339
1456,1967
1457,1967
1462,4270
1346,1458
1462,4286
1459,1967
1452,1455
686,1460
7,1461
210,1256,1461
1461,2704
1460,2415
1460,2587
1442
1440
1441
1464
423,1465,2544
1467
1468
931,1467
1469,2581
1471
1474
1477
1478
3625,3629,3635,3636,3637,3646,3653,3680,3682,3683,3689,3694,3701,3702,3711,3716,3719,3722,3733,3746,3753,3755,3772,3776,3791,3802,3805,3820,3890,3891,3904,4362,4372,4397,4400,4413,4441,4443,4444,4456,4457,4458,4498
1478,1479
1478,1533
1481
647,3745,3902,4403
1481,1482
1481,1533
1484
1484,1533
1484,4372
1485
1485,1533
1487
1495
1493,1494
1019,1488
1493
249,1110,1492,2397,2564
1489,1491
1493
1495
1496
3631,3635,3636,3662,3665,3668,3694,3729,3750,3751,3759,3800,3896,3904,4360,4400,4411,4433,4442,4492,4494,4498,4499
3683,3755,3772,3781,3790,3821,4368,4369,4373,4410,4420,4443,4496,4500
52,1496
1496,1498
1496,1497
1499,1502,1503,1504,1513
52,1500
1505,1508,1509
52,1506
1510,1514,1515
52,1511
2625
1212,1222
1210,1222
1215,1222
1189,1222
1218,1222
43
629
811,1531
1310,1531
1309,1531
1531,2991
3024
424,1532
603,1532,2541
1243,1532,2541
1464,1532
1533
1534
1421,1423,1424
1537
3046,3047
1538,3060
1538,3916
1540
1541,3602
788,1542
1543,1549
1544,1550
929,1545,1807,4035
1546,1551
1547,1552
625,915,1548,2009
1553
1556,1557
1554,3384
1563,1569
1564,1566
1564,4251
1565,3017
1565,3933
1565,1603
1565,1604
1565,1605
1565,3997
1567,1568
1570
1570,1843
1571
1571,2546
1572
646,1288
1575
1575,1854,3914
1575,3914,4144
1576
1577
1578,1598,1600,3353
3407,4296
1579
1589
1590
755,1537,1591
887,1014
1595,1596,1597
1594
1598,1937
1601
1601,1605
1601,1606
1605
1602,1621
1607
1610
1611
1613
1537,1614
2055,2056
42,50
1586,1587
1617,1618
1617,3963
1621,3017
1621,4291
3786,3963
1632,4291
1608,4218
1608,1612
782,1623
1181,1624
1632,3017
1122,3524,3747
1622,4295
1631,3386
1609,1612
755,1959
1639
1639,2093
1639,2111
1639,2112
1639,2118
1644
1644,2093
1644,2104
1644,2112
1648
1648,2997
1649
1650
1650,1845
1650,2548
1651
1652
1657
1660
1662
1661,2848
3447
1664
1666
1670
1487,1670
1671
1671,4049,4154
1672
1674
1676
1677
1678
1678,1680,1681,1682
1683
1684
979,1684,2233
1685,2239
979,1683,1686
979,1685,2233
1687
1688
1689
1690
1749,3565
1693
1698
1699
1699,3886
1700
1701
1700,1701
1703
1703,4409
1703,4415
1703,4415
1704,4462
1703,4464
1705
1706
1707
1708
1715,2239
1712,1717
1711,1716
1719
1720
1721
1722
1722,3861
1724
812,1723,1784
1725,1856
1727
1709,1729
138,381,434,498,567,604,605,606,652,653,654,655,774,864,973,1580,1694,1695,1696,1697,1718,1821,1855,1958,2041,2042,2220,2242,2299,2449,2470,2486,2698,2700,2729,2880,2930,3002,3003,3031,3032,3088,3192,3579,3601
575,808,1730
575,1730,4051
1069,1732
1733
1736
1737
1738
1739
1740
1741
1742
1743
1744
1745
1746
1626,1633,1634,1635,1636,1637
1633,1634,1635,1636,1637
1750,1751
1749,4002
1756
1757
1757,1760
1757,1761
1757,4000
1758,3005
1602,1758,3005
1758,3005,4234
1758,2587
1758,3070
1758,3127
1758,3129
1758,4296
1758,4309
1758,4132
1648,1759
1763,1764,1765
1768,3766
1768
1769
1769
1770
1771
1772
1902,3136,3144
3007,3965
1773
1774,1777,1778,1780
1773,1775
1779
1781
1782
1783
1785
1787
1788
1789,1792
1788,1790
1793,1797
1794,1795,1796
1793,3263
1747,1793,3263
1798
1798,3263
1793,1798
1180,1799
1800,1802,1803
2722,2870,3014
1804,2260
1807
72,73,74,1809
607,631,1160,1363,2092
415,1812
900,2169,2180,2182
113,3234
1202,1813
1203,1813
102,118,137,188,447,454,458,490,509,527,540,542,547,551,553,555,557,639,665,711,727,730,733,736,738,740,847,1143,1146,1149,1232,1240,1307,1317,1321,1322,1324,1327,1329,1393,1406,1409,1412,1486,1501,1776,1866,1953,2088,2090,2226,2228,2231,2262,2264,2270,2282,2284,2286,2291,2554,2562,2922,2925,2975,3153,3167,3195,3198,3226
1523,1814
1524,1814
113,264,352,444,447,490,504,635,752,754,880,1049,1052,1055,1058,1146,1249,1297,1298,1314,1318,1331,1337,1384,1392,1417,1419,1480,1507,1702,1776,1791,1866,1894,1951,2088,2090,2139,2144,2218,2267,2277,2279,2287,2289,2292,2294,2295,2298,2532,2557,2567,2650,3185,3187,3189,3234,3364,3392,3403,3446,3577,4337
1525,1815
1526,1815
95,105,124,126,128,169,267,360,469,619,682,784,842,1158,1249,1260,1265,1275,1278,1305,1331,1483,1512,1766,1907,2144,2279,2462,2555,2560,2569,2574,2917,2920,2990,3382,3402,3517
1528,1816
118,1530
110,3385
52,108,110,134,249,258,279,351,442,445,501,755,882,1048,1051,1054,1057,1145,1245,1248,1290,1336,1394,1414,1415,1533,1700,1738,1739,1773,1788,1801,1892,2084,2085,2136,2142,2214,2265,2297,2390,2393,2456,2528,2627,2648,3180,3181,3182,3357,3385,3427,3443,3574,3602,3619
52,89,97,110,249,258,354,440,466,617,675,790,1182,1247,1248,1259,1263,1533,1540,1906,2142,2378,2389,2390,2394,2461,2573,2919,2938,2988,3394,3395,3514,3602,3766,3815
2250,2251,2252,2763
1822
1822,2548
1824
1826,1827,1828
1829,1954
1832,1833,1834
1831,4063
1835
1836
1838,1841,1854
1837
1839
1840
1838,1841,1848
1842
1843
1846,4006
1844
1845
1842,1844
536,1844
565,1844
1847
1849
1850,1851
1852
1853
1853,1927
1837,1840
1857
1860
1864,1867
1865,2456
1868
147,1868
149,1868
1868,2104
1871
1872
1873,2548
1872,2548
1874
1875,1876
1877
1878
1879
1880
1783,1880
1880,3459
1884,1885,1887
1885,1887
1889
1890
1961,4191
1892
1893
1892,1893
1896
1897,1898
1900
1901
463,464
1903,1904
2460,2463,2466
1906,1950
1911,1912
1909,3943
1910,1915
1909,1915
1913,1914
1918
2762,3812
1922
1923
1924
1925
1926
988,1926,2856
1926,2857
988,1926,2857
1927
1928
1929,2237
1678,1931
979,1472,1929
929,1930
979,1929,2238
1928,2234
780,979,1135,1928
1928,2235
929,979,1472,1928,2034
979,1928,2233
1932
1927,1934
148,1933
1934
1935
1936
1939
1940
1941
473,1941
1945
1949
1948,4351
1010,1967,2405,3148
1859,1861,1862,1863
2253,2627
1919,1920
1896,1952
1954
1957
1730,1956
1960
234,286,1019
1019,3532
234,1019
2485,2487,2488
1963
1963
1965
1966
1967
1971
1996,1997,1998,1999,2000,2001,2002,2003,2004
1973,1974
1974
630
1983
1985
1985,2878,3467
1985,2878,4346
1167,1784,1983
1994,3599
1784,1983,4472
1784,1983,3599,4472
1172,1985
1985,2928,3467
1820,1969,2374
2007,2009
2009
2010
914,2010
2011
2012
2013
2014
2015
2016
2018
2018,2512
2020,2021,2023
2024,2026
2030
65,2030
2033
2034
2034
2036,2038
1338,1424,2037,3230
1420,2037,3230
2043
2044
451,1226
2045
2046
2047
2048
2049
2049,2077
2050,3570
2051
2055,2068,3353
2052
2053
761,4068
2054,2731
1599,3816
2064,3586
61,1824,3816
1613,3816
2058,3354
2061,3353
3353,3816,4010
2059,3106
1573,2060
2615,3106,3353,3816,4010
2060,2518
1668,3106,3816,4011
1937,3816,4010
2062
2063
2073,3816
1824,3816
2065,2506,3817
2849,3816
2065
2066
2067
2068
2069
2065,2910
1772,2070
2071,2908
2073
2074
851,2074
1467,2074
2018,2074
2074,2726,3067
2076
2077
2077,3183
2078
2078,3183
2078,4097
2080
2081
2081,3883
2084
2085
2086,2089
2085,2087
2089
2084,2089
2091
2093,2104,2112,2118
29,2098
673,929,1825,2075,2327
597,2094
1428,2094
1430,2094
1431,2094
1928,2094
2094,2114
2096
2096,2120
2097
2097,2121
2097,3846
2097,3874
2097,3879
2099
2094,2105,2119
2100,2455
2094,2113
1183,2093
817,2093
818,2093
851,2093
241,2102
1607,2093,2221
28,2109
1825,2076,2726
1043,2105
1428,2105
1430,2105
929,1382,2105,4035
818,2108,3447
2106
2107
2107,3874
2110
1184,2104
22,2116
1825,2077,2726
816,2113
1428,2113
1437,2113
2113,2325
2113,2546
2113,3566
1428,2113,4306
2114
2115
2115,3832
2115,3852
2117
20,2122
1825,2078,2726
1117,2119
2120
2121
2121,3837
2121,3868
2123
745,2124,2130,2131
2125,2663
3749,3954,4151,4166
2126,2663
2126,2674
2127,2967
745,2020,2022,2128
2129,2663
2136
2137,2140
2136,2138
2141
1749,2141
2142
2143
2142,2143
2147,2498,2600
2154,2160
69,2153,2158
71,2153,2158
173,2153,2158
190,2153,2158
192,2153,2158
194,2153,2158
196,2153,2158
198,2153,2158
231,2153,2158
609,2153,2158
885,2153,2158
1028,2153,2158
1940,2153,2158
2153,2158,2450
2152,2926
62,2152,2926
2155
2156
2153,2156,2158
2157
2157,3882
31,32,33,34
2160
779,2161
2162,2548
2163
2165
2166
2167,2175
951,2168
2621,3447
1358,2621
2621,2871
2174,2414
2177,2178
1235,2176
890,2224
2181,2182,2183
1346,2622
2415,2623
2189
1039,2153,2158,2189
2153,2158,2189,2986
2153,2158,2189,3109
2158,2159,2189,2329
2190
2190,3509
2191
2191,3507
2193
2194
2195,2208
2196,2208
2195,2209
1966,2198
2197,3952
2195,3953
1967,2198
10,2199
2198,2415
2198,2440
2198,3020
2198,3944
13,2198
1346,2200
2201
2202,2208
2203,2208
2204,3952
2206
2206,2208
2208
2209
2210
2211
2046,2211
2212
2213
2214
2215
2216,2219
2214,2217
2221
1607,2221
2222,3154,4487
2149,2150,2151,2499
2148,2225
2132,2133,2145,2146
2227,2229
2134,2135
2005
2230,2296
2256,2459
2354,2356
8,1422,1858,1917,1955,2719,2721
280,1473,1534,1535
2245
2246
2253
2256
2257
975,2258
2260
2261
51,2261
2263
36,2263
2265
2266
2265,2266
865,2382,2383,2384,2385,2386,2464,2465
2377,2464,2465
2268,2271
2254,2255,2257
2257,2269
1194,2272
1195,2272
1519,2272
1818,2627
2275
2276
1773,2276
2278
249,2278
2280
2653,3671,3693,4448,4449
108,2280
2280,2281
2283
108,2283
2285
2285,3428
108,2275
2288
250,2288
2290
2290,3441
1773,1781
2293
2293,3427
1773,1779
2296
2297
2297,2539
2300
2301
2301
2301,2306,2309
2302,2307,2310
576,2303
226,2301
2053,2302
2306
2306
2309
2309
2316
2317
2318
2318,3783
2319,3923,3924
2321,3984
2321,4377
2322,3060
2323
2324
2325
2326
1673
2328
2329
1168,1175
1975,1978
1165,1588
762,763,764
2332
3630,3685,3731,3780,3784,3888
2332,2333
2334
2335
3633,3699,3780,4359,4367,4412
2335,2336
2337
2340,2341,2343
2342
862,2342
2359,2365
1018,2344
2360,2361
343,363
364,2348
437,3621
2346,2349,2350,2354,2356
2354,2356,4393,4394,4395
343,2352
343,2613
686,2357
389,2358,2704
1346,2357
1358,2357
1966,2357
343,1967,2613
2357,2404
2357,2440
2357,2587
2025,2357
2357,3944
2357,3125
2351,4463
2369,4465
2368
2368,2370
2368,3905
141,2374,2401
2374
2374,2402
2374,2401
2375,2520
2375,4194
2375,4338
2376,4323
2376,4324
2378
2379
2380
2381
2387
2388
2389
2390
2393
2394
2395
2396
2399
2400
2401
2402
2408,2409
2410,2414
2415,2416,2417,2419
2403,2418
1356,2405,4232
2415,3989
2405,3965
2411
2412
2413
2414
2414,2420
2420
2421
2021,2023,2421,4086
2021,2023,2421,3954
340,1222,2401
431,1222,2401
2401,2764
2401,3471
2422
2509,2510,2511
2425,3666
2423,2424
2426,3666
2515,2516
2513,2514,2515,2520
2427,2429
2431
1214,2434
2440,2441
2436,2437,2438,2439
2436,2437,2438
794,1537,2432
2402,2432
2440
2446
2447
2153,2158,2447
2451
2450
2453
2454
2455
2456
2457
2458
2459
2461
1860,2461
2467
2473,2476,2477
2472,2492
2471,4024
2471,3105
2471,4297
2476,2477
2476,2477,2493
1553,2475,4142
1179,2494,3602
2471,4023
1345,2474
2471,3105
1817,2479
2480,2548
2483
2484
2489
473,1179,2494,3602
2500
2502
2503
2504
2505
2506
1536,2506
2507
2507,2550
2508
2509
2512
2513
2518
2520
2521
2521,3667
2523,2524
2525
2522,2525
2526
2527,2529
2530,2533
2528,2531
2534
2536,2537
2539
2540
2541
2542
1273,2542
2541
2543,3055
2541,3060
2545
2546
2547
2548
2549
2549,3864
2547,3930
2547,3369
2547,4285
2551
2552
2553
2389,2553
2389,2552
2556
2390,2556
2558,2563
2390,2559
2561
2390,2561
2564
2565
3654,3754,3793,3794,4435
2393,2565
2565,2566
2568
2394,2568
2571,2576
2570,2575,2577
2572,2573
2578
2579
2580
2581
931,2164,2381,2581
2582
1868,2582
149,2582
147,2582
2586
2587
2588
2589
2590
2590,4156
2591
2591,3965
2592
2592,4142
2592,4146
2593
2594
1703,2594
2595
1966,2595
2597,2598
2599
2601
492,2602
1009,3148
2603
2604
1810,2604
1531,2543
343,2616
2348,2617
2618,3621
1954,4317
4200,4204
3936,3938,3939
2611,2710
797,2469
2589,2619
905
2589,2620
2173
2623,2624
2188
2627
2628
1655,1656,1658,1659,1661,1665,1669
2631
2632
2633
1662,2632,2633
1662,2633
2634
2635
2636,2637,2638,2639
2636
2637
2638
2639
3261
2641
483,484
1196,2387
1889,2643
2509,2510,2511
794,2513
2645
2515,2516,2517,2519
794,2646
1021,1022,1023,1024
2648
2649
2648,2649
2654
384,491,581,649,650,746,1119,1595,1596,1597,1691,2079,2125,2126,2129,2302,2307,2310,2311,2312,2313,2321,2405,2427,2429,2442,2443,3528
1727
576,1595
655,1956,2660
1019,2661
576,1593
1252,1257
218,2662
1257,1380
472,2661
576,2301
2663,2674,2820
2405,2665
1119,2663
2643,2666
2658,2663
2659,2663
2669
2670
2126
1595,1691,2302,2311,2405,2443
1252,2668
1380,2668
2672,2674
2669,2674
2670,2674
2671,2674
2676
2125,2126,2129,2307,3529,3530
2678
1252,2675
2676,2679
1380,2675
2677,2680
2678,2680
1380,2657
1806,3190,3191
4077
2685,2688
2686,2689
2695,2733,2734,2735
2691,2693
2692,2694
2695
2697
2699
1252,2703
1380,2703
427,1380,2703
2701,4100
1830,1854,2702
1854,2702,3914
2702,3914,4144
2704
2706,2707,2708
2705,3607
792,2710,2711,2712,2713,2714,2715,2716,3099,3159
2710
2710,3089,4324
2720
869,2724,3247
2726
1420,2037,2726,3067,3230
2726,3067
433,4083
2730
2732
2736,2739,2743,2744,2747,2748,2750,2753,2755,2756
2747,2748,2749,2752
2746,2750,2753
2736,2742,2744,2746,2747,2748,2749,2751,2752,2753,2754
2736,2739,2740,2741,2742,2743,2744,2746,2747,2748,2750,2751,2752,2753,2754,2755,2756,2757,2758
2744,2746,2750
1252,2760
1380,2760
2764
218,2777
1727
175,649,650,791,805,810,1595,2427,2429,2430,2442,2842,2844,2873,2875,2906,3038,3135
2776,2906
1380,2767
649,2768
650,2768
814,2770
1693,2502,2769
2428,2768
2375,2771
1380,2772
1727,2773
1728,2774
1380,2775
1252,2764
217,2777
2065,2778
2779,3817
2072,2778
1380,2764
805,2780
1015,2643,2781
1380,1954,2764
336,2782
2765,2780
2780,2842
2780,2843
2783,2877
2780,2874
2780,2906
1770,2780,2906
2784,3229
2766,2780
221
649,650,791,2427,2429,2430,2873,2875,2906
805,810,2844
1252,2785
2786,2789
1380,2785
806,2790
2788,2790
2790,2844
2787,2790
2791
707,2338,2873,2875
1380,2791
2792,2793
2794
707,1908
1380,2794
2795,2796
2797
537,707,1463,1515,1786,2448,2655,2656,3513
108,2797
249,2797
2798,2799
649,650,791,805,1120,1595,2427,2429,2430,2873,2875,2906
2802
1252,2800
217,2803
1380,2800
1120,2804
1121,2804
2643,2805
2801,2804
2802,2804
1108,3536
174,809
1470,2312
805,2313,2452,2453
1252,2806
1380,2806
809,2811
2812,3108
2807,2811
2808,2811
2809,2811
2810,2811
385,386,805,807,1032
1252,2813
1380,2813
2814,2815
219,2819
1727
833,834,835,836,1596,1835,2442,2444
1252,2816
1380,2816
2817,2820
2818,2820
2821
691,1754,2302,2307,2311,2312,2313,3594
1380,2821
219,2823
2822,2823
1121,2302,2310,3540
1252,2824
1380,2824
2825,2826
214,585,586,1595,2302,3373
1252,2827
1380,2827
1301,2829
2828,2829
1942,3355,3356
1252,2830
1380,2830
2831,2832
1881,1882,1942,3355,3356
1252,2833
1380,2833
2834,2835
212,213,1345,1616,2026,2302,2311,2321,2420,2579
1252,2836
1380,2836
2837,2838
2302,2307,2313
1252,2839
1380,2839
2840,2841
2842,2844
2844
2845
748,3320
2846
3316,3317,3332
2849
1252,2850
2858
216,1154,1155,1358,2445,2452,3134,3143,3421
1380,2858
2859,2860
2861
216,1123,1154,1155,1675,2454,2501,3319,3421
1380,2861
2862,2863
2864
216,1675,2445,2873,3319,3421
1380,2864
2865,2866
2867
2868
2869
2871
2873,2875
2874,2876
3899,4408
2877
2878
2882
2886
2887
2888
2890
2891
2892,2893
915,2891
625,915,2009,2891
2895,2896
2898,2899
2901,2902,2903,2904
1762,2900
2905,3599
1762,2900,4484
2906
1823,2249,2907
2909
2911
493,2911
979,2912
270,2913
1302,2913
1677,2913
2120,2911
2914,3242
2915
2916
2916,2938
2918
1619,2937
2918,2919
2921
2921,2939
2923
1620,2939
2923,2924
2478,2926
2927,3638
1026,2927
2928
1975,1982,1983,1985
2928,2929
2894,2897
1742,1743,1744,1745,1746
2931,2932
2933,3037
1252,2703
1380,2703
344,2935
344,426,2935
344,2935,4009
180,2402,2701
2695,4324
2937,2939
2853,2854
27,657
1252,2775
2940,3334
2869,2941
2942
2883,2884,2885
2950,2952,2956
2950,2952,2956
2953
473,2953
2342,2954
229,2955
2957,2958,2959
2950,2951,2952,2953,2956
1380,2960
2959,2960,2962
2690,2961
2943,2944,2945,2948,2949
2946,2947,2963,2964,2965
58,755,2966
2968
2969
425,4022
2970
2970,2976
2971
3748,3911,4423
2970,2971
2971,2972
2973,2976,2977,2978
2970,2974
2976
2981
2548,2982
2548,2981
2984
2985
2986
2987
2988
2989
2988,2989
2991
803,2993,3160,3474
2993
2994
2994,4049,4154
2995
2996
3170,3971
3170,3965
2999
3005
3007
3008
1345,2024,2029
3010
3011
3015
3017,3022,3023
3017,3018,3019
3019
3019,3021
3017,3986
3017,3988
3022
2587,2997
3025
283,1577
282,2505,3025
3026
3027,3028
3029,3030
3033
3033,3035
3037
3039,3045,3051
3041
3041,3043
350,1137,3919
2457,3042
3041,3063
3043
3043,3149
3044
3047
3048
2044,3047
2867,3047
2996,3047
3047,3061
3047,3062
3050,3579
3047,3063
3052
3055
3055
241,1698,3056
694,3056
3057
3057,3059
3062,3063
2044,3062,3063
3062
3063
3064,3066
2548,3065
3067
3068
3069
3069,3965
3070
3071
3072
3072,3965
3074
3075
1784,3075
3076,3077,3080
3085
3086
3087
3089
3090
3091
3093
3093,3094
707,2727,3095
3100
2052,3098
3098,4476
3100,3102
3103,3105
425,3105
3106
3107
3108
3109
3110
3111
1889,3111
1611,3112
2984,3112
3113
2667,3113
3077,3078,3079,3080,3082,3083,3084,3114
3124
3126,3127,3128,3130,3131
3127
3128,3130
3126,3127,3128,3130
3136
3138
2983,3137
3140
2983,3139
3141
3142
3145,3146
3147
3148
3149
3151
3152
3151,3152
3154
3155,3638
2705,3157
3155
3156
3156,3638
3158
1938,3164,3165
3168,3169
3116,3117,3118,3119,3120
670,3166
1166,1754,1808,3108,3582
246,789,1186,1385,1944,2980,3172,4426
1836,3175,3178
2036,3177
3180
3181
3182
3183
3184
3180,3184
3186
3181,3186
3188
3182,3188
3193,3199
1739,3194
3196,3199
3173,3197
3200,3201,3202,3203,3204,3205,3206,3207,3208,3209,3210,3211,3212,3213,3214,3215,3216,3217,3218,3219,3220,3221,3222,3223,3224
441,3225
3227,3320
3229
3231
993,3231,3254
3233
3233,3385
1755,3241
698,3235
181,432,695,698,3235
272,3236
394,698,2596,3235
245,394,698,1719,1879,2596,2720,3235
674,3236
588,1756,3236
1674,2915,3236,3378
3052,3236,3245
3081,3236
3235,3300
3237
285,3238
2233,3238
698,3239
1928,3240
3241
696,3243
3245
3246
911,3246
3248
3249
1136,1246,3249
3249,3252
3250,3253
3251
3252
1136,1246,3252
929,979,3253
1377,1378,1379
3259,3260
1748,3271
3255
3256
387,3047,3266
3047,3266
3047,3267
863,3260
863,3273,3276
3262,3447
3265,3423
863,3276,4222
3049,3266
3262,3447
1236,3262,3596
3147,3266
863,3276,3596,4222
863,3042,3276,3596,4222
863,3276,3596,3918,4222
3269,3270
3263,3268,3271
1109,3272
3275
494,3275
3278,3279
3280,3368
3280,3368
3283,3285
3286
3287
3288
3291,3293,3297,3298
3292,3294,3296,3299
1421,3292
3295
133,3289
3290,3578
3301
3302
3303
3304
3306
3307
3308
3309
3312,4429
3305,3327
802,3311
2193,3311
1288,3313
3058,3314
411,1667,3311,3345,3350
3228,3315
411,3317
2845,3311,3345,3350
1804,3315
3176,3315
3323,3325
3321,3324
3326
383,3327
3328
3322,3328
3329
1031,3330
482,3331
486,3331
646,3318
2845,3311,3345,3347,3350
3333,3335
3337
1610,3338
3340
1883,3341
2548,3341
3342
3343
911,3343
2482
3345
486,3346
486,612,3346
485,611,3352
1031,3351
485,611,3346
3347
3348
3349
3350
2845,3345,3350
1031,2847,3345,3350
3353
3353
3358,3359,3360,3361,3362,3363
3357,3365
3365
3366
3367
911,3367
3369
3370
225,1671,3371
3374,3376,3377
3378
3379,4125
3379,3380
3379,4037
3380
3381
3381,3396
3384
3385
2936,3301
2578,3388
1627,1629,1638,3386
1627,1630,1638,3386
1627,1631,1638,3386
3388,3961
3388,4286
1627,1628,1638,3386
3158,3388
3388,4246
2647,3619
3394,3395
224,616,1020,2320,2780
3264,3397
3266,3400
3062,3398
3399,3447
3274,3397
3174
2378,3401
627,1045,1046,3244
3406,3965
3422,3438
3427
3428
3429
3430
3431
3432
3433
2037,2153,3433
2153,2158,3433
2030,2153,2158,3433
2037,2153,2158,3433
3434
3435
3154,3435
3436
3437
3439
3440
3441
3442,3444
3445
3443,3445
2881,3408,3409,3410,3411,3412,3413,3414,3415,3416,3417,3418,3419,3420
3448,3449
3447,4297
292,3447
304,3447
319,3447
330,3447
227,575,3447
819,3447
2095,3447
820,3447
3451,3453,3455,3457
3452,3454,3456,3458
851,1607,3447
569,947,972,1489,3447
569,947,972,1489,3447
951,3447
956,3447,3569
962,3447
3460,3570
2103,3447
1607,2221,3461
2871,3447
3462,4220
2869,3334,3463
3034,3447
3041,3447
3043,3447
3464
3440,3464
3047,3447
3447,4003
3447,4138
494,3447,4297
1613,1663
1613,1663,3106
3447,4080
256,257
255,3466
3467
2987,3467
1171,3468
3469
3470
3470,3472,3473
439,697,700,3475
1107,2391,3476,3500,3502
2392,3477,3501,3503,3505
3476
3487,3962
2025,3478
1166,3479
3479,4053
2307,3480
3479,4290
2404,3478
2440,3478
3008,3478
3108,3481
3015,3478
3478,3944
3478,4342
3623,3652,3661,4357,4402
3477,3503,3505
2392,3477,3501
3486
3483,3487
3487,3508
1634,3478
2579,3488
2579,3488
2308,3480
3480,3929
3480,3932
3481,4288
274,3489
3489,4312
2404,3490
3022,3478
2578,3482
3108,3491
1493,3492
1493,3108,3493
389,3494
2595,3494
3494,4253
3495,3497
685,3496
3494,4267
3482,4286
3108,3498
1493,3108,3499
3503,3505
3506
3485,3507
3508
3484,3509
3504,3510
3511
3512
911,3512
2732,3512
244,929,3237,3512,4034,4112
3514
3515,3518
3514,3516
3519,3520,3521
853,3523
1970,3526
75,429,747,2027,2028,3533
580,4227,4248
234,1196,3531
1743,1744,3534
1830,1854,3535,3613
3535,3613,3914,4144
3537
1983,1984,1985,1992
3537,3538
3542,3543,3544
3545
3545,4354
3068,3522,3545
1169,1171,1172,1173,1174
491,1173,1376,1983,4001
1983,4414
1173
3546,3554
1213,1222,3553
1520,3553
3554
1985,3552
856,1995
1995,3984
3555,3688
3556,3688
1170,1985
2330,2331
1784,3672,3673
3562,4375
1376,3563
1376,3672,3673,4320,4375
1376,3672,3673,4331,4375
3561,3983
1975,1976,1977,1978,1979,1980,1981,1982,1983,1984,1985,1986,1987,1988,1989,1990,1991,1992,1993
384,2401,2663,3528
3565
3566
3567
1607,3568
3570
3571
3287,3571
3288,3571
3571,3919
2996,3572
3048,3572
3573,3575
3576
3574,3576
3578
3579
698,3579,3590,4344
494,4297
3580
3288,3580
3581
2112,3581
3583
3583
3585
3590
3590
3590,4345
3592
3595
3596
3597
2872,3598
3600
1666,3600
3602
3607
287,2401,2440
287,3944
298,2401,2440
298,3944
313,2401,2440
313,3944
324,2401,2440
324,3944
3610,3611,3612
755,794,2534,4350
3614
1830,1854,2684,4327
3616,3724
3617,4421
1854,2684,3914,4327
3617,3725
2684,3914,4144,4327
3618,4422
755,4445,4446
339,2404
339,2401,3944
347
2642
755,2644
771
3622,4493
1559,1560,1561,1562,1698
3638
2705,3638
3639
3640
3642
2206,3817
2206,3649
3666
2424,3666
3667
1168,1169
1975,1983,1990,1991
768,2855,3675
1891,2247,2879
44,178
4077,4098,4109,4111
3584,3710
4098,4109,4111
3712
4454
3725
921,922
921,4190
472,1493,4355
3726,4177
491,4355
472,3727
472,1493,3727
3740
182,2040,2538,2640
4407,4437,4488
3764
615,1767
651,929,1673,1674,2031
1475,1476,2723
3778
3779
4056,4069,4088
3584,3783
1584,1585
1586,1587
1625,4352
132,275,361,671,766,1811,3162,3390,3898
2371,2372,3603,3799
1895,1921,2889
2762,3809
143,346
3583,3810
346,4168
2761,3812
2934,3808
3583,3811
375,1274
2065,3817
2057
2953,2959,2960,2962
3825
660,3826
2549,3826
3469,3826
3827,3828
3830,3831
3833
660,3834
2549,3834
3469,3834
3835,3836
3838
660,3839
2549,3839
3469,3839
3840
660,3841
2549,3841
2551,3841
3842
660,3843
2549,3843
2551,3843
3469,3843
3844,3845
3847,3848
2549,3849
3850,3851
1905,3336,3853
2549,3854
1905,3336,3855
2549,3856
3857
2549,3858
3859
2549,3860
3864,3865
3862,3863
3866,3867
3870,3871
3872,3873
3875,3876
3877,3878
3880,3881
3806,3807
3884
2549,3885
3626
3658,3813
3905
1380,4070
2645,3912
1356,4232
3913
3915,4061,4064
4063,4065
4007,4065
1840,4063
4103,4104,4106
3044,3916
3033,3917
4097,4105
3925,3926,3927
1652,3919
1879,3919
2323,3919
2483,3919
2725,3919
1928,3920
2037,3034,3919
2868,3921
3085,3919
602,3922
1918,3918
2457,3918
1421,3277,3919
3044,4097
6,668
668,3927,4081
4062,4170
3930
3931
565,3931
4260,4262,4279
4262,4279
913,3934
3937
3941
3591,3941
3944
3945
3946
905,2173,2186
1586,3960
3964,4415
165,166,3972
163,3973
2997,3974
152,694,1375,2470,4203,4318
152,694,1375,1666,2470,4203
3387,4228
3978,3979,3980
473,3982
3984,3985,4015
3956
1857,3986
1878,3986
2781,3987
2580,3986
3990,3991
3989,3991
3990,3992
3994,3995,3996
2997,4249
2997,3132,4249
2997,4131,4249
2997,4133,4249
3998,4049,4154
2513,4119
3999,4002
4202
4149,4162,4259
4093,4094
4147,4148
4003
1041,4003
4004
2609,2611
2610,2612
4193,4195,4197,4199
4194,4196,4198,4201
4048,4049
1852,4006
4006,4155
4012
1837,4012
4012,4158
4040
4040,4041,4045
2021,2023,4086
2375,4014
2401,4013
4016
4019
4020
4021
4022
4025
4026
473,1493,4027,4177
409,4028
4029
473,4030
4031
4032
4033
4034
4034
207,1877,3111,4035
4038,4072
2588,4039
4041
1111,4041
4043
4044
4046
392,4343
4047
4049
4050
4055
4057
2687,4057
4058
1886,4058
4059
4060
21,4060
4063
4066
4052,4067
4008,4071
4073
4074
4075
1856,4076
3584,4077
1856,4078
3584,4079
4080
4081
152,694,1375,2470,4082,4203,4318
3976,4082
4085
4087
4089
4084,4090
3976,4091
4092
4095
4096
4097
4099
3976,4101
4102,4156
4107
4108
4110
4113,4205
4113
4114
439,697,700,4115
4116
2114,4116
4118
4120
4121
1011,4121
1899,4122
4123
4054,4124
4125
4126
4127
2997,4296
3370,3919
4133
4117
4132
4301,4303
4128,4135
4128,4134
4128,4137
4128,4136
4139,4140,4141
4157,4162
4142,4144
2379,4143
4158,4163
4063,4163
4145
4177
2044,4138
3063,4138
4178
4150,4152
4154
830,4154
4042,4154
4156
4158
4158
4159
1938,2626,3164
1938,3164,4160
473,4161
4163
4164
4165
4167,4180,4181
473,4169
1836,4171
4171
473,4172
473,4173
4174
473,4175
4177
2401,4179
4181
4190
4191
3976,4192
4195
4202
4205
2548,4205
2485,2488,4206
2485,2488,4207
4185,4186,4187,4188,4208,4209,4210,4212
2509,4211
4213
4213,4219
202,4213
1713,4214
1687,4215
1714,4214
1715,2241,4214
1715,2240,4214
1678,4217
1678,4216
203,2033,4213
568,4213
4220
698,4221
2401,4223
2662,4224
2663,4224
2303,4225
2401,4254
856,4123
3586,4123
384,2401,2663,4226
4233,4235
2404,4234
1621,4234
4236
4237
4238
691,1962,4240
4241
4243,4244,4245
384,2401,2663,4247
4250
2710,4250
2780,4250
1567,4252
1963,4256
4258
4158
4261
1252,4264
2473,2477,4266
4267
687,4267
4269
4272
4274
4275
142,4275
204,4275
215,4275
389,4275
600,4275
837,4275
1688,4275
2586,4275
2595,4275
3070,4275
3124,4275
4263,4275
3127,4276
4268,4275
3986,4280
3988,4280
4282
1345,4283
4285
4287
4289
4291
4292
4298
4299
4300
4301
4304
4305
1433,4306
561,4308
1468,4308
4307
4307
4309
4309
3071,4310
4311
902,2171,2185
534,4314
3946,4032
3584,4316
2371,2372,3603,3799,4366
3154,4319
3154,4321
3154,4322
1252,3818
1380,3818
0,4324
428,4324
2404,4324
2709,4324
2710,4324
3615,4326
2380,4329
3709,4325
4324,4469
1,3584,3615,4324
1,3584,4085,4324
1,3584,4273,4324
2683,4328
1,3584,4111,4324
3154,4330
4347
129,694,4332
1014,4332
3154,4333
2065,3073
3154,4335
1312,1332,1333,1334
1394,4336
110,4339
241,4340
110,1366,4339
3154,4341
4343
698,4344
129,4349
694,4348
4176
4351
4270
4353
1975,1982,1983,1984,1985,1986,1987,1988,1989
4363
4365
4372
4376,4377,4378
2681,4375
791,4375
2388,4379
2782,4379
2422,4375
4381
4385
4388
4386,4387,4390,4391,4392
4334,4389
2063
2345
2360,2362
2362
858,1558,3383
4409
3000,3001
1707
3627,4425
4419
3655,3695
4422
4424
3310,3327
4455
247,276,2223,3624,3659,3679,3700,3732,3803
3644,3720,3887
3644,3698,4356
3645,3669,3706,3782,3795,3814,3900,4374,4404,4430,4434
3645,3706,3782,3795,3814,3900,3901,4374,4404,4409,4430,4434
4475
3096,4467
3063,4468
2259,2992,4466
1426,4471
708,4470
2222,4473
4474
4477
4478
3060,4478
4480,4481,4482,4483
3578,4479
3154,4485
3154,4487
2728,3447
3547,3548,3549,3550,3551,3557,3558,3559,3560
690,3092
57,2192,3703,3822,3909,4364
112,4501
3721,4383,4440
112,4502
3632,3660,3692,3713,3770,3771
117,4503
3606,3641,3651,3663,3678,3684,3741,3792,3797,3798,3824,3894,3897,4369,4380,4399,4431
3605,3634,3717,3785,3789
122,4505
3708,4384,4495
121,4506
3889,4427,4491
127,4507