248,643
1001,1898
2
2,3200
3,2564
4
2862,2863
3129
3136
132
7
8
132,717,718
228,3138
11
1297
1426
1834,2883
1834,2884
3114
3136
1296,3231
132,718,1647,2366
2671,3289
17,2901
2670,3294
19,2901
1761,1762
21,2901
2040,2041
2313,2668
23,2901
25,2695,3108
25
26
28
29,30
32
32,1994
34
34,2358
34,2359
36
48
50
51
53,2262
54,58
55
54,102,103,1122,2397,2406,2411
55,56
57,1809
713,1727,2176
61,1597
63
64
65
67
66,2095
69,2611
78
51,78
79,2615
79,3168
79,3168
80,1656
80,2705
80,2705
81,1646,1797,2578,2583
81,1646,2578,2583,3146
82
83
89
90
92,680,789,2005
93,94,96,97
92,188,681,789,2005
105
106
107
41,42
44,45,114,115,116,117,118,119
126
127
128,1812
131
131,696
132
132,568,1145,2646
132,2044
141
142,2063
144
146
50,1897,1901,2094
148,2445
149,2445
2074,3116
659,698,2170,2190
2096,3035
154
2629,2634,2642
2625,2637
257,258
181,3213
1009,2181
1008,2182
163,164
158,2542
158,3139
190,888
159,967
159,912
160,927
160,2512
162,2114
160,3177
161,2117
161,2223
159,1023
159,2223
526,1273,3089
3080
167
169,2421
167,3088
168,3049
168,3263
700,3259
676,3007
795,2813,2889
171
171,3068
776,777,778,779,780,781
173,176
174
722,723,727,731,734,737
176
176,1894
178
179
179,679
197,2263
440,1718,1832,2574
440,1832,2574,3221
440,1832,2574,3217
440,1832,2576,3217
440,1832,2577,3217
178,1598,1599
182,1774
178,212
178,1601
183,263
183,264
184,2445
10,183,261
183,265
178,3051
185,2564
185,3048
186,3052
187,233,1917,2141,2826
187,1917,2141,2826,3207
187,1917,2141,2826,3224
179,1840
1145
106,940
106,979
38,40,43,52,89,108,120,121,122,143,219,269,270,318,337,397,398,498,587,599,633,634,636,638,653,722,723,757,764,767,772,815,833,835,903,908,909,910,938,939,942,949,950,955,958,969,981,1030,1034,1035,1123,1139,1528,1578,1766,1783,1799,1861,1863,1864,1914,1966,1997,2029,2042,2046,2047,2133,2167,2172,2173,2187,2189,2203,2218,2259,2261,2340,2353,2354,2361,2398,2424,2437,2443,2554,2696,2711,2739,2741,2742,2748,2790,2825,2834
33,39,111,134,137,139,193,225,230,273,459,460,494,495,534,564,585,586,713,756,758,900,926,951,1121,1708,1709,1710,1748,1754,1777,1784,1830,1927,1930,1951,2112,2165,2191,2192,2193,2194,2293,2295,2296,2299,2317,2485,2493,2555,2562,2565,2655,2656,2697,2821,2823,2839
216,3235
192
469,472
424,2069
196
200
2116,3034
201
201,1778
204,206
207
208
465,466,1602
216
187,1917,2826,3207,3250
216,967,2455,2512
217
218
219
219,1749
221,222,223,224
220,1894
227
228
145,227
146,227
227,2488
230
232
234
234,2672
235
235,2857
236
236,419
237
154,237
241,242
239,3275
235,238
240,2159
243
154,243
244
244,2391
245
245,1604
246,642,2329,2473
247,1959
249
203,205
250,1976
201,345
345,3050
741,2626
739,741,743
741,743
253,392
739,741,743
252,396
176,254
255,261
2644
256,1025
256,2645
259,1025
259,2814
2651
262
266
267
268
272,300,668,669,671
270,2946
271,504
271,503
273
273,274
274
274,309
275,310
270,277
276,669
270,278,280
178,283
281,285,2982
285
286
299,671
4,299
298,299
290,294
288,292
2947,2948
296,297
287,514
667,671
668,671
291,295
286,301
289,293
302,2982
303,304
306
306,309
307
309,310
307,308
309
311
304,313
312,317
312,317,319
314,320,324
312,317,319,320
304,305
317
319
321,322,323
324
325
326
328
328,659
330
330,2426,2558,2591,2594
331
331,1894
332
335
335,796
336,1292
336,1423
339
340
343
344
343,2074
343
2074,3116
346
347
349,351
349
350
351
353
354
355
352,355
357
358
359
361
15,598
369,377
370,378
392
396
399
401
401,3013
402
967,2116,2826,3047
405,471
405,2826
409,411,413,414
407,2574
410,412,415
408,2574
416
416,417
417
419
419,1196
419,659,1197
419,1892
420
421
421,2258
421,2257
185,420
423
423,462
425
426,469
194,426
426,472
964,3274
967,3274
2101,3274
432
433
437
440
442
441,445
443,2901
446
2252,2253
448
448,588
450,451,589,591
448,667
448,670
440,1323
454
455,456
276,454
454,670
458
316,324,458
461
464
468
472
475,1119
477
477,2257
479
481
482
481,940
481,979
483,2305
483,2096,2844
483,2096,2453,2844,2849
483,2096,2453,2849,3212
486
490
491
500,2078,2190
502
503
504
506
506
276,506
506,1191
510,511,512,513
515,516
515
516
449,514
514,672
514,672
508,514
517
518
521,522
177,520
526
526,1271,1273
527,1643
528
531,2498,2500,2502
532,2499,2501
533,3138
531,2498,2500
535,1810,1811
249,536,659
537
538
538,2753
540
542
543,1684
544
544,1042
545,845
546,1042
547,845
548,2605
549,845
550,2606
554
555,845
556,2885
559
2,559
433,701
562,563
315,561
565
565,1925
566
567
568
569
569,573
570,574
571,1510
572,1622
573
573,607
575
576
2417,2567
2566,2567
588
276,588
590,592
588,670
588,2982
593
284,593
406,594
2026,2550
596
597,823
602,605
602,761,818
604,2941
606
537,606
606,1423
608,1518
610
610,2258
611
613
613,1454
614
616
617
618
620,622
619,622
622
623
627
627,1622
631
629,2151
632
644
82,644
659
2162,2163
661,2161
662,3071
348
666
276,666
276,504,666
276,504,666,2282
503,667
509,667
298,666
267,670
507,668
507,667
335
674
675
192,677,2073
1046,1047,1048,1049,1050,1051,1052,1053,1054,1055,1056,1057,1058,1059,1060,1061,1062,1063,1064,1065,1066,1067,1068,1069,1070,1071,1072,1073,1074,1075,1076,1077,1078,1079,1080,1081,1082,1083,1109,1121,2906,2907,2908,2909,2910,2911,2912,2913,2914,2915,2916,2917,2918,2919,2920,2921,2922,2923,2924,2925,2926,2927,2928,2929,2930,2931,2932,2933,2934,2935,2936,2937,2938,2939
192,677
560,682
683,1838
95,680
170,680
172,2564
685
688
690,2448
686,687
693,694
269,270
405,471,1223,2904
282,695
623,3214
696
2156,2943
698
3046,3056
362,3046
363,3046
364,3046
365,3046
699,2580
699,2580
3046,3115
3046,3055
700
700,2882
700,3162
703,3048
703,2100,3048
2752
554,701
701,2713
701,2714
701,702
703,2564
702,913,3261
701,1672
701,1969
701,1923
704
436,2886
707
711,712
709
710
711
712
177,712
177,708
715
1152,2816
715,716
715,2896
717
27,1608,2388
717,1213
722
733
734
741
747
747,2814
748,1885
750
751
748,752
749,753
751,2814
752,1885
1020,2816
755,1695,2177
770
723,727,728
440,782
723,727
722,741
783,1768
3095,3097,3098
915,1896,2873
787
760
790
788,791,1895
486,1689
2794,2812
2776
2780,2782
2779
642,769,838,1031,1032,1033,1162,1746,1841,1889,1932,2327,2328,2351,2362,2363,2367,2368,2369,2370,2371,2420,2459,2460,2489,2518,2718,2726,2732,2734,2786,2792,2854,2871,2872
795,1638
795,2811
796
797
799
800
801
801,802
802
800,804
803,805
804
805
806
809
812
811,814,2959
638,815,2189
816,1894
817
824,1894
561,1763,2966,2967
820,2824
828
829
924
341,342
831,2406
834
836
837
843,1600
171,844
848
846,847
438,846
439,850
858,1810,1811
1905,1906,2569
659,859,860
862,1810,1811
2,1772,1905,1906
659,863,864
697,1905
659,866,869
868,1810,1811
871,873,876
879
879,3299
2643
2649
884
885
886
886,3305
887
886,888
886,889
889,3304
890
894
898
911
912
912,1718
912
361,914,967,3267
914,967,1661,3235
914,967,3235,3267
915
916
919
31,38,40,42,43,59,70,72,73,76,84,100,101,119,122,123,124,130,213,327,329,333,334,338,360,398,480,487,505,580,581,584,601,624,625,626,635,637,639,640,641,705,714,745,775,807,808,857,877,907,950,956,958,960,970,972,978,981,982,1019,1043,1122,1141,1144,1146,1147,1148,1149,1162,1202,1527,1528,1529,1627,1662,1691,1692,1753,1760,1799,1802,1845,1857,1860,1861,1879,1987,2039,2048,2066,2083,2084,2091,2092,2129,2143,2146,2156,2158,2166,2168,2195,2196,2197,2198,2201,2202,2204,2205,2206,2207,2208,2209,2210,2211,2260,2285,2436,2523,2618,2667,2833,2834,2859,2861
47,99,111,125,135,136,137,260,431,454,457,474,545,547,582,588,754,763,765,766,768,773,774,819,821,839,840,900,902,926,1586,1590,1708,1709,1710,1727,1739,1741,1829,1915,1919,1952,2130,2165,2254,2304,2341,2439,2440,2444,2463,2467,2471,2479,2482,2548,2598,2601,2655,2736,2787
923
132,2875
925
927
964,1725
964,3039
931,1248
932
933
935,936
936
940
941
946,1005
946,947
946
947
948
614,616
953,1480
957
177,957
961
964
965
966
967
967,2512
927,967
967,3053
971
973
974
975
976
977
979
1004
943,944
1007
947,1618
151,1005
150,1005
1008,2530
1008,3238
1005,1006
1011,2244
1011,2222
1005,2757
530,1012
1012,2244
1012,2222
1012,2496
1010,1765
1012,2544
1012,3139
1013,2222
1014
1015
1016
1018
1018,1728
1022
1022,1749
1022,1772
1022,2633
1023
1025
1028
1038
1038,1513
822,1027
1110,1679
1085,1086,1086,1089
1084,1086,1087,1088,1090,1091,1092,1093,1094,1095,1096,1097,1098,1099,1100,1101,1102,1103,1104,1105
192,1054
1106,1680
192,2913
701,1682
192,1075
192,1076
701,1677
1114,1115
1112,1674
1112,1665
1114,1670
1666,1667
701,1675
1116,1118
192,1081
1119,1685,1686
476,701
192,1083
1120,1668
1122
1124
1125
1128
782,2965
1129
1130
1131
1132
1133
1134
1135
1135,3002
1140
1141,1144
1144
1145
75,1150
74,1149
1151
1155,1156,1158,1159
177,1157
1160,2525
1159
1017,1127
1166,1182,1476
1168,1176,1473
1169,1174,1177
1170,1174,1178
1183,2863
1184,3267
1171,1179,1471
1172,1180,1474
1173,1181,1475
1185,2246
1189,2246
1167,1175,1472
954,1478,1493
666,1165,2569
1192
1194,1196,1197,1198,1199
1196
1197
1200
1200,1201
2101,3204
1201
1203
1152,1701,2816,3307
1205
1207
1209
1211
1608,1878
1213,2621
1215
1217
1219
1221
1223
1225
1227
1231,1241
447,1194,1916,2831
1229,1239
1233,1236
1234,1236
1234,1237
1234,3059
1229,1240,2537
1229,1240,3133
1229,1240,3132
1229,1240,3135
1235,2750
1236,2751
1238
1238,1615,2536
1239,1617
1239,3285
1238,2793
1241
1242
1243
1243
1244,1247
1245
1844,2144,2718,2719,2720,2721,2722,2725,2727,2728,2730,2731,2733
3122
191,529,678,853,934,1208,1230,1246,1551,1837,1873,2010,2145,2217,2517
1244,1254
1244,1252
1249,2497
1244,1251
1244,3061
1253,1255
1254,1617
1256
1256,1262,1286
1256,1263,1287
1256,1287,3215
1257,2529
1257,3131
1258,1260
1259,1262,1286
1261
1261,1615
1271
1273
1273,3087,3089
1272,2600
526
1457,1510
1457,1507,3066,3067
1275,2527
1275,3129
1294,3129,3136
1276
1276
1277,1284
1278,1286
1279,1288
1280,1288
1281,2538
1281,3246
1282
371,373,376,379,381,383,385,387,614,618,646,648,650,1292,1297,1338,1351,1495,1521,1729,1902,2662
372,374,375,377,380,382,384,386,615,621,645,647,649,1293,1298,1339,1350,1352,1496,1522,1730,2659
468,472,611,842,1194,1362,1371
470,473,612,841,1195,1363,1372
391,393,395,901,1380,2217,2679
390,392,394,900,1379,2216,2680
1283,1615
1285
1285,2750
1289
1290
1289,1290
1292
1293
796,1292
1292,1297
1295,1303,1306
1295,1303,3256
1296,2541
1295,1302
1297
1297,1407
1300
1300,2750
1301,1305
1304
1304,1618
1307
1308,2532
1308,3240
1311,1615
1293,1298,1350,1352,2659
1295,1357,2662
841,1584,1587,1589,1591,2832
842,1583,1586,1588,1590,2831
1307,1314
1307,1313
1309,1489
1310,1615
1312
1312,2750
1314
1315
1315,1320
1316,1441,1444
1316,3179,3180,3184,3185
1317,2456
1317,2539
1317,3187
966,1318
927,1319
1319,2513
1319,3177
1317,3189
1315,1440,1443
1320
1316,1440,1443
1321
1322
1323
1325,1328,1332
1329
1330,1334,1337
1334
1326,1334,1336
1335
1336
1337
1338
77,1339
76,1340
1342
1338,1345
1343,1347
1344
1338,1344
1344,1470
1345
1345,1470
1346,2461
1347
1348
1348,1387
1348,1388,1391
1349,2538
1349,3246
1352
1353
1354
1355
1356
1351,1902
1357,1362
1357,1371
1359
1360
1361
1361,1374
1359,1374
1359,1378
1362
2888,2986
1358,1373
1367,1546
1366,2696
1365,1886
1365,1886,2696,3161
1368,1542
1368,3023
1369,2705
1368,3106
1362,1364
1362,1371
1370,1379
1371
1373
1374
1375
1375,1452
1378
1379
1381
1382
1382,1387
1383,1619
1383,3193
1384,2538
1384,3136
1382,1391,1405
1385
1385,1615
1386,1391
1391
1392
1392,1397
1393,1443
1394,1445
1395,2531
1395,3239
1396,1615
1398
1398,1403
1286,1399
1287,1398,1405
1287,1398,3175
1400,2223
1401,2538
1401,3246
1402
1402,1615
1391,1403
1406
1398,1406
1407
1299,1303,1414
1299,1301,3178
1409,2538
1410,2541
1409,3231,3246
1299,1301,1413
1411
1411,1618
1415
1387,1415
1416,2530
1390,1415
1416,3130
1404,1415
1391,1405,1415
1417,2538
1417,3136
1418
1334,1335,1419
1420
1287,1389,1420
1421,2530
1421,3130
1386,1420
1286,1422
1423
796,1423
1424,1427,1510
1424,1428,1509
1424,3181,3225
1425,2527,2538
1426
1426,1615
1381,1437,1443,3184,3216
1432,2544
1432,2456
1432,3187
1432,3139
1436,1443
1438,1443
1434,2564
1434,3190
1381,1437
1435,1440
1437
1439
1439,1615
1442
1442,1620
1447
1448,1450
1449,2038
1451
1451,2189
1452
1376,1452
1373,1377
1453
1453
1454,2255
1454,2423
613,1455
611,1453
613,1456
796,1292
1305,1457
1304,1457,3067
1458,2541
1458,3137
1457,1512
1305,1427,1457
1306,1428,1457
1294,2527,2538
1305,1457,1510
1306,1457,1511
2535,2541
1459,3129,3137
1378,1462
1373,1460
1461,1463,1464
1465
1359,1465
1378,1466
1467
1468
348,1468,1469
1469
1469,2487
1469,3113
1467,1469
664,1467
1447,1479
1477,1480
1479
617,1618
1481
1307,1481
373,1351,1495,1521,1902,2662
374,1350,1352,1496,1522,2659
88,377,578,832,891,1707
87,379,577,892,1706,2960
1481,1489
1313,1482
1483,2506
1443,1482
1484,1615
1485,3184
1486,2540
1486,3248
1487
1487,1618
1490
1490
1491,1494
1480,1492
1494
1495
1497
1498
1501,1503
1495,1504
1495,1506
1500,1508
1499,1510
2758,3222
1500,1510
1504
1506
1504,3302
1291,1510
1507
1508
1507,1616
1513
1513,1519
1443,1514
1444,1514
1517,1565
1444,1515
1516,2544
1516,3139
1516,2105
1518
1518,1615
609,2737
1520,2538
1520,3136
1523
1443,1523,1526
1446,1523,1526
1446,1523,3196
1524,2547
1524,3241
1525
1525,1615
1664,2891,2969
1532,1594
1533
1534
923,3282
1536,1974
347,1537
1542
1543,3078
1542,1544
1543,3079
1543,3077
1549,2975
1542,3077
1542,3079
1542,3078
1544
1544,3077
1544,3079
1544,3078
1545
1546
1546,3004
1546,3006
1546,3005
432,701
1552,1553,1554,1557,1559,1560,1561,1562,1563
1554
1554,1561
3033,3114
1561
1561,2708
1563
1564,1566
1567
110,1032
1215,1615,1803,2137,2527,2780
717,1573
1567,1931
1567,2763
1567,2781
1568,1571
794,1032,1567
1574
1563,3134
1576,2755
812,1572
1577,2993
793,1567
885,1567
1554,1567
1567,2002
1567,2160
1567,1570
1579
1580,1588
1581,2999
1593
1593,3195
1595
1192,1596
183,854
183,848
183,855
1956,1963
1604
1605
1607,1691
1580,1592
1609,1776
1582,1590
1583,1590
1186,1430
1190,1433
968,1612
1612,2244
1612,2458
967,1613
1187,1431
1188,1429
1338,1351
1341,1354
1340,1355
463
1615
1615,1618
2890,3286,3303
1618
1619
1620
2874,2890,2984,3286,3303
1620,1621
1620,2221
1620,3186
1616,1733
1616,2037
1624
1628
2795,2796,2797,2798,2799,2800,2801,2802,2803,2804,2805,2806,2807,2808
1630,2339
1631,1956
1629
1632,2718
1633,1634
1635
1636
1638
1639
1648,2708
1659,2705
1659,2705
1656,2613
1650,2613
1652,1655
1652,1654
1646,1656,2578,2583,3146
1640
1647
1651
1653
1653,2613
1653,3318
1659
1660,2783
1665
1668
1669,2752
1114,1671
1673,2752
1112,1673
1113,1676
1678
701,1678
1679
1680
1681,2913
1683
1685
1686
1687
541,1688
1689
788,1694,1895
2858,2859
1696
1697
1698
1699
1700,2435
435,952,1776
1703
1703,1836
1704
689,1704
1705
692,1705
1713
1714
1715
1716
1716,1749
1716,3013
1718
623,1718
9,1720
916,1722
1723
1724
1725
1726
177,1726
1193,1610
1728
1729
1507,1731
628,1732,2036
1622,1729
1733
1622,1623
1738,1740,1741
192,1736
1743
1744
1745
1747
1749
1749,3272
1751,1752
1611,1751
961,1749
401,1749
1757
1758
1759,2677
1761
1761,2992
1763
576,916,1763
1765
1766
1004,1766
1968,1970
1767
1768
1769
1770
1771
1772
355
849,850
1776
1778
1782,2261
1778
251,1780
1778,2881
1785
1786
1788,1790
1789,1791
1790
1791
1792
1790,1792
1793
1794
1795,2521
1796,2705
1797
1798
1800,1804,1805
1806
1801,1806,1807
1799,1803
1812
1812,1986
1813
1810,1811,1814
249,659,1815
861,865,867,1816
920,921,922,1817
1821
1821,1976
132,1822
1821,1994
1823
1825,1826
1793,2705
402,1831
1735,1737
1112
192,2073,2997
1044,1045
464,1835
1835,2989
1835,2990
2073,2998
1044,1045
1044,1045,1614
1839
197,330,1833,2591,2594
1845
1846
1865,2961
666,1866
418,852
829,1867
787,1868
1868
1870
1871
1872
1874
1875
1885
1885
1892
312,317,319,320,324
1893
1894
1896
113,147,830
830,2847
113,830
1898,2262
1881,1882
157,1887
156,1887
1887,2877
1888,1891
50,1897,1900
1890
1903
1907
2650
1908,2814
1909
1910
1911
1917
870,1921
1164,1922
1923
870,1924
1926
1925,1926
1929,2699
1928,2698
1931
1934,1939,1943,1947
1935,1940,1944,1948
1938,1942,1946,1956
1936,1941,1945,1949
0,1937
1950
660,785
1954,2338
1953,2338
1953,2338,3103
247,1957
1958
1798,1958,2695
1953,2338,2794,3103
598,1960
1953,3101
598,1961
1958,2695,3109
1958,2695,3108
1963
2006,2338
1963,1964
1955,1965
1026,1690
1690
1842,1843,2306,2788,2789
1971,1972
1973
1974
1975
1976
1977
102,175
1978,1984
189,1161,2568
1977,1979
1980
1981,2261
347,1982
1983
1977,2560
1985
770,1985,2552
770,1985,2955
1986
1988
1989
1990
1991
1991,2983
1992
1773,1992
1994
2000
1606,2001
2003
2004
18,20,22,24,444,2664
1614,1834
583,2005
2007
2008
2009
2011,2014,2016,2018
2011
784,2599,2853
2013
2011,2012
2014
2014,2387
2015
2016
784,1608,2570,2853
2016,2017
2018
717,2018
2019
2027
2032
691,2032
2033
2034
1734,2034
2037
1615,2037
2040
2689
11,2749
2044
2045
2051,2054
2050
2050
2050,2053,2056
2051,2054,2057
484,2052
2053
2055
1824,1993
1273,1646,2059
2060,2587
2060,2587
2058,2349
344,2061
1646,2062
1273,2061
2063
2064
2065
2067
2903,2905,3003
195,2067
2067,2068
2070
2071
2072
2073
2075,2126
2075
2075,2095
2085
1002,2086
2087
1002,2088
1002,2090
2089
2094
2095
2096
2098,2099
1749,2097
2106,2107
2108,2114
2100,3226
2113,2119
2105
2100,2941
553,579,1998,2109
2111
2114
2115,2117
2117
2120
2120,2122
479,2121
2110,2120
2125
2094,2095
2127
2128
2171,2174
700,2175
659,2131
177,2132
2137,2140
2138,2139
2137
2137,3195
2137,3039
2140
2144
2152,2153,2154
194,630
2156
2157
2159
2160
2164
2170
2177
2178
2180
152,2280
2181,2449
153,2280
2186,2280
14,2280
247,2183
2280,3014
2280,3015
2184,2223
2184,3223
2184,3139
2184,2544
1618,2180
2185
2189
2190
2199
2212
2213
2214
2215,2284
2216
2219
2220
2221
2224,2226,2228,2230,2232,2234,2236,2239,2241,2243,2245,2248,2250
2222
2223
2237
623,2237
2240
2244
2223,2244
2246,3206
2244,3253
2223,2225,2227,2229,2231,2233,2235,2238,2240,2242,2244,2247,2249
2255
2257
2258
2261
706,828
2080,2081,2082
2264
2265
2266
2267
2268
2269
2270
2271
2272
2273
2274
3091,3103
3163,3166
3029,3031,3032
2276
345,3050
3276,3277
2277
798,1152,1702
527,1659
719,724,729,732,735,738,740,742
720,725
721,726,730,733,736,739,741,743
721,726
1005,2179,2278
2281
519
2283
1827
2261,2284
2031,2302,2346
940,2304
979,2304
484,2050
2307
2308,2310
1605,2309
2311
2313,2668
2312,3292
940,2314
979,2314
2317
2318
5,2318
2321
2322
2325,2326
2330
2331,2335
2332,2336
2333
2333,2337
1002,2334
177,2333
2339
2348,2613
3320
2347
2348
2349
2350
2352
2354,2356,2357
2358
2358
6,2358
884,2358
1750,2355
177,2355
2364
2365,2720
2377
404,1764
2378
2379
2384
2385
2387
2323,2324
2389,2898
2307,2315
2325
659,700,2390
2391
2381,2382,2383
659,2393
2394,2633
659,2399
2400,2873
2401,2404
659,2402
1896,2003,2403
659,2402,2873
2405
2412
2451,2452
940,2415
979,2415
2416,2427
2418
2418,2613
2418,3318
642,2473,2892
0,3124
2422
2423
2425
2426
2426,2558
2428,2429
2428
2430,2431,2432,2433
2434
2435
2441
2442
2445
2446,2448
2447,2626
2449
2450
967,1917,1920
2454
2456
2457
1530,1531
2246,3053
967,2223
2461
434,2468,2469
2463,2465,2466
701,2464
2462,2569
2470
2472
2472,2752
2474
2475
2476
2476
2414,2477
2478
2478
929,1725
2487
2488
2490
2494
2495
2498,2502
2498,2502
2498
2499
2500
2502
2503
2504
2505
2507
2508
2509
2510
2511
2512
2513
2447,2633
2516
2520
2524,2526
2533,2534
1250,2533
2527,2536,2538,2541,2542
2527,2538
2527,2538,2541,2542
2527,2538,2546
2533
3237,3245,3247
2536
2538
2538,2542
2538,2546
67,488,905,1141,1557,1819,1995,2117,2344,2502,2527,2837
875,1037,1276,1324,1331,1407,1495,1716,1720,1729,1850,1852,1855,1859,2034,2148,2411,2610,2616,2835
68,489,906,1142,1558,1820,1996,2118,2345,2503,2528,2838
874,1036,1282,1327,1333,1408,1496,1717,1721,1730,1849,1851,1854,1858,2035,2147,2410,2609,2617,2836
199,210,215,389,497,895,897,899,1041,1626,1884,1913,2124,2150,2374,2376,2515,2745,2869
1195,1412,1505,1876,2409,2679
198,209,214,388,496,894,896,898,1040,1625,1883,1912,2123,2149,2373,2375,2514,2744,2868
1194,1411,1504,1877,2408,2678
2541
2542
2543,2545
2546
368,1266,1268,1270
367,1265,1267,1269
841,1488,2023,2025
842,1487,2022,2024
2527,2538,2543,2545
2549
659,2549
2550,2735
2654
1554,2551,2600
2546,2551,2600
2654,2724
2551,2897
2551,2894
1554,2551,3268
2551,3086
1554,2551,3086
2546,2551,3086
2556
2557
2558
2492,2556
2559
1144,2559
2561
2564
180,2416,2427
31,42,59,62,70,72,73,76,84,100,104,109,119,130,213,269,270,327,333,360,398,480,505,581,584,601,624,626,639,656,705,714,745,775,807,808,825,857,878,939,945,956,960,972,978,982,1043,1122,1123,1141,1144,1148,1149,1162,1202,1528,1529,1802,1845,1860,1879,1958,1987,2039,2048,2077,2083,2084,2092,2129,2146,2156,2158,2166,2195,2196,2197,2198,2201,2202,2204,2205,2206,2207,2208,2209,2210,2211,2260,2261,2372,2395,2396,2401,2404,2407,2437,2438,2523,2833,2834,2858,2859
33,71,86,99,125,136,193,306,447,454,457,474,478,545,582,588,651,652,754,756,763,773,819,833,848,851,900,904,961,1107,1108,1111,1163,1264,1540,1541,1586,1727,1742,1848,1903,1919,2030,2043,2079,2216,2252,2287,2289,2290,2292,2294,2297,2298,2300,2301,2303,2304,2341,2342,2343,2435,2439,2444,2467,2469,2472,2482,2563,2630,2654,2655,2752,2934
2569
37,91,108,112,192,219,331,334,499,519,523,524,566,595,600,637,641,646,656,731,759,762,815,826,893,903,942,945,970,1136,1137,1138,1527,1627,1691,1720,1753,1756,1763,1766,1856,1933,1958,1967,2020,2028,2029,2032,2077,2085,2169,2244,2256,2285,2286,2291,2340,2486,2519,2602,2618,2696,2833
26,46,47,60,71,85,98,133,138,139,140,229,273,403,434,452,453,458,474,492,493,495,525,534,539,547,554,564,654,655,744,746,758,839,902,962,963,1039,1126,1163,1582,1583,1585,1590,1663,1704,1710,1711,1712,1739,1818,1847,1853,1862,1869,2021,2030,2043,2093,2134,2135,2142,2251,2253,2293,2296,2316,2319,2419,2480,2481,2482,2483,2484,2485,2490,2491,2553,2555,2595,2652,2653,2656,2657,2678,2697,2736,2738,2787,2821
912,1718,1765,2522,2860
422,428,429,2573
467,2574
1797,2578,2583
2582,3070
211,2585
1797,2578,2583
2809,3278
2588
2589
2590
1654,2590
1655,2590
2592,2593
2594
2596,2666
1274,2597
2600
1274,2470
2887,2955
2603
2604
180,2575
2605
2605,2885
2607
232,1593,2607
2607,2826
92,680,2005
2612
2612,2710
3318
2614
2619
2096,2619
155,232,2620
155,2620
2621
2623
1767,2624
2622,2630
961,2628
2279,2754
2626,2627
2631
1021,1029,1153,1608,2392
12,13
400,1749,2633
2402,2633
872,2633
13,2638
2635,3011
2636
923,2636
26,961,2641
2630,2638
684,786,1772,2996
2639,2640
980,1603
2643,2649
2647
2645,2648
2649
2654
2658
2660
2661,2678
2661,2678
2663,2901
17,19,21,23,443,2663
2668
2669
2670
2671
2672
2673
2617,2675
2616,2676
2672,2674,2678
2678
2681
2681,2687
2682
2682,2691
2683
2684
2313,2669
2687
2688
2673,2688
2685,2687,2690
2692
2683,2692
2693
2684,2694
2665,2700,2704
1637,2665,2700
2695
2696
1658,2701
2701,2705
2701,2900
2703
1794,2703
2613,2703
2703,3318
2705
1781,2705
527,1641
2613,2705
2705,3023
2705,2970
2705,2971
2707,3075
2705,3027
2705,3028
2705,3062
2705,3064
1903,2634
430,2715
2713
2714
2716
1893,2717,3307
2613
501,2712
2718
2723,2729
2735
2737
2746
2556,2746
2557,2746
2558,2746
2747
2749
1977,2749
2750
2890,3286,3303
2752
72,73,112,123,124,192,331,334,480,519,524,566,600,625,626,637,639,640,646,656,705,883,893,907,942,959,970,1019,1136,1202,1527,1753,1760,1763,1766,1828,1856,1857,1967,2020,2028,2032,2085,2091,2155,2169,2188,2244,2256,2285,2286,2519,2602,2618,2667,2861
46,47,85,133,135,137,140,403,431,434,452,453,458,474,492,495,525,539,545,547,554,582,654,655,658,774,839,840,902,904,926,962,1039,1583,1586,1590,1663,1704,1711,1712,1739,1741,1818,1829,1915,1999,2021,2134,2142,2216,2251,2288,2319,2320,2444,2463,2467,2471,2479,2482,2490,2491,2548,2555,2563,2595,2653,2657,2736,2738,2787,2821
2747,2749
983,984,985,986,987,988,989,990,991,992,993,994,995,996,997,998,999,1000
49,231,678,810,937,1206,1210,1212,1216,1218,1220,1222,1224,1226,1228,1535,1551,1569,1575,1880,2010,2200,2360,2386,2413,2856
1232,1242
1502
2223,2758
361,2759
2502,2758
2530,2758
2758,3238
2758,2760
2761
2763
2777,2778
2781
2782,2785
1646,2782,2785
2791
2793
2380,2762,2764,2765,2766,2767,2768,2769,2770,2771,2772,2773,2774,2775
1656,1781
888,2810
2812
792,2794
2814
2815
598,1556
366,2817
2756,2818
2820
2819,2821
2826
2826,2828,2830
427,2095,2826
2828,2830
2831
771,2840
2841
314,2841
320,324,2842
2843
1904,2843
35,226,657,1918,1919,2848
485,3174,3192
113,924,2846
2850,2851,2852
196,2095,2305,2845
2855
2857
3231
2863
181,2864
2864
2865
1024,1154
2870
2873
155,232,3037
1650,3318
1555,2879
1644,2876
834,2348,3318
355,834,2348,3318
1642,1646,2580
1642,1646,2578,2583,3146
1555,2880
1645,2876
834,2348,2613
355,834,2348,2613
2103,2962
36,159
159,361
159,623
159,964
159,965
159,1718
159,2450
159,2474
159,2475
159,2500
159,2507
159,2564
159,3172
159,2114,2117,3172
159,2117,3172
159,3176
665
335,1614,1834
2885
2887
2889
598,2281,3117,3140
2893
2894
2895,2897
2897
2898
1152,1701,1775,3307
1813,2899
2702,2704
183,856
183,3058
2564,2940
2940,3048
2136,2941
2095,2827,2941
2095,2941,3074
2941,3171
2945,2949
2944
63,787
2950
2261,2951
347,2952
1203,1204
1028,1755
632,2953
2866,2867
2348,2350,2954
2954,3268
2954,3086
1554,2955
129,3310
1539,3310
1793,2956
2590,2956
1274,2957
1561,2958
527,3317
813,2993
2649,2814
880,881,882
2572
2968
2972,3078
2972,3079
2705,2972
2707,2709
2784,2974
1656,2783,2979
1656,2979
2705,3024
2784,2978
2587,2977
2587,2976
1547,2973
3023,3078
1548,2974
2980
2981
270,279,280
2983
1581,2831
2631,2963
2791,2985
2686,2991
1,677
673,2997
1907,2794
2999
3000
3001
3002
1899,2877
156,1899
157,1899
3007
3008
3009
3010
26,3012
3013
603,3235
2322,3016
2826,3235
3017
3017,3126
927,2095,3018
2095,3018,3219
2100,3019
1546,3023
2705,3023
3114
3119,3160
3119,3167
3084,3085
3023,3077
3023,3079
3030
3033
3033,3114
3034
3035,3036
3039
3040
2095,2829,3044,3209
3044,3171
2095,2305,3044,3171
2049,3041
232,2095,2829,3044
930,2095,2829,3042,3209
2095,2829,3045,3209
232,2095,3044,3203
3040,3126
928,3042
2136,3043
930,2136,3042
2827,3044
2095,2608,2827,3044
2095,2827,3045,3170
2095,2827,3026,3044
2095,2827,3044,3170
700,3258
3050
2672,3210
3118
1778,3050,3054
1797,3057
527,1797,3057
2826,3047
3077,3151
3079,3151
3078,3151
3062
1656,3062
1646,2587,3063
1646,2578,2583,3063,3146
2705,2709
3062,3077
3062,3079
3062,3078
2125,3065
3038
3096,3099
3069
3143,3148,3205
3142,3145,3152
3107,3112
3020,3021,3022
3035,3249
3072,3073
2707,3075
698,3076
3004,3161
3005,3161
3006,3161
2076,3082
2095,3081
3083
3085
526,1273,3089
526,1649,3089
3090,3092
3092
3093
3094,3096
3096
3099
3101
2339,3101
1956,3103
3103
3108
3109
3110
3110
3111
3113
3114
3115
3116
3117
3119
3120
3121
1798,2695,3123
2695,3108,3123
3125
2822,3125
968,3211
911,3194
827,3127
1917,3194
2843,3128
2052,3128
3129
1248,1250
1248,2111,2561
1250,3243
3129,3136
3129,3136,3137,3188,3229
3129,3137
3129,3230
3136
3137
3139
3233,3234
3229
3033
598,3140
1242,3141
3147,3149
3142
3158
3144
3153
3153
201,3154
202,3154
1778,3155
1779,3155
2705,3156
1657,3156
2581,3157
2579,3157
2580,3157
2706,3156
3159
3160
3161
3162
3164
3165
3167
3169
1234,3060
196,2095,2305,3173
3182,3183
3236
3229,3246
196,2095,2305,3191
3194
929,3194
2095,3197
2140,3198
427,2095,3199
2571,3202
3204
195,1719,3208
3211
3214
3218
3226
3227
3229
3231
3231
3231,3236
797,3232
1293,3232
3235
3236
3242
3228,3237,3247
3237,3244,3247
3236,3246
3227,3236,3246
3229,3236,3246
3242
3236,3246
1424,3181,3225,3236,3246
3246
3246
3228,3247
3228,3247
3227,3246
3231,3246
3251
185,3252
888,3254
3255
3257
700,3260
1808,3262
3100,3262
166,3262
1962,2339
940,2994
979,2994
2307,3264
3104,3264
3105,3264
3265
1787,1808
2339,3266
2101,2102,2104
2223,3201
165,3102
1143,3164
3269
551,557
552,558
2564,3270
3048,3270
2140,3271
3251,3271
1117,1835
1835,1839
917,2262
918,2262
1002,1003
1002,1003
194,913,2275
181,3220
3275
3025,3140
3039,3255
3195,3255
3279
3078,3150
1550,3150
3079,3150
3281
3288
3287,3289
2586,3290
3291
2743,3293
3297
3299
3302
1693,2740,2942,2964,2987,2988,2995,3295,3300
2902,3273,3280,3284,3296,3298,3301
3306
3321,3322
2631,2632
1213,1214
16,3309
1975,3310
1812,3310
1653,3312
1274,3313
1555,3314
2065,3312
1579,2065,3311
834,2348,3312
663,3316
3283,3315
356,3315
2703,3312
1538,3310
2612,3308
527,2878
1656,3318
2348,3318
2705,3318
1646,2578,2584,3146,3319
1646,1797,2578,2584,3319