2370,2570
2847,2850
1672,2096,2098,2099,2100,2101,2102
7,1235
8
2849,2851
12
13
98,418,419
398,1114
397,1115
14
98,419,1029,1561
15
2407
16,17
16,17
1441,2129,2130,2138,2188,2189,2226,2354,2382,2388,2395,2771,2786,2793,2839
18
915,1398
19
11,573,1574,1575,1576,1577,1578,1579,1580,1581,1582,1583,1584,1585,1586,1587,1588,1589,1590,1591,1592,1594,1595,1596,1597,1598,1599,1600,1601,1603,1604,1605,1606
20,2398
21
21,1391
24,25
23,2415
23,2418
26
28
29,939
29,180
30,238
31
31,1152
32
32
33,336
34
35
38
39
42
43
44
44,2108
46
46,165
47,908
48
48,321,763,1901
49
50
1690,1691,1692
52
56,976
1193,1870,2688
59,60
58
61
61,1447
62
778,779
1679,2449
778,1679,2449
96,341,415,482,485,488,491,494,721,1038,1200,1356,1727,1796,1798,1802,1826,1829
95,340,414,481,484,487,490,493,720,1037,1199,1355,1726,1795,1799,1801,1825,1828
732,968
779,1446,2456
968,1505
1679,1682
1451,1460
2240,2296,2304
2241,2297,2305
64,344,768,1981
51,2048
66,67
69
71,72,74,75
76,77,78,164
73,2181
77
79,80
79,960
79,1611
79,1612
408,2066
82
83
84
40,41,86,87,88,89,90,91
98
99,101,737
100,2177
102
98,1411
103
1273,1549
108
109
111,112
831,990,1143,1278,1625
48,1224,1229,1445
2517,2518
114,119,159,1509
116,2456
115,2198
116,1446,1469
115,731
115,2497
118,1458
117,783
612,891,2521
123,130
124,126,129,131,161,2603
120,121,122
125,731
125,1446,1469
125,2456
125,2497
128,1458
127,783
641,891,2522
650,891,2523
133,141,142,143,152
134,135,136,137,138,139,140,151
144,145,150,153
146,1446,1469
146,2456
144,145,150,153,2604
147,731
147,2497
149,1458
148,783
132,134,135,136,141,143
701,891,2496
2639
2113,2114
154,155
156,731
156,1446,1469
156,2456
156,2497
158,1458
157,783
2519
2520
160,2495
465,1126
165
47,909
166,1221
168
169
171
172
173
174
176
175
178
177,183,185,186,409,822,823,825,912,985,1120,1139,1220,1503,1511,1757,1867,1872,1878,2065
179,187,2373
181,236,1263,1471,2035
84,289,2380
759,868,1477,1541,1871,2047,2048,2063,2375,2380,2787
2847,2850
2847,2850
187
188
189
190
191
192
193
194
194,1494
195
196
198
2205,2232,2748,2775,2840
231,2283
55,57,570,1036,1418,1700,1833
232,1090
233
233,2248
2110,2288,2779,2800,2858
182,235
237
94,201,1457,1461
9,10,812,907,963
248
1815
255,848
256,848
1818
257
257,258
258
260
260,388
260,388
261
262
263
264
266,268
266
267
268
269
270
271
271,1398
271,1398
272
272,780
274,2108
276
278
280,381
283
284
285
286
287
77,287,2380
77,1387
289
281,292
289,1102
289,2380
73,102,296
289,2062
237,297
298,1689
302,2380
73,102,301
303
304
305
306
306,2097
307
308,763
308,806
309,1447,2070
309,1447,1676,2070,2077
309,1447,1676,2077,2622
311,365,366
313
313,314
314
277,315
317
318
319
318,320
880,1557,1566,1567,1808,2583
322
323
324
325
325,327
325,502
326
2227,2321,2796
328
335
335,931,932
1677,1678
344
345
346
346,1654
351
2233,2422,2803
351,352
353
355
355,1369
356
356,848
357,849
358
358,1195,1420
359
359,957
360
361
362,441,478
364
366
367
2792
368,399
371,1539,1689,2103
378
378,380
380
384
2376,2738,2857
384,387
384,385
388
391,393
389,392
270,390
1261,1262
397
397,741
265
369,370
400
401
338,339
989,1143,1278,1625
403
766
913,914
1007,1008
763,1524,2088
374,479,480,1539
405,1810
410
411
413
417
418
418,1235
423
432,436,1011,1015
433,437,1012,1016
434,438,1013,1017
431
431,1322
431,1324
431,1335
435
435,1322
435,1324
435,1335
440
442
442,477,1518,2380
1744,2583
1273,1549
1273,1375,1549
446,448
445
447
303,444,838
449
450
412,1473
452
1809
424,425,426,427
461
462
407,463
471
462,470
468
466,467
470
400,470
472
473
307,472,898
474
475
476
477
496
497
498,866,1711
1194,2273
500,501
4,5,1237,2360,2361
420,527,1403,1565,1671,2040
464,504
307,504,523,898
505,2115
505,2806
307,507,523,898
307,509,523,898
307,508,523,898
307,506,523,898
307,513,523,898
307,514,523,898
307,515,523,898
307,517,523,898
307,518,523,898
307,519,523,898
307,520,523,898
307,516,523,898
516,1123
503
307,503,523,898
307,521,523,898
307,522,523,898
523
328,531,532,533,2060
1204,1847,2053,2056
329,330,331,333,334
1273,1375,1549
546,547
868,958,1215,1225,1393,1477,1479,1541,1607,2047,2048,2063,2641,2787
549
845,847,904,2257,2261,2262,2265
845,847,904,1545,1546,1921,2257,2262,2265
2226,2742
550,2400
746
552,556
555,559
553,557
554,558
560
561
564,565,566,567,568
1710,1743
571
572
288,574
577
578,584
1879,2197
593,595
592,594
117,781
604
604
606
610,612,891
607,608,609
606
578,582,584,585,586,587,588,590,591,810
614
627,629,631,633
626,628,630,632
622,649
621,648
616,618,620
615,617,619
127,781
623,624,640,652
625,1880
579,614,642,891
639,641,891
584,588,591,643
641,730
637,638
634,644
580,589,653
650,651,891
645,646,647
655,660,662,664,674,678
656,659,661,663,673,677
658,674,676,678,697
657,673,675,677,696
682,684,686,688,690,692
683,685,687,689,691,693
654,679,681,700
680,1881
660,662,664,666,668,670,672,695
659,661,663,665,667,669,671,694
148,781
698
699,701,891
578,581,582,583,584,585,586,587,590,591,810
706
706
703,705
702,704
707,1427
157,781
716
716,2773
716,2788
719,2299,2307
718,2300,2308
537,540,774,1707
536,539,773,1706
723,725
724,726
209,734,1094,1095,1099,2317,2799
727,728,729
728
730
731
731,733
735
1192,2175,2697
735,736
738
739
740
741
738,2380
769,806
167,745
98,2112
747
167,743
167,748
749,751
752,754
753,1235
755
757
758
759
760
761
763
764,765
767
770
776
778
97,1358,1797,1800,1803
780
780,1705
756,780
782,1460
757,780
786
787
788
789
790,791
790
791
791,792
1121,2302
793
794
798
806
807
808,2780
809
742,821
821,2281
933,949,2272
824
826
826
828
828
835
829,1135
826
830,1135
831
832
833
834
837
838
839
1186,1667,1832,1906,1944,2664,2665
379,840,1944,1958,1977
841,1271
918,1186,1667,1832,1906,1944,2833,2834
1186,1667,1832,1906,1944,2833,2834
379,842,1944,1977
843,1271
842,1391
910,918,1909,2737
918,1865
470,974
847,2257,2261,2262,2265
847,1545,1546,1921,2257,2262,2265
847,2257,2261,2262,2265
413,910,1953,1959
458,847,1222
379,969,1543,1843,1905,1909,1937,1938,1939,1940,1944,1946,1947,1949,1952,1953,1955,1959,1960,1963,1964,1966,1967,1968,1969,1971,1975,1977,1978,1980,1993,1994
379,842,969,1543,1843,1905,1909,1937,1938,1939,1940,1944,1946,1947,1949,1952,1953,1955,1959,1960,1963,1964,1966,1967,1968,1969,1971,1975,1977,1978,1980,1993,1994
328,847,2060,2265
848
205,404,1390,1759
851,852
2134,2681,2758,2838,2855
777,853,1006,1267,1791,1792
854
855
856
857
858
860,862,864
861,863,865
866
866,2238
1557,2172
798,874,1552,1804,1805,1806,1808
869
364,443,476,543,548,569,1273,1553,1794,1807,1860
364,443,476,543,548,569,1273,1375,1554,1794,1860
364,443,476,543,548,569,1273,1554,1794,1860
364,443,476,543,548,569,1273,1375,1554,1794,1860
364,443,476,543,548,569,1273,1408,1553,1794,1807
364,443,476,543,548,569,1273,1375,1408,1554,1794
395,867
873,1806,1808
364,443,884,1273,1408,1554
476,548,569,871,1794,1808
476,548,569,1794,1808,1859
798,876,1551,1804,1805,1806
798,875,1552,1804,1805,1806,1808
872
798,876,1552,1804,1805,1806,1808
364,443,476,543,548,569,1273,1375,1408,1554,1794
874
877
882
798,877,1552,1804,1805,1806,1808
878,1552,1808
798,879,1552,1804,1805,1806,1808
881,1552,1804,1805,1806,1808
882,1552,1806,1808
883,1552,1808
880,1552,1808
880,1552,1808
880,1557,1808
885
887
888
889
2050,2051,2052,2054,2055,2057,2058,2059
890,1398
891
901
98,717,899,1359,1492
98,717,899,1360,1492
239,898
899,965,1787
901
902
903
904
892,893,894,895,896,897
839,2380
510,511,512
744,750
854,1904,1962
915
916
917
918
919
920,1811
922,927,2578
922,927,2579
923,1856
924,1857
925,1018,1717
926,1019
926,2813
928,930
929,1019
933
934
935,937,938
939
936,939,940
940
947
2121,2295
947,948
949
950
951
2767,2768,2801
951,952
1538,2378,2798
955,956
953,954
2124,2287,2311,2698,2797
958
190,887,959,1215,1489,1541,2047,2049,2063,2641
959,2269
962
964
965
966
967
1358
969
968,969
970
3,970
971
921,971
965,971
971,1370
972,974
973,2386
919,975
977,979
978,1109
574,982
984,1464
363,984
984,1446,2540
984,2602
984,1468
978,1138
980,981
576,982
575,982
983,1751
983,2498
759,868,1477,1541,1871,2047,2049,2063,2375,2379,2787
987,1089
1089,1619
1089,1525
827,916,1146,1510
989,1143,1278,1625
991,1143,1278,1625
990,1143,1278,1625
992,1143,1278,1625
993
995
2067,2167
22,2067,2831
994,2067,2831
996
312,996
275,997
275,998
366,996,2612,2630
999,999
999,1191
1000
1001,2611
337,1002
499,1003
1004
273,1005
1005,2611
917,2315
961,2269
941,944
943,945
942,946
73,102,289,2380
73,102,302,2380
813,814,815,816,817,818,819,820,829,830,1143,1278,1352,1413,1421,1424,2680
1009
326,1009
1010
1010,1322
1010,1324
1010,1335
1014
1014,1322
1014,1324
1014,1335
2132,2210,2764,2802
1020
1021
2110,2132,2288,2764,2802
1021,1022
1023
1024
1025
1026
1027
1028
1034,1284
1764,2660
1020,1764,2660
1085,2618
1086,1724
1087
1088
21,1088
1089
958,2092,2315
1096
1097
1098
1098,1658
1102
1103
1104
1097,1106
1107,2320
1108
1109
1110
386,1110
1111
1112
350,1113
350,741,1113
1118
1809
413,1953,1966,1970,1976
276,406,451,918,1480
1102,2380
781,1134
1122,1123,1124
464,1362
1127,1129
1131
1128,1130
455,457
272,1132
782,1132
1133,1459
781,1132
1132,1469
1132,1680
1132,2623
1132,2624
1132,2456
1135
1136
1137
1138
1140
1140,1240
1142,2229
1143
1144
1145
1145
1147
1140,1183
1140,1787
1149,1150,1151
1152
1152,1852
1155,1158,1160
1154
1156
1157
1159
1161
1162
1163
1164
1165
1166
1167
1168
1169
1170
1171
1172
1173
1174
1175
1177
1178
1179
1177,1178
1183
1183,1824
900,1184
1181,1182,1185
1186
1186,2666
1187
1189
1188,1722
1191
1195,2010
1195
1196
1198
1202
1203
1205
1206
1208
1209,1563
1213
1214
868,958,1225,1226,1393,1477,1479,1541,1607,1871,2047,2049,2063,2379,2641,2787
1216
1217
1218
1177,1218
1178,1218
1219
1223
85,113,551
551,2073
85,551
396
1227
741,1227
1207,1212
48,1224,1228
1211
1230
1231
1232
1233
1234
1740
1238
1239
1240
1241
1242,1245
1243,1246
1244,1247
1248
1249
1250,1251
336,1235
1140,1235,1435
1183,1235
1181,1182,1185,1235
1235,1305
1235,1786
1235,2281
1252
1254
1255
1256
1257
1258
850,1267,1790
1269
1270
1271
1272
1274,1275,1276,1277
1278
1279
1280,1281,1282,1283
2219,2374,2781
1035,1285
1286
1287,1540
1289,1290,1291
1288,1292
1392,1540
1293
1294,1295,1298,1299
1296,1537,1701
1300
1301
1302
1303
1304
1305
184,906,1758
1305,1306
1307
1308,1498
264,1309
1310
1305,1737
1311
1312
1313
1314
1315
1316
1317
1318
1321,2011
1319,1320,1325,1326,1327,1328,1330,1331,1332,1338,1339,1340
1322,2012
1323,2013
1329
1324,2014
361,497,1148,1297,1426
316,1334
856,1334
858,1334
859,1334
1206,1334
1333,1336,1337
1342,1344
1342,1343
1345
382,1346,1350,1351
1347,2083
1348
1349
1349,2580
1352
1135,1352
1352,1419
1354
1354
1357
372,1358
373,1358
422,1483,1484,2133,2136,2165,2182,2184,2190,2209,2213,2215,2216,2250,2251,2252,2253,2254,2355,2372,2753,2808,2809
1361
1364
1365
1366
2228,2794
1368
1368
474,1370
1368
986,1369
1371
1369,1415
993,1370
1372
1373
1373,1538
1374
1375
1376
287,2380
286,1135,1417,2380
2183,2380
70,1416,2183,2380
70,1416,2183,2380
1388
1623,1624
1270,1271
36,1268,1377,1378,1379,1380,1381,1382,1383,1384,1394,1395,1396,1474,1520,1527,1669,1831
1259,1260
1397
1397
1399
1400
1401
526,1402
605,611
1405,1882
613,635
636,1406
776,1407
1407,1883
14,1854
279,317
278,317
364,443,476,544,548,569,1273,1375,1554,1794,1860
1410,1412
1413
1415
1416
1417
1420
1421
1422
1423
1423,1692
1424
1033
1427
1428
2171,2178,2397
1428,1429
1430
2298,2306,2804
2301,2309,2805
1431,1433
1435
1435,1447
1435,1446
1436,2565
1438
1439
1442
1443
1444
1445
1446
1447
1447,2070
1452,1453
1450,1455
1454,1458
162
63,1458
343,416,483,486,489,492,722,1039,1358,2499,2500,2501,2502,2503,2504,2505,2506,2507,2508,2509,2510,2511
202,204,208,762,1116,1497,2086,2087,2856
1449,2660
1456
190,887,958,1215,1489,1541,2047,2048,2063,2315,2641
960,1391
1458
1458,1460
1460
1462
1463
1446,2036
1485,1486,1487
1465,1466
1467,2166
779,1446,1469
1469,1470
1469
2122,2277,2682,2771,2798,2839
1475
1103,1475
1476
1476,2292
1318,1476
1477
1478
1479
460,542,1536,1745
1481
1482
1488
1488,1877
1489
1490
1491,1515
1493
1493,2581
1495
1493,1496
1498
1500,1501
1499
1502
2485,2486,2487
1506,1680
1506,2623
781,1507
1508
529,597
530,2461
911,2206
759,1512
1485,1486,1487
1513
1196,1513
1514
102,1514
1514,1837
1514,2008
1190
1498,1515
763,1516
806,1516
1517
1518
763,1518
806,1518
2558
2568,2569
806,1524
1526
1528
806,1530
0,1531
1521,1531
1531,2541
806,1529
1180,1522,2377,2446
1153,1180,1522,2377
1522,2377,2446,2586
2,1533,2369
1533,2369,2696
1153,1180,1522,1534
1180,1522,1534,2446
1522,1534,2446,2586
1535
850,1267,1537,1701,1790
1537,1701
1538
1541
1542
1542,2699
1543
1544
1545
1546
1547
1548
443,1550
364,395,1555,2172
880,1557,1566,1808
880,1557,1566,1808
1557,2173
1556,1807
453,1559
439,1558,2423
2759,2760,2762,2763
2759,2761,2762,2763
1560,1836,1839
1562
1566
1567
1087,1625
816,820,1143,1278,1352,1413,1421,1424
1089,1568
1569,1571
1570,1572
2390,2754
1573
1602
1622,2638
2402,2405,2414
869,958,1215,1477,1541,1607,2047,2048,2063,2641,2787
2371,2751,2771
958,1215,1477,1541,1607,2047,2048,2063,2362,2367,2641,2854
958,1215,1477,1541,1607,2047,2048,2063,2366,2641,2843
958,1215,1477,1541,1607,2047,2048,2063,2362,2367,2641,2853
958,1215,1477,1541,1607,2047,2048,2063,2363,2367,2641,2844
958,1215,1477,1541,1607,2047,2048,2063,2363,2367,2641,2844,2852
958,1215,1477,1541,1607,2047,2048,2063,2363,2641,2842,2848
958,1215,1477,1541,1607,2047,2048,2063,2315,2641
190,887,1489,1610
958,1215,1477,1541,1607,2047,2048,2063,2364,2641,2843
958,1215,1477,1541,1607,2047,2048,2063,2365,2641
958,1215,1477,1541,1607,2047,2048,2063,2364,2641,2848
958,1215,1477,1541,1607,2047,2048,2063,2391,2641
870,958,1215,1477,1541,1607,2047,2048,2063,2641
958,1215,1477,1541,1607,2047,2048,2063,2363,2367,2641,2854
1367,1613
763,1524
763,1524
1526,1617
324,844,846,889
454,456
407,1614
1618,1619
1615,2088
1525,1616
1391,1617
872,1541
1541
988,1354
988,1354
1525,1620
813,814,815,816,817,818,819,820,1352,1413,1421,1424
1626
1626,1814
1627
367,1627
1628
1628,1673
1629
1562,1629
1630
1631
1632
1141,1636,2010,2187
27,1633
27,1633,2230
27,1633,2231
1634
2249,2426,2772
1634,1635
905,1639,2274
27,1637,2230
1638,2274
27,1637,2229
1637,2229
27,1637,2231
1639,2274
1640
1641,1668
1608,2328
1608,2327
1642,1665
1558,1646
1609,1643
1644,1646
1608,2324
1609,1645
1608,2327
1646,1651
1609,1647
1648
1608,1648
1608,1649
1608,1650
1608,1652
1657,1658
1655
98,418,1661
920,1656
1653,1659
1608,2326
1609,1657
1608,2328
1558,1658
1609,1660
1658,1665
1609,1661
1608,1662
1608,1663
1608,1664
1608,1666
1667
421,1671,1755,2040
1673
1675
1639,1674
780,1263,1266
97,722,1358,1797,1800,1803,2499,2500,2502,2503,2504,2505,2506,2507,2508,2509,2510,2511
1680
1681,1683
1670,1684
1403,1685
1686
1687
423,1687
1687,2255
1688
1689
1692
1693,2774
1695
1696
1697
1698
1699
1702
1703
1704
1705
1715,1716
1712,1718
1712,1717
1235,1714
1718
342,343,483,486,489,492,722,1039,1358,2499,2500,2502,2503,2505,2506,2508,2509,2510,2511
1718,1719
1719,2628
1720
1721
1722
1721,1723
1712,1718,1721,1723
1725
16,1725
1398,1725
1729,1732
1730,1733
1731,1734
1736
902,1736
1741
1742,2327
1739
1741
1741
1738,1900
1746,1749
1746,1749,1750
1751
1752
1752,1754
1517,2766
180,1641,1668
813,1143,1278,1352,1413,1421,1424
814,1143,1278,1352,1413,1421,1424
815,1143,1278,1352,1413,1421,1424
816,1143,1278,1352,1413,1421,1424
817,1143,1278,1352,1413,1421,1424
818,1143,1278,1352,1413,1421,1424
819,1143,1278,1352,1413,1421,1424
820,1143,1278,1352,1413,1421,1424
163,1389
402,1640
1760
1100,1101,2119,2131,2239,2282,2368
1639,1761
1639,2282
1762
1694,2322
738,1102,1117,1709,2094
1765
1766
1767
1768
1769
1176,1765,1770
1787
1688,1788
2120,2225
1787,2724
1787,2408
1794
795,796,797
1771,1772,1773,1774,1775,1776,1777,1778,1779,1780,1781,1782,1783,1784,1785,1793
799,800
259,524,525,801,802,803,804,805
1810
1810,2010
1811
54,105,170,811,1119,1404,1756,1866,2389
1812,1814
1814
1639,1813
255,1655
1816
1655,1817
1819
2170,2381
1819,1820
1821,1823
1822,2085
1824
33,1824
1844,1845
1836
1235,1836
1837
1838
1840
1843
1846
1850
1850,2185
1851
1140,1851
1853
1854
1305,1854
1855
2132,2764,2802
1858
364,443,884,1273,1554,1860
364,884,1554,1860,2693,2694
364,443,884,1554,1860,2694
364,443,476,545,548,569,1273,1375,1554,1794,1860
1409,1858
1840,1841,1842
1853,1854
1868
1869
110,918
549
2275,2276
1873
1874
1873,1875
1874,1876
1197
1427,1735,2222,2356
107,203,459,1427,1735,2312,2683
107,203,459,1427,1735,2222,2312,2351,2356,2394
104,107,203,253,254,459,1427,1735,2222
104,107,203,1427,2683
1884
1884,2727
1885
1885,2727
1899
1901
1902
1903
1904
1905
1906
1907
1908
1909
1910
1911
1912
1913
1914
1915
1916
1917
1918
1919
1920
1921
1922
1923
1924
1925
1926
1927
1928
1929
1930
1931
1932
1933
1934
1935
1936
1937
1938
1939
1940
1941
1942
1943
1944
1945
1946
1947
1948
1949
1950
1951
1952
1953
1954,1956
1956
1957
1958
1959
1960
1961
1963
1964
1965
1966
1967
1968
1969
1971
1972
1973
1974
1975
1976
1977
1978
1979
1980
1982
1983
1984
1985
1986
1987
1988
1989
1990
1991
1992
1993
1994
1995
1996
1997
1998
1999
2000
2001
2002
2003
2004
2005
2006
2007
201,1457,1461,2007
1398,2007
1593,1886,1887,1888,1889,1890,1891,1892,1893,1894,1895,1896,1897,1898
2009
2009
428,2008
429,2008
430,2008
1341,2008
2015
2018
227,228,229,2016
2019
2020
2021
2022
2023
2024
2025
2026
2027
2028
2029
2030
2031
2032
2033
2034
2035,2037,2038
2039
2116,2137,2164,2684,2743
2042
2041,2043
2046
2047
2048
2055
2060
2062
79,2047
408,2047
1413,1421,1424
1143,1145,1278,1352,1368,1413,1421,1424
868,958,1225,1226,1393,1477,1479,1541,1607,2047,2048,2063,2380,2641,2787
531,533,1272,1430,2068
300,868,958,1225,1226,1393,1477,1479,1541,1607,2047,2049,2063,2379,2641,2787
295,868,958,1225,1226,1393,1477,1479,1541,1607,2047,2049,2063,2379,2641,2787
290,868,958,1225,1226,1393,1477,1479,1541,1607,2047,2049,2063,2379,2641,2787
291,868,958,1225,1226,1393,1477,1479,1541,1607,2047,2049,2063,2379,2641,2787
282,868,958,1225,1226,1393,1477,1479,1541,1607,2047,2049,2063,2379,2641,2787
293,868,958,1225,1226,1393,1477,1479,1541,1607,2047,2049,2063,2379,2641,2787
294,868,958,1225,1226,1393,1477,1479,1541,1607,2047,2049,2063,2379,2641,2787
960,1087
332,2060,2061,2064
237,1689,2062
1236,2069
37,234,383,1264,1265,2074
310,2610,2617
85,746,2072
2078,2079,2080
739,1249
2081,2527
2081,2703
1519,2082
189,1446,1519,2071
2085
2088
1105,2089
2091,2093
2097
2104
1648,2104
2104,2328
2108
2109
1153,1180,1522,2636
1180,1522,2446,2636
1522,2446,2586,2636
170,1119,2389
2120
2123
2135
2139
2140,2143
1374,2141,2278,2279,2280
794,1748,2141
2108,2142
2144
2145,2148
1374,2146,2278,2279,2280
794,1753,2146
794,1753,2146
2108,2147
2149
241,2150
2108,2151
240,794
2152
243,2153
2108,2154
242,760,1748
2155
245,2156
1374,2157
2108,2158
244,794,1747
2159
247,2160
2108,2161
246,794,1748
249,252
251,2108
250,794,1752
2166
1466,2166
995,1352
395,1552,2174
2176
2111,2212,2217,2218,2425
1531,2268
2181
187,886
2185
2186
2196
2196,2310,2672
2196,2310,2674
199,348,376,600,602,1834,2106
197,347,375,598,599,2105
709,711,713,715,2076
708,710,712,714,2075
200,349,377,601,603,1835,2107
2429,2430,2431,2432,2445
2200
2201
2202
2203
2204
2096,2211
2214
2220
2221
2224,2547
1742,2327
1742,2347
1235,2328
2235
187,2235
496,2235
1442,2235
1814,2235
2236
2237
2236,2237
1432,1434
1041,1043,1045,1053,1068,1070
1040,1042,1044,1052,1067,1069
562,2244
2242,2244
2243
562,2243,2244
563,2242,2244
6,2246
2245
6,388,2247
2248
2255
2256
2258,2259
1919,1920,2260,2263
2260,2263,2267
2264,2266
2084,2303
2274
39,2274
2278
2279
2280
2281
210,215,216,217,218,219,220,224,225,226,2017
1153,1180,1522,2283
1180,1522,2283,2446
1522,2283,2446,2586
2284
2285
2286
1087,1089
1087,1089
2293
2096,2294
1055,1057,1060,1066,1073,1075,1078,1080,1083
1054,1056,1059,1065,1072,1074,1077,1079,1082
1048,1058,1062,1084
53,105,170,354,394,1119,1756,1866,2389
2108,2310
2319
353,2319
2320
22,1763
2337,2338,2339,2340,2341,2342,2343,2344
2337,2338,2339,2340,2341,2342,2343,2344
2323
2324
2325
2326
2327
2329,2330,2331,2332,2333,2334,2335,2336
2328
2329,2330,2331,2332,2333,2334,2335,2336
2329
2330
2331
2332
2336
1608,2345
1608,2346
2347
1608,2347
1608,2348
1608,2349
1608,2350
207,535,772,1032,2045
206,534,771,1031,2044
2437,2441,2442,2443,2444
211,212,213,214,221,222,223,230
1248,2008
81,2008
299,2008
1153,1180,1522,1532
1180,1522,1532,2446
1522,1532,2446,2586
1531,2268,2570
1531,2268,2559
2380
2383
2384
2385
2386
2387
2396
2705,2720
2706,2721
2707,2722
2399,2725
3,2723
417,2724
2726
1535,2401
2046,2727
2399,2727
2709,2728
2710,2729
2711,2730
1472,2403
2403,2406
2404,2408
2712,2731
2713,2732
2714,2733
2716,2734
2409,2415
2410,2415,2723
2400,2411
2412,2724
2401,2413
2717,2735
1152,2415
2718,2736
2416
2417
1391,1621
2419
2420
2421
2424
2427
2428
1448,2433
2438,2439,2440
781,2433
1713,2436
2434,2435
781,2436
1448,2436
1713,2433
2447,2554,2556
2456
2457
1504
782,2458
1459,2459
781,2458
1469,2458
1680,2458
2458,2623
781,2460
2458,2632
778,2466,2614
1458,2472
778,1493,2466,2614
1720,2467
2467,2581
2468,2473,2474
778,2469
757,2470
778,1705,2469
2470,2614
1460,2471
1493,2471
469,2476
782,2477
1459,2478
781,2477
1469,2477
1680,2477
2477,2623
781,2479
469,2481
469,2480
782,2483
1459,2484
781,2483
1469,2482
469,2488
1469,2489
469,2491
781,2492
1125,2491
1680,2493
1125,2490
2493,2623
781,2494
97,343,416,483,486,489,492,495,722,1039,1201,1358,1728,1797,1800,1803,1827,1830
2512,2513,2514
1210,1564
2515
2516
2524,2525,2532,2534,2539,2576,2601
1153,1180,1522,2526
1180,1522,2446,2526
1522,2446,2526,2586
2528
1363,2613
1459,2529
2475
1680,2530
2530,2623
781,2531
1460,2199
1458,2533
1085,2577,2618
1085,2582,2618
781,2660
2535,2536,2537,2538
2456,2631
45,2108
1437,2542
2544
934,2544
950,2544
2545
2546
335,932,2548
2549
2550
2551
2552
2555
2557
2560
2561
2562
2563
1447,2564
2566
2567
2095,2571
2572
2553,2573
2574
2575
2582
2625,2626
319,2580
2625,2626
2583
2585,2586
2590,2591
2587
2594
2588,2589
2592
2593,2596,2597
2595
2598
2599
2600
2462,2463,2464,2465
2450,2451,2452,2453,2454,2455
1460,2608
538,541,775,1708
780,2606
757,2607
1705,2607
2607,2614
1458,2605
2581,2606
968,2615
189,1446,1519,2609
189,1446,1519,2616
2619
1460,2669
2621
2627,2629
2628
763,2353
806,2353
1,2633
1523,2634
1440,2637
2635,2695
1533,2369
2661,2662,2663
2643,2644,2645,2647,2654,2655
2640,2648,2649,2651,2653,2656,2657,2658,2659
2642,2646,2650,2652
2664
2665
2665
2667
1458,2620
785,2668
784,2668
65,2675
2671
68,2675
2673
2676
65,2677
68,2677
388,2670
2678
2679
2689
2692
2448,2584
528,596
2699
2704
2704
2706
2707
2708
2713
2714
2715
2716
2717
2718
2719
2721
2722
2723
2724
2725
2726
2727
2732
2733
2734
2735
2736
1915,1969
2752
2755
1040,1046,1047,1048,1049,1050,1051,1058,1061,1062,1063,1064,1071,1076,1081
2755,2757
2765
1208,2765
2766
2773
2780
2787
2788
2795
1861,1864
1863,2108
761,767,1862
2806
2807
2810
2811
2811
2812
2685,2686,2687,2744,2745,2746,2747
92,106,1385,2117,2162,2179,2194,2234,2318
2814,2818
1091,1848,2191,2270,2313,2316,2356,2769,2789
2125,2222,2356
2125,2191,2683
93,1386,2118,2163,2180,2195
1092,1849,2192,2271,2314,2358,2770
2127,2193,2359
2815,2819
2816,2827
2817,2820
2168,2690,2699,2739,2775,2782,2790
2128,2168,2207,2289,2312,2351,2393,2699,2748,2775,2782
2128,2207,2289,2312,2351,2393,2394,2699,2748,2755,2775,2782
2169,2691,2701,2740,2777,2785,2791
2208,2290,2352,2392,2700,2749,2776,2783
2291,2702,2741,2750,2756,2778,2784
2821,2824
2822,2825
2823,2826
2126,2223,2357
2008,2829
502,2008,2829
1670,2830
2828
868,958,1215,1393,1477,1479,1541,1607,2047,2048,2063,2641,2787
1352,2832
813,814,815,816,817,818,819,820
1216,2067,2831
2833
2834
2088,2837
1413,1421,1424,2831
1143,2835
1278,2836
1143,1278,1352,1413,1421,1424,2832
190,887,1215,1489,1541,2047,2048,2063,2641,2841
1093,2090
190,887,1215,1489,1541,2047,2049,2063,2641
1030,2845
2543,2846
1789,2846
1788,2846
836,1144,1147,1253,1353,1371,1372,1414,1422,1425
2859